# R wave intervals in milliseconds per line
# start time: 2016-09-06-16:55:07, 1473195307.08
862
880
808
778
782
770
742
740
736
772
800
776
758
798
808
802
748
736
762
772
764
784
814
818
818
800
828
848
788
756
764
782
756
736
776
772
760
782
796
756
768
782
734
710
702
700
716
708
720
770
800
772
812
734
722
720
728
724
708
690
678
700
730
744
772
832
910
928
892
876
826
752
752
690
698
710
760
780
800
890
886
900
866
822
840
844
786
790
802
758
756
750
736
714
706
690
696
706
724
742
746
712
716
742
712
734
760
770
738
718
734
760
756
750
784
784
798
740
738
750
708
712
694
672
692
726
758
774
770
736
718
744
724
714
680
700
684
674
674
680
746
766
798
844
850
870
768
742
690
716
712
722
744
730
728
696
702
708
734
718
754
788
806
802
772
740
764
702
716
706
742
768
752
820
816
762
714
734
746
758
764
768
762
738
752
738
724
766
774
786
856
898
882
864
834
788
762
738
736
712
718
750
808
792
828
842
798
798
768
778
780
788
778
726
738
768
812
790
722
750
760
738
778
836
840
834
774
780
784
772
730
710
712
700
684
684
708
798
932
1058
924
864
838
772
748
706
674
676
650
694
778
876
1046
996
880
864
836
816
808
792
742
732
752
802
846
860
880
898
908
818
786
792
794
820
768
750
782
812
850
834
790
790
788
802
790
790
736
742
766
772
790
826
876
912
906
886
892
866
834
828
774
790
794
812
808
826
826
844
806
828
822
774
774
790
818
824
828
838
846
836
854
816
804
820
848
758
746
768
780
760
800
794
800
842
878
846
818
816
762
776
780
756
738
750
780
748
734
774
832
828
814
836
810
788
782
756
760
726
754
718
710
732
736
714
702
700
730
742
730
756
770
800
766
760
816
814
770
778
794
802
770
780
762
772
842
834
866
886
884
828
808
810
762
752
770
808
802
792
830
844
842
856
864
840
776
762
786
792
772
762
810
782
802
824
840
836
862
870
822
812
800
770
748
778
792
822
798
846
898
860
842
806
776
836
842
858
850
794
802
806
764
712
716
744
830
894
896
930
904
858
864
780
772
784
764
748
776
798
790
822
854
844
802
782
806
800
808
784
800
806
776
840
844
854
822
858
862
796
798
818
790
764
732
722
726
726
764
810
780
820
828
806
768
754
754
748
750
738
706
726
724
730
796
782
796
816
816
782
788
816
792
784
778
748
736
748
766
750
790
830
898
848
848
860
798
808
820
804
780
800
778
718
730
720
710
698
698
718
730
792
830
818
804
798
780
756
736
746
778
780
844
896
940
858
834
856
798
782
774
762
710
686
672
656
646
666
690
724
806
904
930
888
870
856
778
768
800
774
760
812
802
792
766
830
860
842
830
868
858
804
832
872
832
808
832
886
834
838
814
786
772
816
862
836
854
906
890
824
834
806
816
860
812
822
868
834
832
810
876
828
814
856
844
830
890
858
830
850
850
814
864
866
812
748
742
738
752
782
758
748
774
788
804
790
760
718
716
734
764
766
812
878
864
820
858
800
784
812
830
808
778
780
774
768
800
856
872
834
858
820
786
794
802
784
750
716
712
694
678
732
784
788
762
752
732
722
760
808
796
776
768
740
728
758
788
804
794
856
842
834
830
842
780
774
792
774
778
792
796
748
738
748
790
804
796
828
842
786
788
822
800
770
788
786
776
774
814
848
814
828
846
846
768
742
720
680
672
650
648
666
658
640
650
704
750
800
784
756
720
744
760
682
736
722
696
696
706
732
706
684
682
682
700
710
756
760
758
772
800
806
748
742
754
736
746
768
832
780
822
886
878
832
820
820
786
766
774
778
760
766
796
850
824
772
804
826
760
766
738
704
702
720
716
740
792
838
776
782
818
794
784
822
844
800
804
842
806
792
786
804
798
776
786
780
746
736
756
756
748
784
802
778
742
744
740
722
710
722
774
770
794
816
830
780
796
808
770
746
742
740
718
714
730
748
750
764
772
820
790
756
762
762
748
728
744
768
742
742
742
746
736
734
766
726
710
700
686
678
684
704
752
754
736
738
742
714
712
710
720
718
738
792
758
756
750
768
770
756
796
860
770
746
750
752
718
722
730
754
736
746
764
780
786
786
796
790
748
724
754
784
756
758
736
714
716
698
646
684
648
656
658
674
654
666
666
646
654
680
678
676
708
762
702
690
660
660
664
770
828
882
962
956
904
918
870
744
740
758
736
726
732
776
860
872
828
782
842
874
910
860
858
832
792
784
802
810
800
832
888
872
858
890
906
822
808
868
818
814
874
772
744
720
748
750
738
760
772
774
788
782
750
764
758
732
742
768
738
726
754
824
778
812
922
1006
932
922
878
778
774
756
752
758
782
812
828
830
856
818
796
814
776
748
762
706
702
704
740
774
780
778
768
746
750
728
704
726
754
776
868
932
982
924
820
780
732
722
746
820
814
822
850
850
826
860
828
774
736
722
642
674
688
640
640
632
652
818
888
824
766
758
756
776
786
808
756
792
854
882
810
790
808
812
868
856
804
764
760
720
706
734
806
906
910
832
828
808
872
896
874
834
846
882
850
906
884
996
878
780
748
728
706
694
752
772
848
920
894
850
826
776
776
726
720
702
712
724
708
764
848
1082
998
930
868
788
744
680
698
696
694
698
722
728
762
688
728
770
878
838
786
770
764
706
714
726
754
758
786
752
738
774
808
784
722
688
688
714
726
792
768
838
824
830
786
806
796
764
738
806
872
882
864
902
802
794
824
810
758
764
774
800
844
832
842
772
804
744
760
788
790
808
798
780
716
722
724
726
782
834
822
840
840
834
744
752
738
776
800
786
814
820
802
740
746
792
768
766
904
880
954
918
846
784
728
712
736
734
726
738
734
734
750
800
736
742
762
698
738
742
772
812
822
810
798
768
756
746
748
716
732
736
794
820
820
788
796
732
750
676
692
696
706
756
844
824
718
734
732
736
748
806
830
808
784
772
760
760
734
730
704
686
710
794
968
1000
976
1016
992
850
760
762
744
738
796
768
706
732
1016
888
864
850
772
742
756
738
746
740
730
748
752
834
822
842
776
778
772
778
750
736
734
738
718
720
740
738
754
828
796
836
836
880
772
764
722
750
718
706
712
736
812
774
794
814
788
774
796
762
744
770
782
754
806
822
762
750
818
812
774
822
848
842
796
756
736
764
778
754
770
856
856
830
894
904
842
862
826
774
792
808
770
756
776
750
736
800
846
870
912
934
862
800
738
716
708
692
720
748
748
822
808
838
808
790
826
834
776
804
826
782
800
820
796
782
812
824
816
836
902
900
818
806
802
738
732
740
804
746
700
744
762
814
820
782
778
776
770
736
742
760
742
752
780
768
784
770
760
760
766
772
792
838
796
784
830
836
800
766
778
758
738
758
796
770
754
796
790
782
728
712
706
670
682
676
676
654
656
666
676
780
772
792
860
850
796
826
846
884
896
800
772
808
784
758
778
856
788
764
726
724
722
740
738
788
802
744
790
788
750
760
760
780
842
908
962
866
870
824
818
910
994
954
864
872
818
808
826
830
824
820
814
848
832
914
940
936
892
930
868
814
790
866
942
966
876
944
854
874
830
856
852
782
772
832
820
844
794
760
818
802
756
730
758
772
824
872
792
868
918
894
822
858
840
816
784
810
816
842
828
790
770
812
778
838
858
872
872
914
868
806
692
730
726
696
718
720
754
714
706
678
684
710
736
736
746
714
684
702
694
716
726
748
730
708
736
766
790
864
862
836
752
742
766
760
736
736
790
864
872
864
888
830
818
816
752
766
770
742
716
756
822
894
870
924
888
824
782
796
740
740
772
828
822
846
894
866
824
830
830
804
788
804
820
764
794
790
704
686
684
712
746
764
862
886
872
830
814
778
758
790
794
786
844
924
868
872
850
782
802
808
746
758
818
820
806
802
856
810
818
786
786
796
774
796
932
916
872
912
864
766
742
738
710
710
736
718
742
762
846
776
842
826
780
760
826
782
762
794
770
776
798
834
780
810
808
776
732
756
752
734
774
810
826
838
814
798
768
764
760
728
736
710
702
720
770
794
772
792
812
762
752
760
798
754
782
760
764
710
734
750
772
748
782
806
826
808
764
756
778
740
752
848
938
896
874
906
784
758
760
766
752
766
732
720
728
704
692
700
722
726
684
680
676
652
674
670
686
658
652
666
672
692
652
688
690
734
796
778
788
812
874
794
798
790
754
704
738
718
678
710
614
1372
824
1618
1232
740
506
912
904
852
830
812
870
1000
1032
910
846
792
764
854
884
966
962
944
880
824
808
806
844
788
820
854
804
816
838
854
818
798
816
828
810
860
844
802
802
838
878
786
818
878
858
824
854
848
850
778
796
788
814
772
756
780
758
746
754
850
838
860
750
714
670
690
654
606
630
642
604
618
626
638
648
682
672
662
674
674
702
668
666
672
662
676
698
774
802
812
846
872
790
816
808
776
774
770
780
756
800
898
912
932
956
962
842
818
822
772
760
776
850
848
810
860
866
772
794
810
826
800
860
766
676
718
704
720
712
770
888
894
874
916
912
836
860
876
820
790
776
742
688
706
720
754
764
784
734
744
744
738
708
734
766
844
868
888
958
884
820
852
846
798
784
816
836
764
768
770
800
790
804
892
826
882
842
796
754
782
798
780
750
798
850
824
806
964
924
866
782
812
804
792
764
824
872
790
794
836
726
726
692
716
734
774
720
750
738
812
826
756
718
694
680
672
680
694
736
742
752
810
908
828
848
874
810
820
810
864
788
776
812
860
800
778
794
822
788
782
854
774
732
736
638
676
660
660
658
682
734
796
726
760
842
838
836
786
794
800
754
706
708
744
778
756
836
816
796
814
864
750
746
734
724
714
762
770
808
814
812
782
760
770
782
794
772
860
836
868
814
814
806
776
746
810
836
820
792
748
760
768
762
746
784
868
828
840
780
786
804
792
796
856
828
778
800
800
770
760
708
762
730
776
792
774
838
838
764
732
706
696
666
692
842
894
908
948
918
842
810
836
840
806
832
860
828
796
852
842
734
740
720
690
724
782
794
788
852
812
808
788
794
756
768
806
834
838
886
944
804
760
812
794
822
958
966
904
872
822
790
812
804
814
858
790
806
874
846
856
842
806
794
864
918
902
912
920
816
738
740
726
714
686
650
648
664
636
660
664
666
686
704
744
748
736
750
764
762
834
814
808
778
784
782
774
746
780
664
706
680
694
718
726
738
694
700
712
738
726
730
732
748
718
722
744
726
688
690
672
674
734
818
774
884
936
864
814
650
604
756
880
810
812
864
912
842
838
808
736
714
704
682
686
696
808
786
800
900
964
936
934
904
804
772
756
766
744
744
806
924
870
1036
1036
840
572
684
686
1718
1152
692
514
558
532
586
602
584
594
586
566
602
602
612
604
598
606
628
630
662
662
612
620
714
720
732
682
690
1234
740
526
602
588
560
684
512
630
706
764
752
700
670
872
1104
662
788
734
866
652
582
886
530
504
532
1604
998
1098
1116
568
582
554
562
564
582
572
560
558
568
562
528
564
528
550
532
542
556
538
564
580
518
1150
692
870
794
716
570
800
704
868
732
616
526
514
542
510
540
554
584
584
554
572
614
648
620
664
676
654
626
650
664
642
620
624
606
626
642
636
602
610
642
648
590
620
598
584
564
588
646
668
650
708
766
696
680
700
708
730
# end time: 2016-09-06-17:27:45, 1473197265.7
