# R wave intervals in milliseconds per line
# start time: 2016-09-06-16:26:28, 1473193588.84
784
794
838
794
778
808
882
802
832
824
790
832
834
772
752
786
794
806
836
904
838
822
850
786
792
828
850
906
922
824
816
790
774
846
870
802
734
704
710
702
716
746
750
768
758
770
734
772
788
746
762
766
756
740
734
772
754
768
714
716
724
712
682
676
696
714
732
796
830
804
778
736
722
666
680
692
734
864
964
944
990
968
890
792
740
756
750
790
824
872
830
864
806
796
812
784
740
736
788
818
754
762
776
762
742
780
788
752
748
782
714
706
672
684
684
736
852
868
912
894
838
816
862
864
936
1012
902
886
874
868
872
956
1058
1052
1062
1014
942
962
970
928
916
846
770
784
884
886
1020
1070
1002
1016
970
858
864
898
836
876
998
1000
1018
988
920
908
830
828
894
882
858
944
936
882
916
870
810
874
860
804
914
996
898
944
934
850
900
918
856
850
850
824
804
810
802
778
816
846
832
778
774
778
762
758
748
708
708
754
778
738
746
708
694
698
694
636
650
644
668
626
634
690
772
744
728
732
722
772
792
516
560
508
898
634
702
516
536
520
502
546
534
512
510
506
514
506
994
990
502
976
970
558
808
656
580
800
922
954
950
962
964
514
502
1000
508
526
524
542
552
552
572
574
604
562
542
542
530
530
536
514
530
994
512
532
528
520
518
536
524
506
522
520
506
518
512
506
510
996
990
504
970
952
944
964
968
930
504
606
786
540
908
948
938
990
908
530
918
920
920
530
834
504
904
934
910
936
906
868
910
858
530
876
934
914
932
920
948
926
946
926
922
930
936
936
950
960
960
984
964
974
964
974
962
990
990
518
508
998
504
502
980
996
504
508
522
534
530
528
548
538
512
528
542
528
520
522
540
558
568
544
526
542
562
564
536
556
564
536
536
560
594
582
572
598
600
590
610
634
644
628
678
706
682
714
706
652
680
666
644
654
678
682
666
704
698
674
758
824
746
768
696
642
600
618
646
698
680
716
776
714
706
686
666
686
652
642
630
666
714
678
660
674
710
706
664
666
652
634
622
632
642
638
668
718
728
776
714
698
690
644
612
612
632
662
672
738
770
742
774
736
710
734
714
712
748
728
724
770
758
728
768
746
720
732
724
706
744
754
750
782
728
734
712
662
650
666
658
664
678
720
750
762
722
674
646
642
632
624
600
610
674
780
840
860
736
704
718
738
744
754
736
712
744
752
746
802
910
818
812
788
762
728
740
734
736
784
858
864
806
784
730
718
756
756
790
834
868
814
856
792
762
752
730
730
726
736
728
740
756
760
760
814
774
756
770
772
740
736
750
728
718
716
698
676
676
708
768
786
782
806
790
748
752
752
732
722
752
786
812
900
900
822
844
828
780
800
818
774
766
792
782
776
836
816
770
776
782
756
750
758
768
754
760
754
770
752
724
714
736
728
714
710
726
698
698
722
780
756
750
748
742
734
738
710
704
646
644
674
634
638
662
632
640
632
636
612
618
622
628
634
632
620
622
628
618
622
630
634
634
678
716
714
764
774
750
790
792
760
764
762
716
714
728
752
778
776
744
698
706
708
712
716
730
718
722
732
794
768
746
794
758
764
784
764
768
796
794
770
788
778
780
816
824
774
754
752
748
724
698
718
750
762
750
760
784
762
786
758
722
742
722
716
726
720
712
744
784
830
914
804
774
792
810
744
736
738
738
810
848
816
896
830
776
724
706
684
700
696
684
692
740
784
758
866
884
828
770
754
762
750
732
772
790
808
874
898
818
816
808
774
736
748
758
762
760
732
762
812
768
774
772
734
762
746
744
774
782
806
870
830
754
736
714
704
728
726
752
808
816
788
800
778
748
770
766
774
798
754
772
748
714
706
730
744
766
810
816
792
820
806
774
780
808
768
744
748
756
754
762
726
710
716
722
716
732
776
814
792
780
798
730
716
714
720
710
700
732
698
820
806
872
864
774
782
790
742
718
724
738
724
708
734
674
718
664
666
668
708
758
778
768
762
730
704
700
724
698
712
744
810
768
826
876
876
776
738
778
760
726
706
698
732
738
742
708
692
724
750
780
770
812
788
772
802
818
776
774
758
730
736
714
702
702
736
768
770
774
796
830
812
762
746
746
736
722
694
692
718
754
766
816
772
804
794
770
746
774
862
818
812
844
840
826
826
822
788
802
790
772
780
790
780
794
852
794
778
814
798
820
826
776
782
806
790
870
904
856
858
870
814
752
766
784
760
762
774
768
816
862
882
878
802
822
760
784
776
744
748
728
726
756
794
822
810
814
794
750
732
734
730
742
760
774
778
844
850
818
830
830
784
768
764
742
728
738
754
784
846
860
830
816
822
824
806
836
822
778
780
800
778
818
818
840
798
814
774
736
746
704
674
674
730
866
878
842
834
834
812
766
782
796
772
808
824
796
814
792
766
792
822
828
792
836
870
840
794
790
794
830
800
762
798
818
814
864
846
814
860
838
800
822
806
816
830
788
764
780
790
814
896
798
808
818
780
778
812
758
732
766
760
774
776
746
764
782
762
744
752
752
744
730
744
744
766
844
836
854
830
796
790
766
744
748
754
760
742
750
750
722
704
696
734
776
832
822
802
824
816
798
808
806
758
772
810
798
822
848
810
840
828
814
830
766
744
744
742
714
702
720
748
758
868
842
878
866
796
798
810
760
778
766
786
784
760
784
786
788
814
772
770
816
770
760
772
784
752
780
836
832
818
834
814
786
814
782
760
788
838
788
786
848
824
824
836
848
810
834
812
788
764
790
810
784
776
834
874
822
812
844
802
764
794
788
784
800
822
842
778
752
760
772
756
762
760
762
776
830
844
826
836
810
768
784
782
774
754
784
772
782
818
840
834
904
904
842
858
774
750
786
784
788
852
928
856
872
892
820
830
838
788
768
776
762
746
768
772
770
780
776
780
826
842
802
828
812
786
782
736
718
714
704
696
712
762
692
732
750
770
732
764
# end time: 2016-09-06-16:42:58, 1473194578.69
