# R wave intervals in milliseconds per line
# start time: 2016-09-09-16:26:39, 1473452799.25
916
550
924
916
940
914
976
900
770
1034
734
920
856
840
894
920
902
910
842
1922
1154
692
952
806
934
820
928
1770
1066
880
836
896
880
922
864
910
2044
1358
880
798
826
852
924
868
948
890
856
882
880
850
834
820
916
942
948
878
902
830
866
884
806
962
808
942
892
864
922
802
830
846
878
842
856
692
852
802
932
778
896
932
880
876
898
790
768
512
1584
1568
1616
970
1752
1760
1232
742
664
876
532
666
502
898
800
840
854
912
912
884
954
936
884
1742
1046
660
852
614
1590
578
618
542
842
934
842
806
940
756
810
856
884
1570
946
580
708
562
794
842
606
2334
964
578
1612
1158
714
502
506
606
606
868
890
834
870
928
860
834
878
900
834
838
878
916
816
838
1776
1066
640
870
912
804
834
854
852
814
862
862
856
868
858
890
752
822
814
836
858
876
1784
1070
644
1778
1066
640
586
790
824
920
862
816
918
874
826
842
866
852
810
844
862
846
794
542
556
660
618
724
636
878
654
844
780
820
840
1232
1124
674
576
728
738
540
830
836
834
1706
1024
630
876
750
846
832
892
824
800
870
824
840
872
758
888
802
858
794
872
830
782
812
818
818
856
762
848
886
762
836
786
880
788
796
824
822
884
674
838
862
778
822
750
948
616
792
854
780
804
838
750
1386
842
2498
1526
916
678
706
704
742
724
776
708
710
794
764
786
828
846
810
864
878
796
844
826
786
838
842
960
702
1662
998
840
760
894
890
838
826
868
924
894
864
872
962
834
1332
800
820
582
1556
1728
1598
668
948
706
1466
880
1010
706
1462
878
1260
758
1532
1538
1338
802
722
694
758
768
790
808
824
830
816
814
826
788
808
796
794
822
786
750
738
740
722
770
826
776
736
828
780
816
750
838
746
812
696
798
808
768
804
860
782
844
768
856
726
882
700
2396
1510
1454
# end time: 2016-09-09-16:35:14, 1473453314.14
