# R wave intervals in milliseconds per line
# start time: 2016-09-07-15:17:54, 1473275875.0
900
904
972
940
852
878
956
1002
978
976
1004
836
938
950
888
858
796
762
760
622
722
760
882
962
954
934
860
978
976
926
872
852
864
878
886
886
880
850
816
816
754
816
760
858
976
966
974
984
952
920
868
888
852
860
782
784
794
866
906
870
896
908
898
860
796
754
740
658
636
680
726
892
954
950
902
936
934
864
860
852
824
790
758
730
708
1598
1254
838
908
808
846
900
938
918
888
860
828
768
750
730
658
682
788
930
996
932
948
892
850
882
906
838
782
830
864
870
870
858
848
832
740
828
868
950
1026
1044
1024
990
994
958
886
948
948
982
930
834
904
834
896
896
904
904
718
820
828
810
834
812
846
852
834
832
780
760
746
778
806
818
850
874
868
872
768
756
764
698
734
714
696
670
666
638
676
538
704
684
738
978
992
976
984
910
960
926
890
832
758
732
672
654
668
726
750
796
782
802
874
908
734
932
866
916
920
874
874
814
814
788
770
768
758
792
754
708
762
810
844
842
816
814
792
788
784
746
762
766
798
814
836
890
928
906
864
800
820
804
760
720
750
756
744
734
780
756
722
736
718
740
712
738
712
676
704
710
664
632
624
618
656
720
814
766
848
956
992
926
982
958
944
848
774
696
724
758
818
878
968
980
956
926
910
920
924
886
856
886
904
868
922
938
892
952
974
972
850
872
832
826
800
888
882
888
902
892
874
920
942
934
908
842
814
848
826
808
838
850
878
864
868
804
842
886
844
840
870
872
836
766
744
798
798
790
840
810
782
772
752
740
834
982
1012
986
966
970
944
942
908
900
898
860
908
934
934
916
898
844
820
804
802
800
798
770
764
774
782
754
754
744
760
788
776
786
768
744
758
760
752
746
802
856
852
802
774
756
762
750
734
718
722
752
768
760
822
784
722
750
754
734
726
712
734
732
728
760
786
838
830
848
886
902
866
860
850
808
778
802
744
782
844
874
886
844
796
784
776
754
732
754
792
786
824
862
872
834
804
802
780
786
756
744
770
770
798
790
860
910
912
886
894
854
752
706
710
742
774
798
720
654
684
712
760
726
724
716
726
726
714
784
918
956
948
976
934
890
884
846
814
766
760
744
738
746
856
908
884
888
932
918
834
824
838
830
806
834
842
896
970
1108
1060
958
1016
1004
944
928
940
894
816
876
938
952
904
820
812
866
870
812
854
896
856
914
960
940
944
980
956
920
986
980
936
964
982
976
968
1022
1016
926
970
958
930
896
956
962
918
994
996
950
930
962
914
870
870
870
818
848
886
894
884
936
910
874
842
836
798
764
792
792
798
780
752
718
766
806
814
848
834
818
824
858
894
864
866
878
910
868
906
944
896
938
980
954
926
944
922
886
910
902
858
834
852
850
852
868
878
882
866
888
898
864
866
900
910
896
904
818
780
806
808
832
858
854
784
802
826
836
790
844
882
876
880
924
926
936
888
910
880
848
814
814
800
750
712
762
848
880
876
898
914
900
858
862
884
910
886
924
954
902
908
912
898
870
900
906
872
806
832
818
800
802
822
896
860
852
884
906
840
800
834
782
758
742
764
894
906
920
878
864
836
864
742
724
740
742
788
856
882
810
810
770
840
876
830
854
882
822
826
864
750
812
820
818
818
758
726
774
804
802
960
1082
1054
1006
978
938
942
894
882
840
786
772
754
778
850
794
908
1002
1022
992
954
880
936
906
876
836
760
802
814
840
944
970
996
1024
1034
998
988
974
962
868
916
908
922
898
930
964
844
802
860
892
884
936
952
930
874
928
974
944
968
1080
1042
924
982
960
924
930
940
950
878
920
932
818
760
876
958
904
880
932
942
858
860
900
914
880
910
974
916
946
904
854
892
860
820
820
866
884
932
916
830
850
820
772
738
714
708
678
724
792
892
954
984
858
994
1056
1014
968
922
894
844
878
860
818
876
900
870
848
912
908
916
928
972
944
922
916
944
912
908
862
842
866
832
914
1054
1044
988
904
960
926
894
794
822
884
884
948
1016
1004
1062
1046
912
946
942
920
882
774
836
918
998
960
894
970
952
922
930
936
834
840
932
980
916
920
940
892
878
934
932
942
928
834
792
882
870
890
864
844
832
712
780
808
852
926
930
942
1052
1002
948
1032
984
932
892
892
882
840
844
902
914
922
978
956
916
984
1006
990
938
956
970
904
862
904
938
898
908
976
942
844
880
924
930
870
836
790
750
752
824
784
792
842
870
862
850
922
966
938
858
816
966
974
962
878
904
844
824
852
858
848
836
898
908
866
904
932
922
882
900
892
862
824
878
896
882
910
930
900
858
898
906
878
844
846
862
886
854
856
852
812
768
824
804
816
794
810
810
812
786
756
798
794
776
780
834
812
786
826
834
810
802
854
778
844
874
820
874
842
818
768
778
758
724
702
768
880
946
948
1044
1016
964
1028
980
940
950
950
836
758
830
896
884
954
960
918
872
896
898
884
1026
1044
1010
1126
1038
986
1044
994
940
968
950
892
1042
1018
998
1042
1006
938
980
952
912
922
938
912
848
896
904
808
792
936
942
924
948
992
968
924
978
994
908
936
978
958
946
1012
1016
908
934
956
910
880
870
876
862
844
912
940
896
872
920
920
822
852
808
756
698
766
790
778
774
822
858
912
896
918
936
870
878
882
868
886
944
936
936
984
1018
938
928
900
870
808
892
950
976
930
1002
1006
994
912
974
938
910
856
810
800
866
848
922
944
914
916
942
926
862
900
932
922
892
966
966
1002
950
978
940
904
792
846
842
852
850
810
872
898
892
904
822
912
874
900
974
1004
956
1042
1020
898
960
950
914
866
880
828
800
784
762
880
894
880
966
932
930
918
962
956
922
948
956
968
954
934
954
948
940
976
982
972
938
958
966
980
974
1006
978
918
958
956
898
850
844
846
864
838
874
886
904
884
892
834
756
788
778
812
852
888
854
870
898
888
842
898
932
882
914
922
900
832
870
878
832
852
850
882
798
814
878
880
866
964
964
924
908
912
896
894
886
898
828
776
776
776
796
804
840
860
842
812
804
836
882
878
820
806
816
830
818
798
840
892
886
830
852
856
908
952
916
1006
1012
990
922
908
912
900
874
860
884
916
924
924
854
912
904
890
834
858
856
828
802
818
840
868
844
850
878
886
822
854
848
838
798
770
780
776
730
684
702
724
722
764
842
870
812
824
848
850
788
808
792
762
732
792
838
798
818
854
840
770
728
784
786
752
734
780
784
780
792
904
900
818
764
822
804
844
866
850
802
840
836
834
836
862
908
816
856
902
906
868
910
936
844
880
902
874
800
858
888
842
886
896
930
886
968
970
914
908
944
928
874
936
948
926
930
956
920
858
884
888
852
832
878
924
870
852
894
874
824
820
854
824
824
852
884
854
864
916
874
804
814
790
766
702
678
746
838
904
928
840
854
874
868
792
818
848
788
788
772
746
716
792
778
846
916
884
856
818
872
834
850
812
848
876
902
874
888
908
914
874
918
944
940
894
916
948
856
846
890
886
872
894
932
950
832
866
900
818
852
842
842
838
804
800
768
778
696
800
922
972
1008
1024
960
952
950
926
876
836
802
850
860
860
834
846
912
926
770
738
814
792
742
766
666
752
704
746
786
824
856
866
812
866
872
866
872
860
848
890
906
934
902
846
806
842
850
842
848
822
834
780
848
900
884
938
988
990
956
978
876
902
908
908
868
864
848
876
960
962
922
890
794
828
812
798
862
902
958
880
1014
966
924
970
922
884
882
898
924
918
836
786
768
716
724
760
904
1094
1024
1008
1050
1076
1020
996
970
930
814
752
712
754
772
752
752
738
702
724
704
672
736
890
990
984
904
884
838
800
816
796
940
1038
1062
1012
992
1032
958
874
924
936
878
930
944
918
936
970
960
896
976
934
908
944
948
908
798
860
938
794
738
876
946
916
898
866
836
800
754
806
914
1028
1028
1090
1048
1008
1036
984
972
918
850
780
790
828
830
854
874
910
882
874
922
952
950
980
990
942
926
914
898
884
866
952
970
942
1020
990
888
876
912
954
908
906
738
750
848
920
938
994
1014
966
1060
1030
1000
956
944
922
892
904
958
918
988
934
912
930
926
914
896
942
912
900
930
914
878
914
904
882
898
868
850
820
852
810
988
1080
1012
908
932
930
924
826
760
764
764
840
926
950
896
936
898
910
880
910
894
942
892
888
842
918
892
908
960
964
954
970
986
958
924
894
878
858
870
874
868
882
968
1036
970
938
938
942
888
884
878
900
962
958
936
916
838
828
864
864
818
862
938
942
916
954
984
944
922
940
924
888
806
838
844
822
840
836
774
848
876
866
896
888
832
882
906
916
892
878
808
802
802
832
818
888
972
982
960
996
1010
1002
930
802
844
816
818
746
722
732
742
756
750
724
698
690
722
712
782
834
864
790
760
870
884
978
976
952
942
862
838
806
786
750
702
814
852
836
900
842
910
916
868
930
968
880
872
868
914
918
860
874
798
840
862
870
990
954
1012
1032
1058
992
1016
1008
962
934
966
908
998
980
1076
968
1036
958
934
910
664
846
800
874
898
836
918
982
926
994
986
988
862
888
534
808
714
784
882
1052
1022
1014
992
884
906
912
930
900
892
900
834
838
902
914
928
930
1024
1082
1048
960
932
882
864
868
764
800
922
960
944
894
912
898
886
838
866
900
950
1008
992
956
970
948
916
882
898
880
868
862
910
888
914
832
898
878
900
836
870
904
886
872
890
866
862
822
782
822
802
790
862
938
956
934
876
858
856
850
834
748
826
844
834
900
948
916
832
844
834
828
834
848
826
852
900
920
894
900
848
906
898
868
870
880
874
788
792
826
828
836
864
864
750
806
876
888
832
910
800
872
870
848
824
774
746
698
672
732
672
766
828
864
1096
1054
944
988
1008
940
908
922
928
930
952
866
870
916
916
914
930
990
1008
944
912
940
912
882
906
906
872
918
934
872
904
938
812
880
860
852
810
756
758
792
840
842
880
1010
992
958
964
954
914
870
892
886
862
856
838
780
864
996
992
926
836
768
778
788
722
722
836
928
856
930
962
832
806
774
818
830
802
784
734
756
754
756
764
800
886
890
884
944
928
872
858
834
824
860
916
900
828
860
798
854
904
920
870
842
782
710
722
792
864
894
856
834
914
910
928
920
956
906
882
834
830
834
802
804
796
846
848
844
842
876
886
830
794
838
878
884
854
892
904
890
872
880
878
754
760
772
798
814
774
746
712
698
736
772
762
932
1032
998
956
936
896
824
864
838
816
788
774
764
756
752
686
704
744
778
840
808
852
890
920
890
886
906
892
874
816
832
822
786
828
844
840
778
822
828
828
832
814
828
754
780
786
734
792
836
900
816
766
816
804
774
792
766
764
772
784
774
888
1030
944
1010
1006
972
964
962
922
884
834
766
722
702
694
696
748
792
792
820
826
834
826
842
882
846
824
888
936
888
922
902
870
864
852
816
848
786
808
854
888
854
920
916
910
870
904
896
858
828
842
870
870
854
880
880
868
854
840
850
870
834
812
830
822
792
782
824
840
816
834
836
860
826
826
804
830
782
810
830
848
854
926
972
938
946
894
834
834
848
832
822
906
892
872
934
890
828
864
846
862
754
754
768
752
758
752
730
740
756
748
856
972
1002
960
842
952
900
892
858
818
774
746
716
734
660
698
754
832
808
858
908
986
960
902
888
898
946
976
984
1028
1046
934
998
1006
990
910
982
978
942
992
1004
960
918
930
922
858
866
912
898
908
846
788
822
904
966
950
1024
1028
974
932
952
918
874
898
918
858
876
950
974
928
994
900
844
942
984
950
928
908
868
884
890
864
916
948
892
868
820
778
746
788
778
798
790
804
860
958
918
998
914
910
960
912
888
842
780
774
836
946
768
938
1000
1004
938
904
954
908
932
954
1030
942
1048
1008
978
1026
994
880
892
892
878
852
842
880
898
826
954
1034
992
940
972
946
898
928
946
962
918
956
960
916
1002
1016
976
1038
1076
938
1014
980
834
772
884
902
846
866
962
970
910
930
970
844
758
802
878
878
844
952
970
786
774
974
1038
994
1002
956
940
990
930
838
1000
1120
1058
1022
952
976
986
984
886
972
994
986
950
860
864
878
868
870
966
952
934
986
938
918
744
852
848
888
938
972
982
884
954
978
964
950
896
880
792
818
788
894
904
962
986
876
990
980
978
974
944
916
866
832
834
742
838
1034
1118
1042
1036
1034
972
952
1014
1038
966
942
992
988
936
1026
1044
1034
1008
1076
960
1022
1044
1024
944
924
848
836
882
962
974
928
872
978
1042
976
812
798
986
1012
980
936
864
920
908
944
896
978
1172
1100
996
1090
1040
936
938
938
848
968
1032
1010
954
930
782
854
846
874
886
930
896
940
1026
1034
1052
884
1028
996
980
960
962
970
936
934
832
840
936
820
942
926
860
914
950
926
892
874
856
782
760
844
816
1042
1104
1062
1006
944
882
964
948
954
954
964
908
886
940
992
1010
1044
862
518
1326
860
2320
872
752
758
866
846
960
966
980
934
962
944
914
836
934
1018
1042
912
864
838
796
752
762
772
784
782
858
906
880
852
922
862
840
852
852
818
782
754
774
762
730
728
798
876
902
946
990
958
946
926
826
872
866
832
834
694
728
712
710
710
802
958
1008
980
968
984
966
956
906
896
866
848
864
952
944
960
1018
1006
978
914
854
788
800
794
850
896
966
1022
1012
974
914
934
958
922
894
822
834
830
886
870
936
978
980
964
984
952
928
924
916
842
900
830
874
792
780
818
848
848
844
800
838
876
902
890
942
912
876
894
878
896
820
902
876
830
904
806
764
756
836
880
842
806
844
850
788
760
760
908
930
930
938
930
880
856
870
952
994
1092
1054
986
1008
1000
946
896
864
806
748
752
780
788
838
876
904
854
836
862
838
830
796
770
810
660
728
746
780
856
870
826
868
888
890
850
866
916
806
800
812
780
790
746
734
746
798
816
840
912
828
948
954
918
896
834
832
824
830
800
846
876
908
896
928
922
928
834
902
860
850
804
800
806
802
814
848
940
898
880
876
836
766
796
778
770
760
752
744
710
684
756
834
950
960
910
906
880
876
884
848
820
810
814
834
824
852
830
792
738
752
788
782
834
840
788
808
892
918
922
856
888
890
890
782
794
774
792
814
710
816
790
830
758
842
942
978
970
950
916
936
910
948
932
936
882
896
908
936
908
982
908
910
888
912
830
878
888
900
884
898
878
874
804
698
756
770
824
794
836
878
804
714
742
732
702
716
702
666
710
712
780
844
974
766
882
880
890
814
818
784
786
752
808
882
786
936
1008
1002
926
932
866
850
818
814
758
810
710
738
814
934
990
1044
1014
1006
804
980
888
914
810
856
828
878
798
746
842
832
972
928
902
970
832
880
866
876
942
898
862
834
852
698
884
914
1000
900
936
926
886
850
872
900
944
956
986
926
958
926
918
882
914
880
846
820
762
776
810
820
808
824
862
854
832
844
662
758
730
796
830
876
788
904
946
968
862
930
886
912
936
808
938
868
866
778
846
820
848
882
900
948
970
974
910
908
914
872
856
840
838
856
854
848
848
862
826
756
772
798
754
814
804
834
836
834
796
892
930
904
882
824
828
838
848
836
842
906
952
894
874
880
798
760
724
772
770
772
740
798
832
880
892
886
914
932
868
874
872
898
836
846
876
878
842
858
874
888
854
732
796
806
834
888
854
868
838
906
894
858
850
854
844
822
802
782
778
780
788
800
764
738
772
790
766
790
788
770
726
762
744
772
768
820
812
826
856
788
886
846
806
856
884
886
858
828
854
658
702
724
694
658
778
974
1034
962
888
946
916
892
834
784
824
832
882
942
960
948
940
962
966
892
878
856
898
820
844
898
858
868
820
784
710
740
756
732
754
784
802
842
822
804
858
848
848
848
758
798
810
782
774
818
810
856
822
830
816
840
834
806
828
854
830
786
782
820
850
872
858
850
854
836
794
776
788
778
884
768
896
970
798
806
878
886
880
838
804
818
700
754
722
760
826
922
1008
920
974
# end time: 2016-09-07-16:08:41, 1473278921.7
