# R wave intervals in milliseconds per line
# start time: 2016-09-09-15:33:25, 1473449605.12
766
748
818
860
892
880
800
712
780
752
796
818
772
820
802
852
826
890
916
898
976
866
972
958
944
940
878
838
788
764
750
698
702
856
1210
1130
1080
980
1056
1006
974
932
882
716
798
838
976
1050
1038
1052
1042
994
1004
938
966
884
892
898
914
912
932
884
908
874
858
838
830
856
820
836
866
938
938
830
764
788
780
828
870
924
930
918
906
860
854
776
752
762
770
796
778
864
982
872
800
800
730
800
810
782
752
796
796
770
772
858
882
816
792
830
858
848
834
808
820
794
730
742
698
746
802
870
868
788
796
772
722
814
838
854
902
930
912
842
906
896
896
812
824
812
784
814
808
758
818
898
902
946
992
964
870
852
864
842
860
778
734
776
776
790
820
854
858
804
770
852
914
914
888
872
904
898
808
864
952
994
972
854
840
852
920
892
868
974
994
948
1020
984
972
1028
1034
946
964
964
896
916
964
846
736
824
1046
1024
962
956
916
924
936
940
932
902
940
964
986
822
910
908
920
932
960
872
780
798
796
958
1018
904
968
838
820
828
854
864
954
998
874
856
928
920
960
936
846
902
878
742
826
1008
1004
978
932
892
838
770
672
752
760
954
1224
1120
1048
1014
1054
930
834
800
788
928
958
858
904
884
800
864
868
888
852
826
788
744
726
670
728
804
982
1002
976
956
956
902
890
746
842
810
854
880
892
930
954
966
940
958
912
850
882
858
842
774
734
748
744
746
712
798
946
978
966
950
910
938
888
862
846
848
852
868
874
896
904
866
864
922
966
944
940
980
978
938
968
954
924
838
744
826
1052
1110
1084
1052
966
1008
988
914
914
906
886
976
956
976
872
900
944
934
900
872
854
658
934
820
846
766
888
930
932
934
890
726
840
924
956
942
922
858
852
802
704
752
798
896
928
978
1012
1016
1010
1002
972
948
946
958
884
860
886
878
906
896
938
846
806
828
910
984
956
910
870
890
902
938
920
910
896
858
776
808
822
830
926
984
960
892
902
842
784
770
798
814
830
868
886
862
876
890
874
862
836
754
774
842
924
838
1038
1078
1008
956
894
862
854
886
868
900
878
918
996
1010
958
986
952
888
886
892
854
808
744
826
898
892
890
918
834
776
850
794
800
822
788
776
816
812
824
856
854
862
804
768
882
870
954
920
860
876
838
826
850
890
850
922
946
930
964
962
930
854
868
854
882
976
1016
974
944
874
818
782
812
856
838
752
762
760
734
794
708
928
832
780
870
876
866
824
778
720
742
806
826
864
840
870
814
856
854
770
884
1068
1024
1018
1000
974
922
778
786
704
766
840
880
898
892
854
838
766
818
816
772
794
786
870
912
902
856
808
742
726
726
730
764
770
804
890
910
888
822
878
866
794
854
932
958
982
882
812
794
828
822
802
814
816
850
830
848
794
832
854
866
802
946
978
988
944
908
828
728
670
746
1040
1104
1096
1070
984
986
950
884
834
848
880
914
884
852
796
776
744
740
762
736
772
986
1064
1034
980
852
868
796
776
702
738
754
786
768
810
836
850
846
854
818
746
790
876
936
890
1042
1030
1052
1000
970
942
940
934
906
874
854
826
834
858
892
936
962
986
966
956
918
932
920
756
714
710
804
848
884
842
846
858
850
812
774
756
712
664
674
700
860
986
988
920
954
1020
998
946
928
846
766
782
820
826
838
882
822
888
866
958
930
942
914
880
864
892
946
1008
1000
1054
1050
1016
1008
922
914
880
844
872
806
894
984
1042
1022
934
906
880
872
874
856
820
824
772
804
800
1064
1084
1030
992
1034
1004
928
874
836
828
802
780
758
728
736
728
758
802
828
804
844
902
926
918
918
948
942
892
962
982
954
916
960
964
926
928
964
994
920
942
1012
966
918
950
952
888
844
826
852
850
1018
1064
998
1040
1042
978
960
634
1484
890
568
796
782
744
784
724
604
718
656
730
774
852
798
756
874
924
918
950
922
870
880
908
788
884
966
990
966
940
840
842
852
894
930
970
940
966
964
938
886
898
914
912
884
874
904
912
908
888
906
884
828
736
740
884
1078
1096
1058
1000
916
932
888
874
860
862
862
826
858
926
996
998
1012
1034
1010
982
998
964
918
912
916
922
886
930
972
978
854
890
824
770
776
828
838
814
828
874
876
834
896
952
918
890
938
874
802
766
774
748
768
806
776
824
854
866
862
918
942
904
892
900
898
874
954
988
950
980
1010
984
998
1044
996
982
1008
946
874
912
876
860
974
1020
976
1008
1010
938
892
932
940
866
846
862
896
906
898
956
966
922
932
980
956
956
1010
1026
998
934
966
990
978
962
1010
998
968
974
1032
996
992
1036
1026
934
1014
1032
956
946
980
950
952
1036
1042
978
1020
1020
902
898
900
866
976
1096
1056
1008
1024
988
906
940
970
932
898
942
926
856
894
822
768
758
726
774
778
820
764
794
836
866
846
868
862
888
886
940
934
890
874
866
856
784
800
780
772
726
734
778
876
896
886
932
916
900
914
930
904
900
952
1004
970
970
1004
1000
910
918
900
906
846
888
976
974
904
958
980
952
972
1020
958
908
882
834
870
894
870
906
1060
1058
990
1028
1024
1000
994
1002
934
934
984
976
952
994
1048
1042
1002
1018
1002
962
946
1018
888
968
1072
806
922
922
918
896
744
800
798
822
822
810
796
766
736
784
802
818
752
798
850
814
912
968
950
864
824
854
814
846
834
824
782
798
734
804
836
970
1058
944
1006
972
906
882
772
806
854
866
900
878
858
856
888
868
982
1038
1020
986
1006
984
934
868
858
882
912
866
880
878
912
854
778
804
826
804
910
954
932
760
746
888
958
972
1006
964
970
886
910
954
988
1030
1016
964
994
1010
990
946
894
902
822
774
772
762
746
756
778
776
810
826
860
830
882
914
894
934
938
936
890
882
828
828
782
812
886
908
880
946
956
962
894
900
866
810
764
794
838
888
906
1020
1022
1010
916
948
854
950
948
964
832
894
938
940
946
818
906
928
936
924
930
864
910
916
918
898
872
884
816
836
930
914
918
658
1100
860
826
684
816
824
888
846
850
774
780
830
880
914
848
878
910
872
796
782
850
852
888
852
812
800
854
910
924
994
976
958
956
982
988
906
962
# end time: 2016-09-09-15:53:00, 1473450780.29
