# R wave intervals in milliseconds per line
# start time: 2016-09-07-19:19:16, 1473290356.32
760
670
690
682
686
668
664
670
690
666
692
666
714
774
810
852
814
734
652
648
632
698
612
732
774
708
666
670
656
644
628
582
582
594
666
796
808
818
822
854
810
816
786
720
730
702
624
596
618
660
764
856
782
730
736
802
774
688
680
700
692
654
648
648
692
704
700
754
918
836
806
738
708
668
632
634
686
750
708
710
726
840
902
764
750
726
724
678
636
630
614
622
610
600
584
614
650
630
672
704
752
794
740
662
652
646
644
624
626
642
600
612
612
542
558
550
578
710
842
898
768
740
772
790
774
754
760
758
744
640
634
600
602
650
740
754
772
812
848
732
710
686
706
684
684
626
600
588
600
614
634
638
664
724
830
768
738
762
726
686
670
666
668
656
658
608
596
590
600
642
720
816
936
930
822
850
798
728
630
646
642
670
710
798
874
796
820
772
724
706
654
664
666
736
706
718
730
724
668
628
682
592
644
658
614
592
582
570
576
580
622
736
922
836
882
780
790
822
718
670
684
642
642
684
734
706
710
734
748
708
704
708
704
678
638
632
624
660
696
650
698
726
752
762
688
616
638
620
618
620
610
582
562
580
604
736
874
818
806
684
716
720
646
636
598
590
608
624
668
720
656
670
682
714
724
692
640
602
564
560
578
578
562
582
648
758
798
924
856
848
814
836
808
796
746
668
570
582
572
602
540
548
574
654
820
792
766
758
692
652
660
608
606
586
566
580
602
662
712
722
754
812
766
668
710
668
666
658
634
594
600
600
638
650
666
710
856
906
732
724
706
716
718
614
660
628
638
630
642
594
576
588
626
686
770
766
698
712
768
774
728
714
722
650
638
640
686
704
706
700
620
624
626
618
640
650
636
586
606
610
624
648
654
652
636
622
570
576
586
596
672
720
734
722
658
682
730
732
780
634
656
620
620
602
580
580
592
632
688
732
812
812
778
760
698
646
644
652
626
618
630
668
714
702
748
804
832
808
758
652
662
642
642
638
640
588
626
606
620
620
626
620
576
618
644
584
612
572
620
614
610
638
640
672
680
678
648
618
634
558
554
572
540
566
590
744
852
782
830
886
868
832
802
818
780
756
734
688
584
574
582
606
622
658
734
724
762
738
822
798
690
762
730
718
700
660
640
592
572
584
604
642
698
680
698
756
828
770
712
676
630
602
598
594
600
632
692
714
674
658
642
652
672
656
646
636
652
678
684
636
622
614
614
636
676
692
678
692
674
634
600
600
596
626
674
682
652
646
646
674
704
740
740
656
608
600
604
606
630
662
598
628
630
650
706
742
684
656
650
646
666
640
630
644
642
696
724
728
722
678
660
610
570
590
590
632
694
772
782
776
636
670
650
652
642
664
608
588
606
584
592
604
646
714
782
794
782
744
700
668
642
624
626
556
590
578
564
574
606
590
762
826
868
862
866
860
866
852
850
732
738
692
630
632
606
588
598
638
746
814
822
682
700
678
654
678
572
634
612
620
622
574
588
586
588
622
694
902
828
826
852
776
742
736
722
670
662
662
678
672
652
596
600
598
648
762
702
792
778
682
706
688
684
626
600
598
596
592
592
606
670
964
790
806
838
806
782
776
730
690
654
630
602
626
706
944
782
786
810
790
710
714
726
714
638
628
642
672
658
680
724
786
728
720
742
688
646
658
664
644
610
612
632
688
694
674
676
684
686
638
628
628
652
592
610
638
676
652
658
646
628
610
600
592
584
586
580
586
542
554
570
610
642
702
748
720
722
724
696
644
608
592
570
562
562
562
574
606
658
728
802
842
808
720
738
756
722
652
632
632
624
630
648
750
822
772
774
724
672
672
668
640
606
608
630
680
680
714
762
796
734
712
722
642
642
636
648
648
666
610
600
586
616
620
654
682
672
672
698
718
684
688
698
634
646
604
652
684
730
756
682
642
630
626
644
662
644
670
726
822
772
784
758
668
678
668
662
612
598
614
656
686
664
740
812
862
824
760
654
654
634
628
602
578
592
592
656
802
924
772
792
804
736
740
740
684
618
608
616
586
586
606
672
708
754
804
826
748
668
642
624
626
632
620
616
642
710
736
710
728
756
704
686
692
680
622
620
624
608
600
616
668
818
774
754
782
752
676
670
668
636
602
590
606
616
604
612
650
690
678
686
690
652
632
636
646
618
592
596
600
594
580
594
622
618
626
630
686
650
632
626
646
628
616
620
658
644
622
636
646
608
610
626
660
666
668
700
714
672
650
654
658
622
602
594
608
634
686
668
660
666
664
670
640
608
568
568
568
574
598
604
610
612
674
772
738
750
760
726
716
642
590
626
666
658
634
592
584
582
596
608
678
780
862
876
824
800
762
682
650
644
662
702
700
666
656
656
698
752
786
756
678
640
630
618
610
586
574
586
602
640
684
736
736
684
638
614
610
614
622
630
590
586
572
586
614
656
660
606
652
622
694
760
766
778
580
630
584
576
584
608
580
614
626
686
774
860
698
648
654
630
622
644
644
618
588
594
624
716
792
704
664
670
674
672
682
666
616
608
610
634
680
714
672
660
670
698
722
678
664
656
672
678
636
636
660
732
772
728
710
750
768
702
682
650
680
716
778
674
694
724
742
662
644
684
636
618
634
650
690
722
708
688
712
614
646
654
664
656
646
652
628
620
592
630
624
642
592
584
588
600
518
736
676
720
738
668
714
690
690
622
634
648
682
706
714
640
614
628
666
700
650
664
658
644
596
598
624
720
778
804
810
838
696
722
718
706
644
630
622
678
754
804
774
686
726
752
750
770
654
686
680
656
654
608
622
578
584
580
586
602
638
636
716
756
772
852
744
790
756
744
662
686
674
638
606
600
584
540
572
572
596
650
726
760
704
660
620
644
590
626
630
660
636
622
634
668
732
700
724
702
676
652
646
610
586
592
612
672
772
772
756
784
786
752
648
654
622
610
616
662
708
746
740
668
676
698
732
704
718
718
798
554
656
572
596
548
580
538
582
558
588
626
626
660
598
600
608
574
598
600
660
734
892
912
900
876
822
778
740
732
664
640
594
556
590
604
714
856
860
690
854
782
768
660
654
638
702
596
568
564
932
566
512
620
610
606
600
602
596
592
614
584
658
740
1434
1198
556
596
706
504
1002
602
508
556
526
536
524
526
808
730
518
526
502
520
538
612
682
762
732
714
664
610
574
580
570
568
558
578
602
622
660
722
752
788
760
700
706
688
680
648
632
620
616
666
730
690
716
746
738
694
740
754
676
678
712
678
632
652
662
644
608
620
642
716
764
738
774
762
734
776
722
668
682
686
648
660
712
700
726
780
770
704
744
772
694
708
728
702
682
712
720
678
720
740
686
716
734
698
678
692
682
646
662
690
670
694
730
704
682
696
696
646
656
676
642
620
646
674
648
646
688
678
678
698
686
636
646
664
646
646
686
684
666
714
748
688
722
712
668
676
684
632
630
650
624
622
646
658
662
692
722
662
670
668
654
606
608
622
610
596
608
630
694
670
648
648
668
694
656
626
622
630
634
648
656
614
608
618
648
696
760
700
638
620
600
594
582
604
620
610
586
580
592
606
630
658
678
664
660
640
630
596
570
560
554
586
860
812
748
766
800
850
808
810
774
764
764
702
658
622
618
596
658
800
898
858
844
816
808
744
750
746
726
698
672
684
654
692
726
828
854
746
738
724
664
652
656
664
644
660
690
754
714
728
748
672
656
660
670
644
642
668
720
710
722
750
748
676
704
668
624
626
618
630
630
616
636
660
728
688
688
726
744
682
670
682
660
630
640
644
614
596
612
644
628
614
626
658
666
642
644
660
680
654
628
626
640
656
678
650
648
664
704
710
668
676
670
632
608
608
622
638
648
634
646
664
670
694
688
660
656
662
664
662
638
646
678
748
734
712
712
734
642
646
642
652
646
628
634
652
652
680
674
628
644
620
628
624
632
664
638
666
630
620
618
614
622
646
670
652
608
574
602
626
680
746
670
702
682
714
688
662
636
642
564
570
576
582
534
584
706
758
750
814
872
806
832
786
796
736
716
632
570
586
592
630
628
738
720
808
768
762
774
754
722
690
654
616
598
586
606
552
576
576
596
654
760
666
680
690
686
702
706
720
678
642
594
574
574
560
544
566
636
738
804
708
728
730
752
754
728
700
690
598
588
562
574
586
632
616
704
740
776
810
706
742
748
750
748
732
708
622
644
616
600
624
646
644
622
642
698
746
790
802
706
704
676
688
674
682
654
626
634
642
696
772
754
704
762
762
768
746
712
584
580
568
566
600
690
712
772
794
732
698
722
708
694
776
712
688
664
628
618
620
636
664
670
640
644
656
680
716
674
658
668
672
684
652
632
638
660
646
626
640
672
770
742
714
718
718
688
678
678
668
618
578
588
594
610
658
732
728
534
778
1344
1242
746
542
564
578
582
590
618
620
666
752
910
834
876
886
784
750
802
634
634
658
678
674
720
854
784
800
828
722
734
738
922
624
690
678
720
552
586
586
588
594
604
638
726
904
824
842
848
792
784
786
732
674
698
698
744
856
996
756
734
784
790
838
832
688
704
690
664
624
620
624
632
634
626
652
686
764
840
822
722
688
672
662
678
670
646
662
726
798
802
762
782
770
710
690
710
696
658
632
634
688
782
792
778
820
842
792
696
680
680
688
654
640
646
714
834
812
786
810
828
756
672
660
640
646
638
660
708
778
778
772
852
856
636
816
794
552
538
570
598
602
640
694
814
786
808
812
730
718
730
732
770
782
754
1400
1162
698
642
720
714
710
722
810
834
736
684
684
698
724
698
672
680
724
948
828
714
734
746
776
796
736
698
696
706
714
722
722
752
776
782
814
722
664
680
706
712
708
712
726
712
670
628
600
610
638
658
654
650
678
738
728
674
676
682
672
630
614
616
658
752
764
710
706
742
720
668
646
716
612
636
596
594
600
632
692
706
692
722
752
792
724
670
674
678
688
668
680
742
750
732
772
786
680
686
684
688
698
652
628
630
660
718
722
660
610
640
664
728
732
670
674
676
646
608
610
620
664
656
704
736
660
632
646
658
662
642
658
670
684
672
684
626
616
610
584
568
580
610
630
606
614
642
660
670
688
696
680
628
596
590
598
616
624
654
654
648
646
614
606
608
612
624
670
750
696
698
734
656
680
700
720
708
708
708
654
606
618
638
720
880
802
800
782
662
694
702
706
722
680
674
696
744
786
772
746
752
746
692
720
740
740
690
680
686
662
642
648
698
798
754
696
736
780
738
700
746
762
734
700
732
766
760
718
768
818
824
738
778
780
744
700
738
700
706
762
804
738
744
796
842
770
786
822
766
700
724
824
662
788
694
678
726
782
746
768
770
782
704
712
726
748
790
748
764
786
814
750
742
776
760
724
762
810
770
726
774
818
762
740
766
792
726
684
704
730
770
730
682
706
718
688
630
596
614
640
704
698
678
684
712
674
654
658
676
708
678
696
754
828
792
724
690
680
684
656
634
656
696
808
784
746
794
830
808
724
674
674
692
722
740
708
682
702
748
790
806
700
666
670
690
738
686
554
562
580
586
626
636
618
610
622
678
736
680
646
640
646
640
664
644
658
686
644
654
686
780
868
832
794
812
782
738
756
782
796
718
698
726
754
704
666
670
702
738
726
704
744
752
736
684
658
662
656
700
798
778
794
858
798
718
722
778
714
674
670
666
718
758
798
880
818
748
744
682
676
686
646
608
610
614
670
910
846
804
856
862
824
776
806
778
704
708
684
668
708
810
954
806
842
882
868
712
750
772
704
644
662
710
762
722
748
808
832
744
748
764
724
678
690
718
778
728
712
750
774
726
760
768
696
674
686
712
670
680
714
720
742
786
780
722
738
740
690
654
674
672
636
640
692
732
714
756
808
760
742
672
662
624
596
610
560
574
566
566
552
564
506
528
522
518
532
544
582
604
590
574
656
726
808
804
776
804
842
758
704
638
604
592
584
528
540
548
570
676
738
838
872
892
884
868
736
760
758
730
726
708
624
600
586
628
662
850
868
822
702
734
740
754
714
674
636
608
574
558
582
606
658
732
768
710
696
702
692
682
686
654
614
618
634
700
800
724
734
820
808
820
798
766
750
728
674
638
658
608
642
656
692
682
688
738
734
724
660
660
658
636
606
640
684
700
654
658
678
694
706
706
680
642
558
588
582
582
596
608
632
674
694
690
696
656
642
630
628
618
634
586
590
620
692
830
810
790
740
754
748
742
750
712
686
662
628
582
576
596
664
718
860
790
800
802
678
704
710
676
676
650
564
566
560
564
574
572
572
586
618
656
652
656
662
662
620
592
604
608
650
710
768
764
696
632
636
644
584
594
594
588
572
594
644
832
876
840
852
818
808
820
718
698
712
632
650
572
614
608
644
576
616
632
650
678
656
670
674
646
632
632
572
586
600
620
620
664
762
838
722
706
766
724
688
664
752
564
554
550
520
580
542
560
592
646
668
682
670
624
646
628
630
636
660
610
648
686
726
786
830
804
748
664
678
674
646
602
560
582
618
746
758
838
872
800
786
782
784
696
714
716
684
610
610
620
690
770
832
716
726
716
714
650
658
670
700
712
724
672
656
678
732
754
772
690
664
678
682
714
740
672
680
680
716
772
748
746
762
718
656
684
642
628
634
604
582
618
630
676
724
696
680
680
694
710
688
678
632
578
578
590
586
596
612
574
586
590
612
668
702
734
668
690
688
694
654
658
586
572
586
570
538
576
590
724
816
776
748
650
700
688
662
618
590
558
594
618
670
754
718
700
674
650
640
644
648
636
592
618
600
562
594
602
632
694
696
748
710
714
744
758
670
700
634
658
626
620
588
606
596
606
650
750
796
876
870
830
796
786
758
672
698
640
608
642
604
676
678
628
680
730
746
720
780
690
742
712
680
650
612
568
588
588
566
602
722
968
830
720
762
740
738
668
690
722
774
786
794
706
722
718
714
722
740
740
728
696
676
660
648
650
640
636
680
806
896
806
678
714
702
690
706
710
670
604
618
626
644
680
712
716
714
720
714
710
676
640
630
626
632
678
758
806
710
688
666
670
674
666
648
628
1288
1086
652
968
522
540
554
580
650
750
840
840
758
776
728
672
658
634
634
640
616
610
626
654
666
650
654
678
718
720
666
656
668
682
658
626
646
660
694
716
688
702
686
658
642
656
616
642
680
774
848
694
722
684
676
626
602
608
586
604
628
654
680
720
696
728
794
740
718
680
672
664
660
600
588
582
584
596
628
654
698
712
690
712
734
688
732
758
768
680
680
652
636
610
634
668
704
712
670
692
736
752
722
684
672
644
620
614
612
610
618
580
596
598
584
588
606
646
706
776
806
696
722
716
720
708
690
668
630
566
560
564
576
620
720
790
758
778
684
746
724
706
696
636
648
628
626
684
806
818
822
864
784
778
816
802
756
724
702
690
656
576
624
612
644
638
632
664
700
714
706
694
672
628
622
614
608
600
616
660
654
688
686
696
680
628
646
650
666
620
646
656
660
694
660
588
632
674
730
732
704
690
678
590
602
598
596
610
624
634
658
666
652
608
644
664
686
700
618
618
624
630
640
660
628
616
634
688
760
740
742
746
720
710
648
636
618
634
646
634
690
824
816
838
868
880
842
680
716
692
654
628
580
602
572
594
602
640
614
604
658
636
598
574
590
588
582
592
566
556
558
544
548
540
550
578
610
652
670
606
618
666
734
706
706
710
728
732
728
674
634
606
626
640
738
740
782
822
792
740
738
760
760
692
658
656
678
672
684
720
712
696
702
698
706
726
734
742
714
666
672
686
696
688
618
644
620
632
596
610
620
634
634
620
632
650
660
618
650
692
808
772
790
790
720
682
620
628
620
652
736
810
740
740
746
794
718
716
688
714
684
724
708
682
678
680
686
686
712
730
730
760
780
698
724
760
742
710
710
742
744
746
714
696
660
672
672
692
746
812
712
750
794
758
688
684
684
696
620
616
650
690
776
810
914
812
774
728
712
602
632
556
586
574
552
646
726
784
786
746
822
756
698
716
706
682
672
646
620
610
608
562
564
580
574
562
542
564
536
550
572
558
544
552
570
574
602
568
582
578
554
592
970
510
520
510
502
526
526
520
552
570
594
600
634
570
580
528
552
556
548
560
566
570
566
536
530
536
554
572
658
798
840
806
830
864
884
732
752
670
668
670
640
674
742
958
820
766
586
566
614
818
1422
854
764
740
812
784
782
722
736
746
656
666
708
810
782
858
916
836
842
832
724
736
676
684
698
682
740
794
762
728
764
810
724
754
782
770
756
778
746
752
796
782
738
772
704
678
726
706
768
814
880
716
780
800
# end time: 2016-09-07-20:02:09, 1473292929.78
