# R wave intervals in milliseconds per line
# start time: 2016-08-02-17:11:00, 1470172260.7
610
576
582
590
600
594
594
590
582
586
606
606
602
598
582
564
568
580
590
606
618
602
608
616
616
604
590
616
626
642
652
626
626
634
618
608
586
602
602
598
574
566
586
602
626
634
626
644
668
686
678
644
638
614
632
638
632
622
586
604
618
642
628
612
644
662
666
652
660
660
646
622
616
630
638
654
666
664
640
654
668
678
656
640
668
682
682
654
622
636
646
662
648
624
636
648
650
630
616
642
646
654
652
642
616
592
604
620
648
648
626
596
584
588
596
606
610
594
594
612
636
654
644
614
632
660
686
692
662
696
714
732
726
672
648
658
658
656
646
660
686
704
698
668
644
646
640
646
634
610
620
624
664
712
724
704
710
706
702
666
626
632
642
656
654
640
666
702
722
690
664
664
664
662
624
602
600
602
624
624
612
636
688
722
686
696
704
710
698
664
624
632
648
674
686
664
648
664
674
690
676
654
678
692
692
662
656
670
678
678
688
686
666
694
720
732
718
668
682
692
696
684
642
642
658
674
716
694
688
728
742
722
670
678
672
666
648
638
650
666
664
648
676
710
714
678
634
626
630
626
632
624
638
664
692
662
634
646
654
652
634
644
654
656
620
626
644
650
670
652
630
650
654
650
632
614
628
634
642
622
612
630
636
642
618
608
618
622
616
608
614
624
616
586
582
594
602
544
542
544
564
550
538
536
544
540
524
516
510
510
514
544
564
578
572
558
554
566
580
578
564
574
594
578
566
556
556
562
544
544
562
582
588
594
624
650
688
700
654
664
658
638
598
622
626
632
644
622
636
658
654
634
630
648
660
686
660
620
630
636
636
622
602
618
644
674
654
680
690
672
666
680
676
644
632
648
678
702
682
688
704
698
670
670
658
650
626
610
620
654
694
714
718
740
752
734
684
680
672
664
642
628
642
646
658
736
684
672
684
668
696
708
730
708
686
692
684
662
642
656
660
632
600
596
620
664
680
664
710
720
712
674
690
698
694
660
634
644
648
662
650
652
678
700
696
680
696
702
702
672
666
680
692
692
670
684
700
706
668
660
674
684
666
630
636
650
664
664
624
638
654
676
656
640
672
690
712
698
668
692
698
692
662
640
644
644
644
634
678
720
756
714
694
706
714
674
642
664
656
642
626
640
662
668
646
648
678
682
684
652
668
690
710
722
684
686
680
662
634
648
672
686
684
660
642
652
646
628
604
616
636
670
718
714
696
674
638
616
600
596
588
564
560
580
590
600
604
584
608
624
602
580
572
586
578
562
540
556
572
590
608
598
616
636
664
640
604
622
624
628
612
596
606
610
614
610
590
602
612
616
620
604
618
626
630
610
598
618
632
622
622
642
652
640
616
610
620
618
600
590
614
586
588
604
608
588
560
572
574
586
592
588
590
610
620
620
594
592
600
606
608
598
606
632
656
672
652
662
658
660
632
606
622
624
618
606
612
644
690
714
676
652
678
696
692
646
642
656
668
660
622
624
650
688
684
646
652
674
694
684
656
688
706
706
680
682
702
722
706
674
700
746
760
708
654
658
662
674
640
602
586
604
616
652
666
654
692
700
692
638
622
616
608
584
560
586
594
600
600
588
610
632
642
662
644
622
606
594
586
590
612
626
628
628
608
616
628
620
608
596
616
640
666
628
618
616
644
658
648
642
650
640
622
586
582
598
608
642
682
676
670
678
674
672
646
648
642
646
630
612
620
642
652
652
646
654
672
656
630
638
652
662
656
626
638
648
666
648
646
658
658
652
630
638
654
660
644
618
622
632
638
626
616
634
634
622
606
624
646
682
720
716
700
702
722
730
710
672
668
686
686
658
616
620
636
638
630
612
620
636
666
660
632
634
648
642
646
618
632
646
662
684
682
692
702
690
658
648
650
654
640
618
628
640
660
640
634
652
670
674
660
650
664
660
636
610
614
620
630
608
610
630
644
652
632
630
646
642
618
614
630
644
624
608
626
642
660
644
658
672
686
650
624
650
660
626
616
598
578
594
612
632
638
618
640
660
662
656
632
646
652
658
648
626
636
654
662
644
646
666
668
656
636
640
644
644
612
608
626
634
644
624
626
650
664
650
624
630
644
622
594
582
594
608
624
624
600
620
646
652
626
610
620
628
624
600
606
620
628
650
626
620
642
664
674
640
640
646
646
642
626
614
642
652
666
648
644
678
700
694
682
672
634
616
624
644
644
674
700
718
684
668
682
698
708
664
626
640
636
630
612
624
678
694
736
720
676
678
666
660
632
616
640
652
674
658
680
704
718
704
664
650
650
640
616
602
620
644
680
692
678
706
726
726
692
686
684
688
660
660
678
704
714
672
690
702
714
690
670
672
684
660
640
660
688
698
682
708
716
716
670
672
676
670
648
634
658
660
644
626
640
652
654
638
652
666
664
654
622
628
636
646
638
626
640
678
696
666
650
672
684
680
656
642
658
652
646
622
610
634
668
688
674
634
646
646
646
624
618
632
646
646
628
628
652
680
686
670
642
648
658
654
630
602
980
734
680
652
664
684
686
668
660
668
678
658
640
640
650
636
612
626
640
652
636
660
682
680
648
630
646
650
636
618
642
652
648
628
628
640
662
650
644
654
680
682
656
618
622
636
650
670
674
644
652
654
646
626
614
636
658
682
692
674
676
692
694
666
638
638
648
660
672
664
660
654
632
628
638
654
652
622
638
642
654
634
644
654
666
676
674
700
716
710
670
642
632
624
604
582
596
604
628
666
708
726
692
710
720
706
656
626
634
630
630
630
642
686
728
732
712
734
740
708
664
670
666
660
636
626
646
668
674
666
668
708
724
704
666
686
692
694
638
612
610
612
624
636
634
612
628
654
684
656
614
618
644
644
632
606
588
598
610
612
604
588
600
614
630
644
632
648
656
656
646
618
606
606
602
586
586
600
608
646
676
690
658
630
642
634
630
606
582
592
608
606
612
618
640
662
650
636
642
652
652
630
608
616
636
648
668
662
656
678
698
688
654
642
640
636
650
656
660
684
670
644
658
654
654
642
636
654
672
694
676
622
612
610
620
628
632
640
666
686
682
662
680
684
680
650
640
644
656
654
654
636
638
646
646
624
642
670
688
684
656
670
670
660
640
622
632
632
632
620
612
622
630
620
604
618
634
652
636
628
650
668
658
626
648
652
638
614
600
608
610
600
596
608
620
636
626
610
622
630
634
628
604
612
614
608
604
590
602
600
604
588
580
582
590
590
584
588
608
608
598
588
602
606
604
586
586
592
590
588
562
568
574
584
586
580
594
610
608
610
594
594
608
606
600
572
564
576
598
614
578
570
520
508
552
554
554
530
530
532
526
516
510
508
510
514
516
502
502
506
504
508
502
518
526
524
528
552
576
562
542
538
548
550
528
538
540
536
532
526
512
506
514
518
522
532
546
554
566
554
540
528
538
550
574
582
582
588
598
598
600
604
590
576
570
564
558
548
552
562
550
552
574
570
592
600
618
594
568
568
574
606
616
622
630
624
612
598
592
584
580
568
574
594
624
608
616
624
604
578
602
608
594
592
598
610
618
592
600
610
618
610
608
600
596
564
562
580
588
588
598
612
622
620
624
638
650
652
632
646
650
622
606
612
624
632
588
578
590
608
624
638
624
598
564
560
550
558
628
656
680
664
644
632
630
632
608
598
616
620
626
638
660
684
670
622
618
626
614
600
624
624
634
620
596
600
618
640
648
646
634
612
592
584
586
596
608
638
666
656
666
650
656
640
620
620
620
620
616
616
624
634
632
622
632
636
644
650
660
668
672
632
616
620
618
598
584
592
602
614
616
620
640
670
672
662
680
702
684
650
656
656
650
614
602
620
638
646
640
624
638
654
654
656
632
618
622
632
636
616
616
620
614
604
598
612
628
630
640
632
622
626
640
654
672
662
628
630
638
652
666
650
662
660
662
654
628
630
640
656
674
650
652
650
664
650
628
628
642
646
650
622
632
650
664
666
638
616
624
626
624
618
596
596
600
614
624
630
656
680
670
638
634
642
634
616
616
626
632
624
624
654
692
702
706
720
726
684
634
638
624
610
606
614
642
658
644
666
690
690
684
648
660
668
652
622
624
602
588
558
572
586
576
598
620
622
618
602
596
582
600
600
596
608
612
622
636
632
614
612
632
632
628
636
640
636
656
640
626
636
640
638
646
650
644
658
680
660
632
608
574
572
584
602
610
624
646
642
634
626
640
666
690
686
696
688
660
682
688
670
674
690
698
682
694
720
682
642
638
644
640
608
628
640
654
642
612
620
630
632
642
626
622
644
668
666
646
672
690
692
674
686
682
650
616
612
632
632
628
652
676
670
658
670
672
648
672
670
648
640
658
652
658
708
724
732
728
704
650
644
654
640
630
658
700
684
668
684
688
690
696
694
666
666
680
696
684
674
684
684
666
660
666
678
676
642
658
674
650
616
600
614
620
620
614
620
648
654
656
630
644
654
656
632
620
630
636
636
616
612
610
606
622
636
662
688
696
682
704
730
726
684
670
670
676
652
626
652
682
696
682
716
768
786
756
722
710
692
654
626
652
690
714
722
726
734
716
678
666
690
668
634
642
674
696
692
712
718
718
682
674
698
682
638
622
636
654
678
674
694
708
668
612
640
648
630
598
590
592
592
596
580
586
592
596
614
620
618
598
580
594
594
596
606
622
628
668
684
702
700
688
670
668
684
696
684
688
708
704
680
680
682
682
680
704
730
742
712
688
684
672
646
656
674
668
680
708
710
696
704
672
650
650
628
634
664
698
700
684
696
698
674
648
660
686
700
654
632
634
624
628
638
662
660
620
614
620
598
570
580
582
612
640
638
634
658
632
620
642
638
608
588
596
614
624
646
694
748
730
708
726
748
736
718
744
762
724
676
668
666
656
686
738
780
800
798
768
754
732
720
732
736
750
756
718
706
726
730
718
682
712
720
706
672
666
666
692
718
704
708
716
690
694
704
712
670
638
648
668
668
672
718
742
714
672
680
698
694
670
656
666
680
656
662
698
724
700
696
726
730
702
704
718
716
678
684
714
724
706
690
722
752
734
710
734
730
706
672
676
722
754
758
718
758
788
748
694
696
704
708
652
612
640
654
660
690
734
738
754
754
722
684
682
684
690
700
684
684
694
678
686
708
730
706
696
702
702
692
684
686
676
650
648
664
660
666
684
680
660
666
686
710
690
678
696
696
680
650
638
668
688
678
650
660
666
664
630
638
666
670
652
648
682
688
662
662
682
674
666
700
708
680
696
702
660
632
644
684
720
708
752
762
742
700
688
692
694
678
696
748
770
740
740
738
712
674
670
678
686
674
670
704
732
726
674
670
672
664
644
626
652
688
704
700
722
752
718
668
664
664
638
638
676
700
708
698
720
734
702
662
672
676
656
670
706
726
710
692
714
710
682
652
668
690
682
672
686
722
706
680
666
674
672
644
644
672
664
660
684
708
710
668
662
666
660
646
622
642
660
680
670
636
640
648
666
672
690
724
752
746
706
708
706
708
664
620
622
598
604
614
656
684
718
768
766
754
704
700
684
692
666
668
710
730
702
702
752
776
740
732
752
764
728
692
702
732
744
714
706
762
788
756
736
764
784
720
664
654
668
678
638
624
620
636
670
672
686
706
712
670
666
682
660
668
686
706
708
722
742
702
704
724
722
710
672
666
678
686
692
670
654
656
676
686
706
706
676
672
678
694
678
662
680
684
680
672
682
702
696
662
672
682
696
710
700
704
742
764
782
746
720
750
732
700
670
672
704
746
782
756
784
812
802
778
752
762
734
704
684
734
758
746
702
722
754
744
694
670
690
732
762
748
718
762
800
770
718
716
740
776
732
718
770
800
802
722
700
732
742
706
650
664
698
744
748
702
728
748
776
728
668
680
710
758
824
748
732
738
748
726
674
644
624
608
620
728
792
822
828
812
806
782
762
746
730
724
720
726
736
738
744
744
744
732
700
680
658
670
688
714
752
778
770
760
750
720
700
694
696
690
672
670
682
690
694
698
702
712
708
698
688
676
670
664
662
656
666
664
666
684
704
732
728
700
684
668
658
646
652
658
660
654
646
674
682
646
610
606
600
596
586
582
616
638
650
640
652
666
654
634
650
670
664
644
648
676
664
644
684
708
724
698
710
720
686
642
648
668
664
646
668
684
678
662
670
690
680
670
668
678
674
668
662
702
694
682
674
686
692
660
644
664
672
678
644
654
674
668
652
656
670
670
656
634
654
674
698
678
684
718
730
692
650
662
676
664
652
652
692
734
748
710
734
752
718
676
654
668
666
662
632
650
666
642
634
664
686
692
686
698
690
674
684
684
668
640
646
664
682
714
720
730
738
730
734
728
700
698
718
706
674
682
702
704
690
654
642
648
680
664
666
672
672
662
640
664
674
670
648
630
648
640
624
604
610
606
598
588
598
590
582
580
594
606
638
668
728
750
718
684
680
688
694
670
672
686
688
670
680
710
718
726
740
746
710
698
708
696
694
704
700
674
640
656
676
684
680
708
750
744
700
700
682
660
612
606
624
638
654
646
672
704
722
712
680
692
696
674
634
642
662
652
666
698
710
696
684
708
714
714
674
682
682
656
620
620
644
660
686
690
728
754
752
734
714
724
674
650
614
618
640
654
712
772
772
726
720
740
722
700
674
684
714
712
700
722
732
714
704
716
720
698
662
666
676
680
664
670
702
726
694
682
710
700
670
680
688
696
682
668
692
716
702
682
714
722
686
666
696
696
660
644
666
684
680
670
700
716
698
650
674
674
654
624
634
664
672
674
712
724
708
704
722
730
684
684
688
682
652
660
684
710
694
676
718
726
684
648
666
644
646
626
624
600
580
572
556
598
610
608
594
600
592
584
574
580
576
576
578
594
606
608
638
668
684
704
730
734
744
734
712
702
682
652
622
608
584
598
632
662
718
714
684
654
678
706
662
682
678
670
644
654
670
670
664
710
718
692
702
710
700
646
654
676
666
632
648
662
668
720
720
732
724
700
664
636
638
638
650
622
638
666
708
734
704
748
760
698
648
652
626
612
604
586
588
600
632
612
592
588
600
590
584
606
600
588
626
626
646
626
622
618
650
640
632
612
638
654
672
678
662
670
642
610
616
630
626
624
634
654
656
682
696
670
672
702
706
700
656
642
660
660
670
660
678
714
726
712
690
680
710
702
668
666
686
706
718
730
770
760
694
694
692
698
712
726
694
692
706
728
740
742
694
684
684
674
646
628
628
646
684
714
710
678
696
724
740
698
676
694
716
714
674
660
682
688
676
654
636
670
706
746
712
702
740
736
698
690
708
708
692
682
696
736
774
746
680
694
736
754
766
740
684
674
686
698
718
694
674
706
708
694
710
764
770
738
692
692
730
758
724
684
710
722
710
694
710
730
744
714
694
718
726
706
658
696
718
710
670
650
666
682
708
674
640
626
612
606
624
644
652
638
608
632
652
676
676
646
642
662
684
700
696
674
702
708
702
658
652
686
708
688
706
754
782
750
702
708
704
688
692
730
756
764
732
734
750
738
688
678
696
692
656
638
668
684
656
646
688
742
766
722
708
724
722
682
648
668
686
682
662
692
722
704
660
664
688
698
682
654
656
694
718
696
672
708
714
672
644
662
636
630
622
622
650
710
758
736
758
778
756
698
700
726
734
712
738
778
746
680
684
710
722
700
682
720
750
736
698
738
762
768
718
688
712
720
732
706
716
736
742
730
682
702
718
734
734
688
684
698
702
690
658
680
708
722
720
704
