0
279
741
671
698
722
695
690
700
679
654
670
895
885
913
907
900
899
817
868
889
727
897
750
738
913
884
901
826
869
722
900
810
690
788
712
813
687
747
694
777
782
792
4294902304
1028
770
868
744
777
748
765
843
778
717
662
853
775
739
633
802
695
825
678
717
753
725
744
661
769
695
743
696
695
790
712
900
900
827
673
898
826
783
739
824
730
885
754
723
827
696
909
795
691
920
886
760
753
859
870
827
744
865
782
754
897
763
740
851
827
718
745
715
826
718
896
779
725
844
870
686
879
834
862
725
796
696
702
4294902401
890
774
725
785
727
855
740
762
787
755
744
739
763
755
787
713
876
802
722
849
865
832
747
779
719
908
897
820
682
849
828
725
798
696
906
834
662
777
696
653
740
695
643
836
874
690
877
777
746
782
869
746
820
789
794
854
788
758
856
841
703
806
694
829
804
766
783
718
892
827
681
846
783
771
796
703
901
869
816
713
876
826
4294902605
722
700
740
827
878
863
826
734
901
893
784
723
757
739
875
784
744
822
827
696
653
743
753
771
735
702
777
745
704
673
792
708
900
836
788
776
856
722
731
691
755
697
648
879
826
695
1476
740
738
769
723
652
827
675
805
693
747
729
621
734
745
748
732
646
751
740
827
682
793
653
749
697
669
680
784
670
810
695
841
819
740
900
794
692
805
4294902535
697
696
740
637
756
744
784
716
758
742
875
785
740
874
783
742
790
711
893
750
704
653
765
702
741
652
726
613
799
696
697
666
684
740
788
740
697
692
788
714
723
706
671
718
696
653
654
696
697
686
842
915
914
827
871
867
748
784
731
838
801
761
797
692
829
840
728
784
729
902
899
783
718
893
827
678
808
692
875
784
741
902
900
898
902
4294902496
1148
789
761
850
789
763
761
736
903
821
822
757
896
775
698
740
744
828
719
806
694
862
768
685
681
801
783
741
679
875
803
722
766
733
697
740
741
822
793
705
820
682
764
733
781
703
784
654
653
629
722
702
665
684
735
673
692
732
695
834
784
773
784
725
898
798
704
817
821
741
741
779
885
823
693
875
758
766
699
735
749
818
794
706
863
4294902233
1100
697
697
696
698
742
767
741
716
643
882
822
698
784
717
773
706
689
697
735
659
741
700
834
666
803
835
762
894
700
779
746
780
876
749
776
875
872
827
726
838
851
901
872
738
830
740
829
726
759
822
833
741
785
735
883
739
739
829
822
747
822
719
685
697
697
697
741
740
727
715
735
746
741
698
681
756
658
648
638
717
658
651
674
719
702
4294902249
208
653
654
741
697
702
714
723
632
302
503
697
780
720
810
799
791
829
669
881
750
718
653
760
740
829
670
899
856
386
411
746
900
800
697
828
678
895
784
697
741
783
806
694
722
775
843
794
765
900
900
740
760
732
688
681
799
701
795
705
811
687
881
785
736
900
764
736
790
696
828
833
740
785
727
901
806
694
900
856
784
760
804
696
838
741
740
4294902455
60
662
844
655
786
712
828
673
844
740
749
669
808
692
878
784
866
746
875
650
831
743
696
697
793
739
863
878
828
730
882
749
746
818
698
881
862
872
814
771
832
815
757
764
741
788
697
785
731
881
741
741
788
748
777
724
846
740
784
763
746
762
759
853
647
886
731
704
778
797
772
731
901
782
718
843
654
871
872
793
737
785
739
655
653
4294902394
762
700
638
756
654
688
837
655
814
696
891
781
728
757
740
832
671
724
696
677
719
691
668
687
710
728
834
822
741
746
702
784
741
698
740
692
834
657
305
436
742
783
742
784
697
694
704
722
717
697
654
697
785
739
811
894
829
850
888
894
902
740
873
784
741
741
764
808
799
792
850
836
708
901
904
882
742
778
791
702
827
872
705
783
719
873
4294902501
46
801
871
872
732
901
900
899
756
741
742
757
855
788
741
785
735
901
804
695
901
806
692
745
754
773
730
900
900
785
715
899
797
688
872
784
742
741
774
795
700
742
735
791
740
828
785
787
785
715
768
697
698
701
735
790
711
900
881
777
741
788
713
725
741
786
748
849
651
850
649
833
757
724
687
668
698
706
732
697
698
779
722
813
687
4294902416
134
746
828
772
757
699
734
781
794
731
795
709
771
659
750
733
784
779
807
717
796
697
829
754
728
696
779
718
774
729
814
680
741
745
741
654
654
654
653
682
650
677
653
741
699
696
742
697
745
697
611
654
662
683
774
713
788
829
861
709
871
785
745
801
680
828
687
746
659
698
783
718
856
786
697
278
332
567
612
656
741
742
784
749
898
899
814
785
804
769
4294902324
903
801
698
740
697
664
731
736
755
776
902
846
793
733
741
669
643
654
698
741
792
789
853
648
801
699
741
741
741
741
702
741
693
703
741
785
741
739
718
727
736
704
749
732
766
678
681
715
741
698
785
820
738
902
859
702
737
699
721
721
654
841
773
794
843
721
700
736
775
714
786
725
800
790
786
786
698
736
751
785
742
741
742
791
752
813
685
4294901900
1318
742
699
740
698
880
826
693
829
748
818
718
733
790
742
736
660
693
761
772
902
900
865
785
743
741
759
737
734
699
736
700
746
742
746
699
668
728
742
825
704
746
698
742
786
698
699
713
662
682
741
743
698
693
836
664
824
655
873
786
742
787
733
881
748
698
673
813
687
900
730
743
742
785
788
712
816
659
699
706
720
758
742
786
714
900
4294902337
347
824
749
785
754
900
849
821
730
886
830
834
742
844
817
829
818
900
897
884
887
860
842
730
791
700
761
748
850
786
764
769
700
698
743
786
743
743
742
748
786
830
820
767
817
704
742
743
798
721
885
826
832
757
866
787
743
874
857
773
734
848
856
762
855
834
859
752
881
808
809
802
820
742
795
817
726
766
734
800
786
738
4294902282
1014
750
734
618
700
674
776
724
860
751
685
700
734
700
656
656
656
747
742
782
837
844
729
918
748
755
819
787
699
695
704
748
787
760
770
656
699
744
732
845
744
787
840
826
758
898
836
744
820
841
787
754
785
849
786
891
794
715
863
830
787
700
718
813
807
727
655
831
788
781
806
687
907
803
787
744
787
778
826
805
770
849
787
760
4294902500
112
726
771
756
775
743
832
685
677
735
688
769
731
787
705
700
747
661
821
679
770
729
714
787
718
724
750
744
656
787
721
771
728
710
744
749
760
709
722
701
743
700
700
744
700
703
701
714
738
692
656
787
656
672
777
700
700
744
679
764
736
756
744
787
713
775
724
816
685
777
721
745
752
648
701
666
648
641
627
656
613
569
651
622
657
634
634
631
682
656
701
668
4294902411
88
714
727
656
700
666
691
704
700
664
675
804
876
831
786
903
853
832
699
833
790
744
649
796
700
904
847
784
769
808
792
745
744
788
834
919
876
841
909
743
901
810
787
803
780
693
744
749
799
732
814
689
766
734
868
770
701
656
700
782
881
923
875
826
836
782
881
781
738
842
838
720
768
728
708
706
661
629
800
700
899
800
700
816
4294902585
662
700
695
636
773
657
696
748
727
804
695
834
795
744
743
787
789
700
768
724
787
730
846
788
768
816
684
749
701
678
732
696
753
783
787
700
1313
657
569
598
631
590
591
657
612
700
701
743
656
837
781
745
749
701
656
704
661
705
664
727
657
656
657
879
745
699
744
755
680
710
698
678
683
744
658
743
762
750
680
695
670
735
695
751
701
648
756
744
738
749
4294902437
107
793
854
715
841
745
788
787
710
720
683
729
804
692
876
743
785
882
788
729
804
694
837
836
839
780
910
901
897
879
851
783
735
701
701
700
749
787
788
729
900
899
856
822
832
788
903
891
826
879
837
767
897
875
832
832
757
734
772
761
737
837
796
696
788
744
789
743
745
765
782
717
811
687
880
744
718
731
787
707
701
735
745
4294902524
72
655
843
778
744
762
720
751
790
738
706
788
779
753
747
701
744
788
745
699
783
641
1250
627
613
642
768
896
826
815
754
716
700
693
664
657
705
674
900
900
896
788
700
743
705
745
700
702
742
701
677
815
832
744
708
736
759
709
698
816
684
760
738
795
700
835
672
817
745
700
704
725
676
701
630
683
656
701
840
722
894
815
690
771
701
762
718
649
4294902496
899
880
832
788
801
867
745
788
795
704
821
792
788
788
711
822
783
794
748
754
779
700
744
749
740
704
681
895
746
699
745
700
717
733
700
754
701
713
713
787
714
746
788
744
788
710
736
704
657
783
705
745
701
679
805
694
716
724
722
700
700
700
712
694
745
749
740
745
744
646
628
702
656
749
696
633
813
687
806
694
672
692
696
767
773
805
695
4294902583
754
773
707
679
808
690
718
743
783
758
833
652
745
744
793
733
752
620
727
802
699
790
657
412
289
724
713
669
700
658
688
757
737
906
814
686
847
788
764
858
821
722
899
852
808
741
769
731
727
687
715
737
734
799
698
816
814
773
812
688
751
727
717
664
734
799
702
833
673
728
663
702
702
805
860
862
677
745
701
747
745
658
789
705
905
762
741
838
4294902261
989
707
702
745
746
885
826
700
794
747
740
681
635
663
659
658
694
713
745
671
733
702
745
794
746
702
658
709
652
658
657
717
735
692
852
738
760
643
758
693
703
750
698
789
716
868
871
840
718
900
902
815
821
762
789
790
790
780
754
752
746
833
834
735
814
840
746
818
789
790
838
665
870
790
740
883
834
833
750
784
795
821
855
825
841
4294902375
1049
745
790
715
864
740
744
653
713
701
664
658
702
762
864
790
746
900
854
746
799
740
702
747
762
816
734
845
750
745
659
745
710
694
746
838
768
849
752
730
756
751
662
746
754
781
702
745
693
715
746
715
702
770
796
735
823
677
840
657
790
713
831
819
750
795
877
827
796
833
837
735
887
834
790
789
817
809
746
746
782
796
789
751
4294902561
599
790
710
782
718
804
674
622
692
631
686
691
843
793
764
897
881
834
881
818
789
804
833
763
899
881
832
685
761
702
662
702
657
615
661
745
789
906
891
791
850
770
882
745
774
803
697
852
779
769
898
876
827
836
762
866
790
745
876
834
768
766
749
657
657
658
634
1249
614
663
739
839
876
721
899
764
701
355
279
667
614
658
745
836
871
4294902642
789
676
771
701
748
779
901
900
900
816
793
746
749
741
655
757
734
786
709
914
829
799
772
806
694
845
744
806
1501
761
806
770
767
728
672
644
613
787
883
965
908
900
899
901
835
776
788
746
744
790
721
860
745
790
700
769
722
747
746
735
686
736
699
665
724
710
746
739
671
610
697
627
637
624
613
661
610
631
728
744
628
817
664
700
702
4294902615
1309
732
657
876
789
735
755
745
684
635
715
731
833
870
794
738
899
866
788
745
885
833
784
702
695
750
719
772
762
820
680
853
789
755
734
746
748
745
789
740
794
701
905
851
745
753
795
757
807
691
847
789
766
766
702
721
725
686
851
647
763
737
658
705
688
650
765
721
615
762
701
637
687
701
701
746
745
739
751
765
685
657
702
745
675
867
4294902421
121
793
695
900
860
832
834
774
899
873
784
714
738
790
793
833
775
890
790
721
799
676
1495
1830
622
583
1175
1183
1140
584
557
570
661
653
672
900
888
803
709
774
696
702
668
697
659
763
740
901
809
689
882
790
807
734
787
797
826
679
857
789
749
791
713
777
703
658
658
657
695
653
681
694
725
811
689
746
753
769
731
746
755
780
720
4294902580
702
714
778
722
813
687
897
871
752
702
658
702
657
707
652
790
707
790
833
780
847
756
774
752
701
659
696
662
708
789
747
833
834
744
882
791
702
745
741
784
752
799
702
790
702
877
790
741
762
739
797
694
835
674
817
661
703
746
789
785
833
664
832
752
784
721
732
682
766
733
763
738
754
746
790
834
762
734
746
790
744
703
703
570
700
576
4294902877
113
524
616
614
696
702
799
877
702
922
902
897
880
834
791
789
790
834
785
842
789
768
768
733
753
747
799
700
834
790
777
841
799
760
819
746
745
686
674
670
650
710
716
723
658
871
752
705
658
790
702
701
658
701
665
875
833
692
843
702
745
710
900
894
877
833
877
842
777
841
833
726
896
896
863
871
839
735
900
900
875
847
768
767
4294902549
746
700
756
733
654
759
653
689
758
740
763
737
833
807
762
846
821
731
859
740
803
868
828
704
883
878
876
789
774
889
796
715
776
724
818
682
765
735
751
745
701
745
794
764
720
664
677
638
701
658
719
756
765
877
745
745
744
767
737
706
681
708
702
685
674
231
469
685
644
753
702
387
253
739
707
658
705
701
696
751
750
784
716
753
747
768
701
746
745
4294902548
1363
725
765
681
654
733
694
671
648
657
658
657
680
602
690
749
745
778
713
762
772
789
752
697
747
744
746
700
789
827
756
744
834
788
778
757
743
794
702
788
696
751
744
725
726
833
739
752
745
789
716
865
745
789
783
717
822
782
794
751
752
826
789
784
732
767
782
718
822
789
790
830
838
701
745
787
741
751
756
752
819
681
820
777
789
749
4294902297
208
755
866
789
745
832
801
766
716
657
614
657
658
643
719
738
840
656
834
782
780
720
754
779
754
824
827
750
793
706
863
754
701
745
818
764
756
778
701
789
732
853
711
775
763
772
788
735
733
770
746
754
687
663
666
682
667
662
675
697
731
745
790
731
762
740
750
702
657
702
657
687
644
688
746
669
897
751
749
706
746
743
659
695
654
666
683
646
686
4294902355
758
756
745
745
755
696
744
789
772
810
690
799
701
834
666
818
682
813
687
299
428
694
679
767
718
790
725
751
744
746
745
788
726
801
699
802
871
706
833
800
788
827
673
728
691
625
656
702
749
832
717
861
789
739
663
743
702
750
746
738
769
815
792
789
753
737
745
767
722
705
788
745
789
746
700
784
753
745
745
762
816
701
832
667
828
788
783
4294902505
749
745
821
674
788
797
819
794
701
749
700
790
745
721
781
776
744
749
746
787
711
736
744
759
735
789
695
794
754
833
772
794
789
707
870
781
753
815
684
788
714
776
701
700
673
733
789
729
896
872
833
699
838
789
773
768
731
881
749
701
670
732
701
657
877
1418
688
651
707
708
825
736
900
777
723
722
778
843
788
769
813
657
700
657
701
4294902430
142
895
900
901
886
866
833
791
790
797
735
877
832
861
899
828
789
766
750
849
753
739
790
769
850
789
760
821
680
809
691
798
701
745
756
752
730
700
1402
701
646
672
656
641
674
708
693
745
780
888
910
901
817
744
789
749
767
678
744
713
733
1580
686
901
823
744
788
832
841
772
845
788
744
788
731
849
652
838
831
734
800
700
4294902496
206
694
777
723
853
789
714
736
738
750
745
788
787
813
681
832
806
765
903
855
792
745
782
706
746
656
657
638
621
804
694
897
818
882
833
774
900
900
794
789
817
807
692
811
774
816
806
694
880
751
744
739
783
800
703
833
797
770
842
657
783
717
737
745
833
919
832
876
924
832
788
856
765
744
647
803
700
789
711
822
788
789
786
706
4294902505
72
628
701
696
794
660
745
695
706
745
657
700
754
734
735
760
744
745
700
701
704
745
745
708
737
789
788
755
755
815
687
714
712
674
762
702
833
701
875
789
738
858
777
740
758
732
700
656
614
661
657
613
634
688
715
696
770
714
735
745
701
700
701
635
721
631
662
684
738
701
662
700
706
695
670
693
701
729
672
627
647
657
744
695
665
722
678
700
705
657
675
653
4294902512
592
792
683
387
331
745
664
781
701
705
769
763
781
797
700
832
876
833
762
819
674
727
745
788
747
900
854
788
915
743
900
820
792
785
832
788
783
876
886
920
832
789
749
740
749
739
750
789
739
751
789
835
832
735
712
728
760
745
792
745
789
729
848
701
744
705
788
714
776
723
848
794
749
831
833
744
783
701
749
700
636
630
667
701
734
843
4294902254
1130
789
781
752
743
788
714
781
722
723
701
676
725
651
623
701
675
715
707
794
700
806
687
657
745
700
753
737
613
753
696
658
788
700
740
722
743
689
722
768
701
701
717
685
616
701
666
648
656
614
626
688
665
653
656
711
735
691
710
701
661
701
656
745
782
746
881
792
727
763
700
637
650
641
613
611
657
933
868
876
750
863
712
657
651
642
672
706
761
863
4294902389
226
854
875
920
876
838
787
744
700
657
665
649
690
671
739
663
745
710
672
895
836
827
742
884
753
754
770
739
842
744
701
701
788
701
623
739
701
660
741
714
735
697
660
651
707
745
650
725
684
691
801
699
834
657
832
807
770
792
708
869
801
730
784
716
869
788
722
768
744
744
765
786
714
900
868
876
777
716
745
738
680
727
695
677
765
736
722
4294902372
229
603
670
732
700
668
732
662
701
701
744
657
783
720
734
744
700
657
657
700
748
657
701
744
758
882
812
704
831
745
783
707
743
413
278
802
700
744
756
815
794
700
758
691
700
788
701
700
832
772
749
803
696
837
792
734
718
737
788
784
704
701
700
818
675
832
831
750
870
744
786
838
821
712
788
739
854
739
736
832
738
903
854
832
879
728
673
744
4294902592
744
745
748
743
914
794
788
818
865
773
762
857
846
846
751
900
897
799
831
773
847
787
766
770
701
788
739
793
709
827
413
419
740
836
788
777
816
683
792
701
875
788
729
775
732
744
701
701
788
787
788
748
752
868
832
700
876
791
733
712
700
744
745
699
781
713
831
744
788
745
719
679
663
656
701
657
623
690
700
707
742
700
661
791
709
816
4294902280
899
774
726
771
730
706
794
749
737
745
768
764
656
681
729
734
706
700
715
730
656
700
705
700
1313
827
685
765
735
801
810
765
788
735
798
791
753
735
822
798
700
745
748
787
833
744
407
344
785
734
710
744
751
738
744
782
806
817
685
896
833
787
701
656
749
656
660
653
788
721
872
626
822
677
772
731
867
787
746
791
795
731
683
849
794
745
795
4294902239
305
782
705
744
745
691
713
701
744
787
657
900
820
680
755
745
700
744
700
788
792
772
798
706
788
710
685
652
627
651
487
800
1957
620
653
630
640
640
628
695
662
686
718
656
698
679
719
719
775
725
809
691
754
744
782
706
720
685
709
779
700
700
745
795
779
787
705
701
648
682
678
661
662
612
651
619
656
640
686
720
694
860
744
692
700
701
700
660
642
671
4294902460
739
705
622
861
754
783
705
744
718
727
700
747
739
837
685
802
696
837
792
700
673
640
656
657
699
747
746
655
789
709
780
694
767
694
737
700
718
682
657
656
693
624
744
695
661
789
656
651
674
683
747
838
656
876
761
768
750
665
686
795
705
756
744
818
833
743
754
734
782
735
676
700
705
740
743
745
743
792
744
744
700
718
683
656
712
693
656
657
657
637
4294902523
745
703
788
737
707
745
700
709
715
621
760
743
