670
682
652
660
684
722
766
796
728
706
718
752
750
732
706
680
628
628
660
724
806
850
834
816
802
812
786
754
730
684
700
718
744
742
748
684
664
684
698
718
730
670
662
668
688
710
674
660
672
696
700
668
618
620
646
666
682
698
702
668
668
682
732
702
696
654
668
680
684
698
672
644
634
634
646
604
600
618
630
652
670
666
634
656
662
662
644
626
602
600
600
614
600
600
604
634
648
714
768
796
772
668
682
702
698
696
710
730
732
714
652
664
670
670
680
684
680
650
684
688
712
704
668
680
654
666
736
750
730
652
632
652
680
700
678
628
652
692
756
780
720
678
636
654
632
618
628
618
602
632
666
748
790
834
834
814
780
770
752
752
732
698
656
658
668
704
752
760
754
718
652
648
656
698
744
750
700
714
734
754
732
670
666
680
706
728
734
732
726
724
720
714
700
684
702
746
770
784
752
748
720
666
684
716
716
664
634
652
672
680
680
654
674
688
700
670
634
652
666
682
666
618
652
654
682
714
732
714
722
748
734
686
616
582
600
580
620
662
636
650
722
766
782
782
670
600
364
272
266
344
252
384
272
392
676
780
664
622
658
676
716
748
782
772
746
686
650
634
614
612
590
582
582
582
616
674
762
752
750
748
702
684
636
584
350
264
284
300
282
314
590
698
716
736
766
700
698
686
748
756
778
770
696
652
682
716
756
780
732
668
684
716
752
770
712
682
684
710
710
734
712
690
712
752
748
752
734
682
688
732
720
746
704
710
736
750
754
746
718
720
764
734
734
716
720
712
656
682
700
746
738
702
698
744
774
796
736
732
736
746
674
660
636
636
630
596
590
636
700
776
786
754
762
738
734
696
650
640
676
684
700
682
758
824
838
834
832
774
760
736
666
650
664
666
622
598
552
596
804
846
848
824
798
734
716
716
698
672
696
700
714
688
718
714
718
688
678
650
652
620
632
628
620
616
632
634
620
662
670
684
698
670
634
632
632
650
652
630
604
602
612
588
618
596
586
584
566
566
586
600
646
636
664
618
618
616
650
656
662
664
620
618
650
650
650
636
634
648
662
668
654
650
650
652
664
666
652
634
632
634
634
666
664
654
662
674
682
666
634
666
650
656
642
650
638
616
618
600
614
600
584
586
578
572
566
562
568
566
586
618
584
534
580
618
634
652
648
666
650
652
632
604
586
596
582
568
568
580
636
732
798
790
730
670
664
686
664
682
682
716
722
738
696
666
650
616
632
632
622
616
588
580
596
684
768
866
854
794
720
666
666
682
750
704
646
672
688
726
680
716
688
618
604
610
602
652
686
716
714
746
718
684
656
662
598
588
600
368
264
586
632
634
664
634
586
614
636
650
680
670
682
680
674
692
686
618
598
588
600
634
678
706
714
684
668
618
370
294
252
350
252
368
264
348
256
376
254
328
252
346
274
346
602
666
650
700
666
680
636
616
634
650
666
718
752
748
698
718
732
736
684
682
720
712
682
618
634
682
734
700
688
660
668
682
686
700
632
650
638
668
678
670
652
680
700
714
686
698
632
600
600
634
704
750
810
820
802
780
748
722
650
664
648
656
672
676
630
602
530
636
668
732
800
820
798
734
670
684
634
626
604
630
620
666
582
608
628
600
680
720
750
732
670
696
638
664
568
596
600
600
588
596
620
654
664
650
668
712
702
720
716
670
674
674
712
700
698
686
650
616
630
640
664
700
702
716
682
684
700
672
680
664
604
648
648
700
700
700
686
632
620
634
646
648
660
664
632
626
608
598
614
602
602
628
666
678
694
646
622
616
630
644
656
648
636
632
618
618
616
598
616
588
598
600
606
660
650
688
696
716
698
686
668
630
568
614
616
650
680
690
702
694
652
650
632
614
606
600
600
630
636
632
616
636
716
844
852
834
738
664
682
668
666
648
650
674
714
726
688
696
668
652
648
618
614
620
620
616
598
594
584
636
688
782
800
780
734
680
654
662
684
668
670
682
668
664
648
616
636
654
682
682
682
684
716
732
702
650
648
638
712
704
716
682
688
682
698
716
684
666
684
682
652
636
648
650
652
650
680
704
718
776
740
732
666
648
686
716
750
736
698
736
744
770
700
652
634
382
320
262
450
282
454
300
430
636
700
714
732
686
634
616
648
632
654
652
632
634
670
708
702
704
712
654
632
600
602
598
612
602
620
666
670
646
616
652
670
696
666
666
682
686
668
650
596
600
584
584
598
604
662
732
738
718
648
702
714
700
684
650
652
570
592
554
564
570
584
600
612
590
578
916
890
812
786
732
664
620
374
256
600
634
644
674
732
768
802
782
766
716
752
684
714
670
700
682
684
688
678
686
698
700
732
736
752
744
736
738
750
748
706
690
672
646
604
586
628
650
718
786
766
700
700
716
716
668
650
654
662
670
682
650
666
674
698
716
678
668
682
684
706
682
650
632
600
596
602
636
698
750
788
778
738
686
680
652
648
634
636
630
648
654
688
714
718
686
630
696
718
680
712
746
746
738
726
684
662
622
654
600
618
616
638
672
690
734
782
782
752
770
684
680
622
582
350
252
282
314
252
364
304
346
678
760
730
700
734
802
814
786
732
686
652
612
622
610
616
622
686
768
764
754
760
786
768
752
750
680
652
666
700
748
784
754
712
704
722
746
732
698
684
702
732
732
708
698
676
674
680
670
648
650
652
700
746
784
824
816
716
732
764
786
768
756
760
682
700
708
732
748
716
668
696
706
714
718
682
684
734
750
734
668
680
668
652
630
600
650
672
714
768
700
684
702
732
750
732
666
666
652
670
678
668
652
684
684
682
652
618
632
634
664
668
666
698
654
650
652
680
684
670
682
634
618
648
682
682
704
734
714
716
704
698
682
652
654
612
570
350
266
580
622
700
734
746
686
734
752
766
764
716
668
682
670
700
732
752
748
686
734
750
802
802
730
720
698
732
682
636
678
704
750
716
738
762
818
702
748
732
670
666
650
670
678
654
630
606
636
664
684
714
718
726
724
734
684
714
622
400
280
266
396
256
416
284
430
668
716
670
714
748
754
764
766
734
686
716
700
714
714
654
650
652
670
696
684
672
684
660
636
382
302
266
332
252
366
252
380
282
386
664
716
702
652
648
684
734
732
734
720
714
668
632
602
668
682
732
718
732
688
682
650
566
366
252
266
368
252
442
270
464
306
368
252
544
768
848
750
718
684
668
634
382
252
266
332
252
380
252
386
262
438
702
764
698
662
676
730
784
792
686
706
718
702
678
654
662
656
660
638
680
702
716
752
750
684
630
632
382
308
252
432
662
700
688
700
698
666
634
668
700
716
702
700
700
702
696
702
698
684
700
738
766
796
720
780
766
768
684
700
700
704
668
612
650
666
704
714
684
684
698
720
714
668
698
686
700
698
636
668
678
652
652
680
720
748
752
716
650
666
668
698
736
768
832
816
720
680
686
716
718
736
730
734
800
834
818
796
736
768
730
738
680
720
700
768
828
836
814
834
856
834
764
582
350
472
284
330
282
362
270
364
286
372
300
362
632
684
700
750
736
764
686
718
714
686
700
648
664
684
702
736
766
682
750
754
796
784
738
744
750
786
718
730
702
722
714
680
702
728
788
800
718
730
736
798
788
762
686
722
746
752
696
718
752
750
696
656
712
752
768
748
684
682
700
666
634
648
668
718
768
736
752
768
780
748
720
716
714
718
720
732
682
700
700
732
734
670
712
706
730
672
646
646
622
626
638
632
682
752
784
748
754
750
766
734
730
718
636
634
664
670
748
814
820
830
768
716
700
718
750
686
414
304
298
430
262
490
300
482
290
446
644
704
702
714
732
686
648
632
656
666
698
730
652
648
686
798
818
834
832
768
748
672
714
700
714
702
714
686
686
682
700
696
634
652
668
698
666
700
718
784
780
702
682
670
682
684
698
666
650
682
736
784
766
720
748
764
736
716
668
664
686
700
748
766
718
716
718
750
716
684
700
750
782
784
750
684
670
696
732
718
732
668
634
650
666
700
718
732
682
734
748
702
700
684
714
702
714
686
668
632
654
696
750
768
716
716
748
732
702
716
714
668
666
636
698
716
720
716
698
748
784
784
734
650
682
418
298
252
450
272
410
268
364
270
382
266
416
270
382
252
384
252
378
266
382
252
352
252
394
254
414
252
446
270
448
268
466
280
452
272
380
284
384
252
464
280
452
280
420
266
416
252
384
284
362
252
450
272
462
282
468
280
470
284
432
264
454
280
434
266
422
260
404
252
430
266
420
266
482
300
466
282
402
286
382
252
484
294
470
284
468
280
434
266
432
260
440
268
452
274
440
266
418
252
402
280
416
252
500
784
816
698
716
768
734
664
402
266
284
382
252
416
266
402
266
382
252
382
252
414
252
416
266
450
282
434
266
368
300
284
252
330
252
332
252
466
280
498
302
468
282
502
302
482
766
818
780
738
768
700
698
632
666
652
684
680
668
668
682
634
602
650
664
650
670
680
704
700
632
632
634
650
652
682
680
704
698
718
714
718
716
666
656
680
716
732
684
632
636
700
684
682
646
668
668
686
712
668
618
666
680
704
702
700
702
648
682
636
382
298
252
416
252
432
266
430
268
452
282
498
302
532
822
862
816
780
772
736
732
698
668
666
636
614
634
616
668
702
766
768
734
682
732
734
732
756
748
698
632
620
616
648
654
678
640
664
666
666
636
666
586
352
294
268
368
268
398
252
466
282
436
316
382
272
412
282
366
268
348
252
384
266
374
258
370
268
382
300
334
334
296
252
336
264
320
582
654
698
762
734
684
672
682
682
698
648
654
684
686
698
718
686
698
714
714
722
732
718
684
648
668
718
730
672
628
636
680
720
784
794
770
702
704
728
718
720
714
716
684
698
688
734
732
702
702
714
730
716
686
690
692
730
702
700
716
722
736
698
728
734
768
702
714
720
762
772
702
698
698
716
714
688
648
652
648
680
704
748
752
748
684
716
720
732
700
730
688
698
684
714
718
704
712
666
668
718
732
716
668
682
668
650
666
654
678
688
680
652
664
684
702
714
682
660
706
766
772
764
688
696
750
768
748
718
732
754
746
716
668
684
686
714
666
704
780
798
752
700
748
736
748
734
702
682
682
736
738
730
682
732
750
754
780
684
720
466
280
666
668
690
662
682
698
718
716
652
698
702
734
698
664
684
686
698
698
638
650
682
718
734
778
718
734
730
722
718
698
718
698
718
700
700
698
750
768
730
654
636
612
368
282
268
334
252
348
252
378
252
370
262
366
288
362
272
364
252
398
284
350
252
382
282
334
264
350
252
334
264
304
330
252
252
280
252
300
252
312
252
346
612
688
686
726
792
830
864
838
848
834
714
746
706
686
716
714
700
698
654
646
648
602
614
620
682
754
828
800
716
720
816
848
820
734
730
748
784
702
714
734
800
734
730
734
788
780
698
632
390
280
252
446
268
450
284
480
766
804
748
748
738
762
652
682
602
614
648
652
698
684
682
652
668
668
664
684
648
632
618
634
648
584
566
600
682
752
764
718
666
400
252
300
266
252
360
252
354
596
632
616
586
664
682
804
832
848
836
828
818
798
786
752
780
784
780
766
788
814
786
816
800
764
716
700
738
758
768
686
746
754
766
750
766
736
778
720
748
736
682
744
726
728
734
716
434
350
264
486
294
504
718
702
646
418
268
264
418
252
430
262
418
254
414
254
396
252
482
298
500
302
550
332
468
284
414
252
464
284
434
264
434
266
420
266
386
280
398
252
418
264
452
284
414
654
730
734
734
732
686
696
684
416
314
252
418
252
446
268
416
252
448
268
414
252
448
268
468
280
468
284
500
734
750
718
732
450
316
264
452
272
396
252
448
268
476
288
466
282
450
284
370
264
434
264
468
280
486
298
404
252
364
252
382
252
380
252
366
264
334
252
348
252
362
254
414
252
484
300
434
264
538
328
470
284
532
320
512
316
418
252
486
292
422
254
460
278
438
262
454
272
394
252
446
270
484
780
852
806
794
786
764
766
720
714
736
750
750
702
698
666
714
702
700
666
632
652
684
730
714
688
684
730
754
714
654
678
668
698
706
698
698
700
750
770
780
702
748
716
718
668
714
702
750
748
734
738
696
682
684
682
668
682
688
764
716
732
700
702
698
716
702
716
718
766
684
684
664
402
300
266
402
252
380
254
396
252
412
252
464
284
436
268
402
662
706
698
698
682
666
654
698
636
702
680
732
682
670
700
702
730
668
682
666
670
648
618
650
648
636
630
634
650
652
654
662
634
618
582
350
268
264
350
252
366
266
416
252
450
272
444
268
414
252
498
298
486
294
538
322
414
266
448
268
418
252
430
268
384
264
368
252
380
268
384
252
414
284
380
252
404
262
380
270
352
268
402
580
584
350
848
516
586
584
616
616
650
666
666
650
650
616
586
598
366
286
268
394
272
446
286
432
286
446
652
666
638
714
764
822
848
814
750
740
760
720
714
682
718
720
698
634
630
618
684
664
718
686
684
698
718
730
684
668
618
648
646
674
680
668
682
682
668
682
618
634
650
634
634
680
716
674
622
374
332
254
412
266
436
266
366
302
298
252
388
658
718
666
400
368
734
798
686
714
690
690
636
650
670
764
770
780
818
818
830
814
720
734
700
764
702
700
702
716
766
786
800
812
738
766
716
684
682
670
712
718
650
652
682
716
700
666
718
748
716
684
704
742
748
726
700
698
694
692
680
682
700
720
748
732
668
682
682
702
650
646
638
662
700
720
750
702
684
730
718
720
680
636
632
380
330
252
454
316
414
270
434
280
350
268
364
252
370
254
444
266
448
268
400
252
380
254
412
254
484
666
680
666
622
630
618
600
616
632
636
698
752
718
716
616
616
370
260
254
298
252
434
262
470
284
466
282
452
682
666
668
650
650
632
670
414
316
252
434
262
436
270
430
264
454
280
438
684
714
698
716
716
718
652
618
384
314
268
434
266
498
300
500
304
494
756
796
734
750
702
652
662
690
726
770
730
688
716
748
750
700
666
684
798
786
832
784
752
766
768
780
716
706
714
716
702
680
636
634
668
700
730
702
686
714
718
734
750
752
730
684
688
696
668
666
666
684
684
652
650
664
654
666
766
800
804
796
784
764
738
734
714
684
698
670
748
754
796
804
818
814
736
712
684
656
646
618
616
632
684
656
710
736
668
700
716
734
750
734
686
716
730
754
764
734
736
682
716
752
782
784
734
666
682
688
732
750
714
674
678
718
752
764
684
718
698
752
734
700
698
702
750
766
750
720
746
736
750
816
602
732
734
766
718
704
714
748
682
638
662
658
712
668
700
750
750
768
716
716
668
698
652
634
632
636
664
726
742
770
734
748
466
280
686
652
632
386
314
252
430
270
432
260
406
270
380
286
366
252
412
270
398
270
430
284
432
302
402
266
464
284
400
252
380
268
416
252
432
268
396
254
418
282
382
286
364
252
416
252
414
252
466
284
432
266
400
252
430
266
452
286
450
300
418
282
412
252
420
266
416
252
446
268
414
252
416
252
400
282
402
264
436
266
466
318
370
260
384
252
400
252
430
264
356
282
314
254
328
252
364
252
370
252
380
268
332
252
348
252
380
254
330
282
318
252
546
332
470
300
514
308
444
288
444
268
484
296
404
268
432
268
384
252
392
286
302
252
362
252
316
300
252
252
312
252
332
252
350
252
410
256
496
300
532
804
850
814
786
750
700
700
666
632
636
602
380
252
580
582
634
732
772
846
800
820
766
716
432
264
272
348
252
414
252
398
252
380
268
366
568
616
632
634
634
664
668
686
682
650
618
616
602
598
586
632
584
628
620
618
566
582
570
600
584
612
638
696
718
720
730
696
636
648
648
640
628
652
698
750
756
746
682
684
714
704
686
666
650
678
734
768
804
816
732
664
684
702
712
704
730
688
644
638
680
702
702
746
738
744
672
698
698
672
664
632
700
764
806
746
788
814
836
814
746
702
650
600
364
270
268
350
252
398
268
414
268
402
614
700
730
736
784
732
682
688
710
686
702
698
670
700
614
688
714
734
682
716
718
748
722
730
666
700
734
702
712
702
752
718
696
688
682
632
632
652
714
638
682
682
714
634
716
718
766
718
702
734
718
698
664
668
670
676
638
616
634
648
682
686
666
672
630
632
636
666
616
616
632
402
266
632
682
668
620
612
616
388
282
618
630
632
702
732
750
768
716
750
716
682
670
648
404
276
304
368
264
436
266
470
284
446
282
398
700
752
782
752
662
716
670
698
666
618
602
600
680
720
798
784
784
682
666
700
668
400
266
568
596
586
582
602
612
684
702
650
698
702
732
716
734
716
686
684
416
298
316
336
266
400
264
402
252
414
284
412
270
454
296
416
252
482
298
418
252
448
268
436
262
386
252
396
252
448
268
466
280
518
316
484
634
698
652
716
702
666
400
254
612
368
348
252
466
280
486
300
400
252
350
262
386
252
382
252
400
262
418
300
366
252
382
252
382
252
364
286
332
252
414
252
464
282
450
718
718
682
668
664
402
266
298
302
252
398
252
382
266
332
252
362
256
360
252
352
268
382
252
564
338
528
316
552
332
518
316
482
290
446
268
414
252
396
252
418
252
448
268
436
262
432
264
418
270
414
252
412
252
368
252
348
252
348
252
380
252
398
252
466
282
452
282
466
284
484
300
434
264
436
266
420
260
402
266
352
252
366
264
348
252
368
252
400
264
384
252
382
252
414
252
482
684
764
802
816
816
800
766
750
716
652
634
684
780
850
868
816
800
804
780
716
652
398
252
264
400
252
430
268
484
290
492
302
500
302
480
300
468
282
486
296
454
282
452
280
468
282
402
252
400
264
466
282
486
300
466
282
468
282
500
302
484
296
536
322
462
282
418
252
496
300
452
282
484
298
452
272
496
298
434
266
470
284
416
266
402
262
450
272
464
284
450
282
400
284
386
252
428
256
510
316
500
302
484
298
450
272
514
312
486
298
420
266
382
252
382
252
382
252
414
252
448
270
416
600
650
698
784
834
850
834
834
748
720
700
700
432
300
252
464
278
426
264
434
268
444
270
434
264
436
266
466
280
470
284
436
264
418
252
464
280
470
284
466
280
470
284
432
268
416
252
398
284
334
252
398
252
398
252
398
252
382
262
368
252
350
252
330
252
350
252
514
308
542
326
522
314
536
322
516
748
784
768
746
716
700
686
666
682
670
680
650
636
616
632
602
646
670
668
680
718
700
724
740
738
732
734
732
718
730
718
706
726
686
668
666
698
716
688
696
734
718
668
634
382
332
252
416
252
464
284
432
266
436
266
432
268
366
252
364
252
350
252
398
252
430
266
450
272
464
280
402
266
452
282
468
280
504
302
462
282
402
284
414
252
498
298
454
282
452
282
382
252
434
262
454
282
388
280
384
266
418
268
412
668
700
636
622
640
650
716
752
768
698
702
750
720
730
698
714
688
732
686
696
648
666
670
698
670
648
684
720
764
732
684
732
718
736
728
672
694
700
702
722
650
644
650
688
696
666
650
670
704
726
684
650
658
664
706
692
728
654
680
684
700
682
618
618
632
622
628
640
680
646
634
650
700
700
732
686
680
652
700
730
736
784
768
782
768
752
666
668
430
264
654
628
622
664
666
636
666
766
766
734
682
686
714
734
682
652
666
684
684
664
650
602
596
572
604
642
686
734
698
718
766
798
770
802
796
768
768
734
748
704
694
636
650
682
702
750
716
716
718
798
738
766
700
682
652
680
684
684
700
684
666
632
670
632
652
634
670
678
704
698
682
680
654
648
618
600
586
612
620
630
634
688
716
718
696
672
630
634
402
262
304
332
270
394
290
378
252
436
282
398
636
662
636
652
682
702
736
660
638
584
664
684
716
716
734
704
698
632
636
614
586
364
284
268
332
252
334
284
348
252
446
302
448
286
514
732
772
764
752
730
734
704
696
700
722
762
736
682
734
766
818
764
734
634
384
366
252
464
284
414
252
404
266
400
252
410
270
414
288
446
700
720
764
782
716
650
684
718
700
702
668
712
720
730
720
696
638
632
636
682
748
752
784
780
698
684
682
688
714
734
732
714
654
718
716
732
720
716
682
698
718
716
682
666
652
682
648
636
646
672
680
682
668
682
636
620
664
632
632
384
252
550
334
298
252
350
266
366
262
374
260
416
270
448
286
448
302
432
264
452
272
444
266
470
298
432
268
432
270
430
266
466
280
454
272
428
270
430
268
416
252
364
268
364
252
432
268
452
284
432
264
534
320
480
290
526
316
470
284
466
280
484
302
428
270
450
286
400
264
368
252
366
264
388
264
366
270
362
252
382
252
380
252
398
252
382
266
398
252
434
266
468
280
484
300
400
252
400
252
464
280
454
280
470
284
496
300
434
266
384
252
398
252
414
254
412
252
432
268
366
266
380
252
400
252
386
280
386
252
462
282
450
272
462
280
436
266
418
252
464
278
406
252
432
264
418
252
416
266
398
252
432
266
466
284
448
268
436
266
366
252
432
264
450
272
478
286
368
264
300
252
382
252
398
266
396
254
380
252
432
264
472
284
448
684
746
768
736
714
686
716
682
666
650
668
716
752
780
800
800
750
652
398
334
252
450
278
436
266
434
264
434
266
450
272
444
286
402
282
382
252
396
254
330
252
300
266
316
252
482
296
486
292
508
304
496
298
516
310
492
298
470
284
468
280
436
264
416
252
414
252
382
284
348
252
382
252
400
282
432
264
502
302
450
280
518
318
418
252
496
300
434
262
454
284
414
252
430
266
386
252
402
262
400
254
414
252
446
620
666
698
720
768
746
766
718
698
650
634
654
664
700
682
666
602
666
634
664
636
584
614
368
280
268
352
264
420
264
384
252
382
252
348
252
364
254
362
302
304
260
352
252
364
268
316
266
314
252
348
268
316
252
350
252
412
286
398
286
432
266
450
272
430
266
418
264
418
252
414
252
382
268
400
264
418
264
436
262
470
284
448
270
500
302
448
282
434
262
454
272
394
286
346
252
350
252
346
252
350
252
364
252
416
252
530
320
526
318
452
272
460
284
466
282
484
290
462
282
466
284
450
282
402
268
414
266
418
252
430
266
352
266
400
268
414
252
418
266
432
264
454
280
452
272
398
266
416
252
478
286
434
266
436
262
384
266
386
252
426
256
434
264
450
272
396
266
382
252
414
252
446
268
418
252
414
252
398
252
414
252
418
252
416
262
352
252
364
252
350
252
380
252
398
266
450
272
464
282
500
302
464
284
416
266
450
282
404
266
416
268
368
264
368
252
396
252
350
252
348
252
348
252
382
252
416
252
430
264
456
278
436
262
402
252
436
262
438
262
450
272
382
264
334
252
350
252
366
262
336
300
334
252
378
254
380
252
352
264
368
266
336
262
338
252
364
264
334
252
332
252
314
266
334
252
316
264
300
252
318
252
280
252
314
252
318
264
364
254
382
252
416
252
448
268
416
266
418
264
418
252
416
252
446
268
468
280
468
280
486
298
436
266
466
282
384
252
350
266
318
252
346
252
364
252
384
284
350
252
396
252
348
270
348
252
414
252
432
266
400
252
384
252
380
252
382
252
366
282
330
252
332
252
318
266
332
252
348
252
332
252
314
252
296
252
350
252
418
264
484
296
538
322
530
330
502
302
566
346
486
292
558
334
484
296
536
322
430
264
468
280
470
284
434
266
434
264
468
282
502
302
432
284
432
266
484
300
450
272
446
268
468
280
484
298
434
266
404
252
396
252
414
252
450
318
430
266
520
316
450
272
494
300
500
302
498
300
466
282
470
284
518
310
506
314
468
280
486
300
516
316
536
322
496
298
468
282
518
314
468
284
418
252
498
298
486
296
488
294
454
282
486
292
506
304
456
714
746
782
766
732
768
734
682
652
400
318
252
494
298
454
284
400
252
480
290
428
264
436
264
452
272
430
262
438
264
466
312
388
288
410
252
418
284
422
254
446
274
480
672
740
684
650
658
678
414
316
284
454
278
422
666
710
696
688
710
692
698
700
698
680
694
706
716
720
730
762
794
786
702
678
650
652
684
666
700
716
716
668
650
652
714
718
