432
274
482
794
824
836
826
826
736
738
760
792
830
838
786
752
782
770
714
668
708
744
800
832
802
812
516
310
674
786
818
808
790
782
774
776
770
754
710
790
782
852
832
792
788
804
814
776
710
748
758
734
670
704
736
776
760
728
778
782
746
688
708
802
850
868
854
820
870
884
868
830
782
802
812
828
798
740
780
818
844
828
772
812
828
842
768
692
746
754
776
752
676
736
766
790
764
724
776
766
728
696
700
698
652
688
722
768
790
790
718
698
660
762
740
722
696
766
802
830
856
830
744
778
778
784
736
722
756
802
828
854
840
780
790
788
774
734
682
708
744
794
826
826
798
820
832
816
814
730
724
780
810
824
810
770
786
800
766
712
732
790
808
744
646
686
698
700
758
722
674
736
778
782
760
692
702
736
766
796
742
766
832
848
846
780
674
656
710
762
774
762
754
742
774
750
774
786
774
762
728
688
706
736
770
824
838
826
794
798
774
750
688
600
644
658
686
784
816
786
822
842
838
848
830
822
804
798
780
788
820
836
852
830
824
776
824
838
854
816
778
810
828
844
786
808
834
806
716
736
770
796
760
724
788
806
814
742
690
728
740
738
694
638
640
720
786
826
860
800
806
818
816
794
712
722
740
754
758
744
704
742
780
804
818
758
770
790
792
790
746
790
814
832
800
802
824
834
760
702
738
766
780
738
770
824
826
806
744
762
784
788
756
730
784
794
802
772
768
794
794
734
706
742
794
828
802
742
774
782
754
674
664
706
704
724
710
672
736
738
730
650
680
674
708
706
660
706
788
828
862
858
838
790
782
784
778
778
754
684
716
740
758
778
720
720
780
796
806
748
744
754
766
752
700
734
758
774
724
662
680
728
768
728
664
630
596
636
808
798
788
784
734
688
680
662
636
628
632
656
684
696
710
750
760
748
724
706
686
658
720
744
786
790
772
738
734
750
756
766
768
756
722
692
728
740
732
684
688
724
754
770
776
722
680
702
708
708
722
700
642
658
676
712
724
670
632
706
720
714
650
708
710
752
722
708
762
762
752
730
686
626
598
604
608
622
658
708
770
758
716
686
714
740
778
818
838
832
808
756
760
756
768
800
818
832
806
736
746
770
786
774
704
704
728
756
790
768
816
854
834
802
740
774
778
776
704
738
758
766
690
640
668
670
646
694
794
826
760
786
838
806
738
748
758
762
760
720
692
722
728
722
690
732
770
784
796
802
704
738
760
736
714
768
788
800
764
740
688
670
726
734
684
686
730
756
794
796
770
698
722
722
694
664
640
676
736
720
698
642
692
728
716
736
668
730
728
756
770
762
708
740
768
774
772
754
746
726
730
710
670
614
668
694
726
746
718
686
718
734
718
726
658
656
676
690
700
694
672
646
676
704
730
756
768
756
692
700
736
766
790
778
716
664
710
668
654
674
698
658
718
784
818
782
714
774
778
774
720
666
720
754
742
668
728
758
790
722
690
748
746
760
724
724
772
788
796
792
762
742
762
776
768
738
724
776
800
820
820
810
786
806
782
762
766
736
680
688
744
788
810
820
808
758
698
758
754
754
760
740
654
684
700
684
630
696
746
824
836
778
790
826
842
822
764
732
762
776
780
756
678
636
632
666
670
662
658
660
658
676
714
774
794
768
652
642
664
670
564
676
624
644
600
660
602
636
594
596
588
576
534
548
616
638
662
692
720
706
714
698
684
726
752
836
874
860
888
906
858
842
844
816
804
720
700
700
680
656
668
724
780
828
842
820
796
798
772
764
692
698
740
772
814
746
674
764
780
748
664
720
770
798
710
746
776
786
702
732
778
808
804
746
798
808
752
754
776
810
864
850
850
852
830
808
780
788
808
796
700
676
706
736
712
686
774
826
856
798
818
842
842
838
824
752
740
766
788
790
762
696
738
756
766
734
668
688
700
680
646
636
678
724
756
714
780
804
792
718
638
736
746
772
794
788
702
800
796
784
740
740
784
814
836
816
808
812
816
692
722
750
790
806
780
758
814
832
836
800
806
782
794
766
702
732
766
766
788
738
662
662
676
702
748
750
704
754
770
764
720
710
734
748
754
738
692
704
744
756
748
710
726
740
724
706
696
726
740
724
664
664
634
642
612
692
698
710
768
786
790
782
756
708
736
720
678
744
722
726
730
712
712
704
734
744
726
680
772
786
810
824
802
738
716
738
746
776
754
746
788
796
770
746
780
758
758
712
716
736
742
766
738
726
722
722
638
648
608
616
642
686
714
718
752
792
784
754
734
694
660
644
664
682
704
712
758
788
790
790
754
712
680
722
744
768
806
816
800
764
764
762
736
688
754
782
804
778
766
806
782
702
674
718
714
696
638
692
746
784
726
740
580
350
662
698
672
700
760
820
766
800
854
846
766
776
790
832
838
788
776
786
788
800
778
698
744
756
776
760
764
800
810
830
772
740
770
794
794
796
758
720
754
766
792
784
724
752
770
778
764
780
712
774
814
788
808
724
738
746
734
682
638
650
692
732
802
810
780
808
806
804
744
698
726
726
734
696
644
386
350
744
788
812
802
760
744
758
740
714
674
720
756
792
796
728
744
744
728
666
686
742
734
710
620
654
696
638
636
636
680
736
768
790
766
702
706
734
796
796
798
758
678
694
722
724
716
680
738
802
780
836
748
666
744
740
762
768
736
664
402
338
290
464
758
772
768
774
672
722
754
776
782
760
696
688
718
728
736
692
654
684
722
756
766
690
684
716
724
720
672
710
750
786
776
740
780
778
718
666
684
594
356
258
578
584
584
598
612
614
628
626
642
696
734
714
744
726
682
618
636
622
626
630
672
746
804
830
852
856
860
802
788
788
770
724
750
772
786
744
728
756
868
820
786
758
756
740
752
680
718
734
718
656
672
698
702
656
630
630
658
688
684
634
628
646
668
734
718
646
666
660
670
654
616
592
604
632
634
642
664
726
784
790
818
814
766
784
784
766
760
772
782
810
828
836
850
822
776
782
806
820
852
856
830
804
786
764
694
700
744
844
788
814
870
884
828
850
838
790
698
692
720
726
716
690
702
766
790
810
754
818
860
864
846
766
818
784
756
698
724
772
816
822
818
726
712
760
732
688
660
700
726
740
704
728
746
730
700
672
678
718
752
712
672
668
690
672
664
696
740
828
746
742
770
770
722
664
700
744
776
802
740
726
772
804
822
778
694
734
762
778
804
748
776
808
794
830
752
792
798
828
782
772
772
770
772
716
734
770
810
790
734
784
842
768
748
754
786
800
750
656
698
696
716
748
756
690
722
754
762
678
630
380
266
608
596
730
772
796
800
830
796
792
582
990
798
794
776
756
824
812
832
804
860
786
750
694
698
670
712
698
750
672
728
694
676
718
578
346
646
794
760
710
650
632
648
658
698
764
762
730
786
792
770
812
762
748
702
684
720
772
800
778
718
760
730
766
800
812
794
762
696
690
714
702
714
778
824
812
828
800
786
766
690
682
720
736
760
710
686
756
786
764
732
752
764
732
664
638
680
706
712
658
688
744
748
684
732
732
694
652
392
252
714
692
740
736
692
646
652
716
698
682
714
760
776
770
772
778
770
724
728
748
766
780
770
734
698
706
698
648
390
292
680
736
750
710
682
692
788
764
774
724
680
708
692
744
702
692
764
790
778
736
658
664
750
730
726
704
650
666
686
718
746
728
684
710
744
744
766
744
740
742
708
772
740
704
730
734
736
736
702
728
744
752
726
668
716
726
726
678
700
760
744
698
730
752
768
714
704
746
734
728
696
670
724
734
738
706
646
726
726
764
778
740
794
772
770
726
708
702
778
750
722
694
732
748
758
710
682
716
740
726
640
644
642
672
686
678
664
734
764
804
788
770
718
722
702
652
654
698
708
730
730
684
724
740
744
746
708
672
682
706
716
656
708
718
740
750
706
680
718
728
748
724
702
760
740
706
676
692
626
634
624
648
716
776
740
650
672
404
316
278
450
644
690
708
754
748
740
696
754
730
720
696
652
726
712
724
802
710
702
744
750
744
720
616
676
700
698
672
670
724
728
754
674
700
632
648
662
656
658
684
676
782
736
652
654
674
698
682
772
734
714
732
692
716
658
604
362
282
628
638
710
704
736
700
696
696
682
724
730
776
746
720
728
704
708
686
668
670
694
708
658
630
654
708
756
788
790
756
670
672
692
692
692
690
686
622
666
608
650
682
758
756
724
646
644
650
626
688
672
672
686
700
654
600
682
688
710
764
770
770
690
706
692
650
640
646
642
682
674
676
624
596
582
560
540
660
690
730
768
776
778
772
766
748
746
750
768
776
790
778
796
800
794
786
776
804
780
748
710
668
614
616
644
730
854
856
880
856
848
766
692
766
784
806
810
798
726
686
712
706
712
694
668
610
614
640
678
724
696
680
712
764
794
746
744
764
700
664
664
646
650
634
662
658
654
680
742
772
782
556
334
674
772
782
750
674
678
654
734
760
782
808
768
712
640
636
636
668
724
838
840
838
814
820
812
796
782
752
686
652
642
684
726
768
796
716
706
748
746
742
674
678
690
754
786
738
644
706
698
724
750
786
798
816
800
780
740
640
718
674
654
644
620
602
632
662
660
612
612
644
640
652
596
594
592
594
584
590
586
566
584
592
634
636
596
560
610
628
614
616
622
664
704
744
758
724
680
698
692
676
714
736
750
684
654
662
628
646
632
614
600
618
608
600
626
652
652
680
720
774
742
698
646
634
696
718
728
724
786
816
828
820
772
748
746
754
730
720
764
812
756
828
792
812
762
706
710
762
784
798
734
736
768
772
774
732
762
776
772
738
664
402
286
702
728
750
778
766
738
688
694
668
604
644
622
662
684
692
706
796
848
854
838
806
758
754
736
726
712
682
650
676
716
728
760
736
666
722
746
716
778
724
668
676
714
734
746
738
696
720
762
734
694
656
676
700
762
790
758
734
776
770
800
744
696
792
806
772
730
714
764
768
732
646
718
724
758
748
684
746
766
798
740
664
660
658
634
596
606
668
726
788
792
750
790
748
770
630
380
252
630
636
676
700
690
680
722
726
656
674
706
804
756
752
760
696
648
654
656
680
646
662
698
708
780
708
760
802
812
792
782
708
732
746
764
758
720
664
698
738
756
728
752
650
690
722
736
690
620
668
692
702
732
690
682
722
736
734
700
676
716
704
720
712
632
630
646
678
716
746
716
708
742
740
784
770
734
686
708
724
690
660
676
730
760
780
774
740
728
688
686
628
620
618
576
566
652
704
660
662
652
672
710
686
786
742
706
606
364
292
610
628
656
676
658
722
648
704
750
794
818
816
824
832
814
782
824
792
800
808
812
810
796
782
842
776
692
702
734
718
718
646
620
618
636
652
664
650
650
730
756
770
706
704
718
708
702
706
704
706
698
708
706
706
728
734
746
680
660
672
690
662
646
652
650
658
692
734
690
692
740
792
772
764
744
704
676
718
716
684
662
654
652
686
700
728
712
660
632
586
640
612
632
646
646
682
730
730
686
776
740
716
694
692
740
722
700
680
690
718
752
728
744
698
752
776
778
734
678
734
742
766
736
744
632
628
660
624
620
622
644
674
684
760
786
788
756
738
664
632
634
650
666
686
676
628
662
640
618
680
684
730
680
656
684
716
728
706
666
662
686
710
730
724
694
656
708
694
640
644
634
652
684
642
646
664
676
706
714
666
656
704
724
738
770
762
720
690
716
706
700
708
698
694
660
698
720
732
758
750
718
728
702
698
718
690
656
676
716
732
796
752
776
708
702
740
656
616
634
630
664
674
698
722
736
750
732
704
646
388
306
712
726
758
748
696
718
728
736
714
696
746
766
746
702
620
650
646
686
642
670
648
636
632
658
678
672
682
692
686
682
670
676
696
708
714
686
634
712
734
756
782
784
712
680
696
718
720
734
674
684
706
752
774
746
700
734
742
750
746
706
662
700
720
708
672
646
642
644
692
678
660
716
726
744
738
682
614
640
648
690
722
690
748
796
820
824
798
824
850
822
812
744
692
670
734
728
708
698
710
724
806
794
740
772
764
840
834
824
810
792
812
804
796
740
730
764
788
794
788
742
766
794
796
796
716
764
776
760
684
714
716
790
794
764
726
796
796
810
774
770
778
772
782
788
722
748
770
744
826
742
730
774
786
818
780
744
762
764
750
740
690
704
792
764
754
726
732
750
756
752
700
728
736
740
762
702
690
752
756
760
740
660
750
760
760
736
738
714
732
716
666
680
686
718
740
718
694
704
700
722
702
666
744
736
756
780
750
736
760
754
758
770
738
752
726
694
660
728
776
744
686
736
738
746
718
702
688
690
674
678
658
674
670
628
638
636
680
720
758
718
712
726
726
696
696
644
694
708
710
684
690
748
738
758
726
686
704
706
730
736
736
718
736
752
740
804
754
714
742
726
722
716
692
764
776
792
802
790
722
754
756
756
766
774
714
682
718
712
718
732
668
634
700
692
692
762
718
670
736
728
720
738
748
742
712
744
696
694
700
698
656
744
738
764
732
644
722
686
698
642
676
650
686
720
734
700
700
716
724
712
676
688
690
702
718
742
700
702
732
726
726
678
680
702
698
716
704
698
752
794
788
798
748
762
750
724
762
718
676
712
726
732
732
728
660
682
674
684
708
736
746
658
688
628
582
370
282
758
762
782
782
758
764
786
780
774
748
724
708
696
702
740
772
784
774
838
786
758
740
724
764
736
716
710
692
744
740
732
694
672
668
660
670
664
670
670
666
690
726
674
656
660
664
674
686
698
640
646
388
278
680
700
720
688
654
694
718
718
754
692
700
724
744
742
746
724
738
750
752
772
752
704
716
708
706
672
668
680
714
708
802
744
684
698
418
320
706
704
670
682
650
732
730
724
714
686
630
380
264
622
614
640
696
718
718
708
716
718
706
706
692
658
652
648
622
598
658
648
700
714
676
788
804
820
824
830
