800
770
496
908
808
848
838
816
796
740
730
684
652
666
700
766
820
878
870
784
846
902
968
932
914
754
690
714
794
866
954
900
746
756
784
780
734
804
880
818
716
768
816
872
862
762
702
718
688
694
654
682
870
1028
988
932
914
886
882
902
822
806
752
702
766
804
882
800
718
866
888
798
798
816
884
852
816
750
798
800
818
814
748
776
772
806
750
802
832
852
818
766
798
836
852
834
764
782
820
850
866
818
762
804
832
834
800
760
758
800
868
818
778
804
850
848
776
742
784
818
884
832
770
830
870
846
740
698
664
704
712
704
714
786
880
936
918
834
730
752
814
770
768
736
776
852
946
972
882
768
764
770
714
700
706
730
698
670
746
824
926
1018
932
786
816
786
844
816
754
814
854
914
900
802
798
800
800
788
794
786
712
752
816
884
888
828
786
800
850
816
772
744
802
838
882
848
764
800
800
804
834
784
812
854
868
828
756
766
796
804
796
768
716
670
662
702
782
784
752
700
780
834
834
828
756
696
702
734
772
828
732
686
698
700
698
714
806
930
902
768
782
768
766
764
738
694
738
812
880
870
768
800
802
812
808
762
800
848
906
898
810
804
820
864
820
746
768
784
832
850
782
818
832
822
860
784
784
820
850
882
786
764
816
852
870
842
764
790
770
780
784
748
798
828
858
882
770
732
720
760
720
706
680
730
768
830
870
800
716
702
734
750
734
700
738
782
832
814
756
742
456
312
774
780
734
714
748
798
754
722
718
784
814
834
768
778
760
806
788
766
734
786
762
808
764
732
756
782
784
784
698
780
764
784
738
682
754
764
770
732
682
652
734
750
814
784
734
770
832
800
832
736
768
736
764
730
672
654
630
678
636
716
754
804
748
732
752
796
816
820
862
736
764
788
800
816
818
746
820
886
936
928
802
782
798
818
800
752
750
782
756
716
698
734
714
688
682
666
668
650
634
662
636
632
624
598
550
400
268
654
708
750
736
690
714
662
666
634
668
672
730
800
760
722
734
736
798
884
816
760
774
796
788
750
702
716
712
654
640
594
648
680
756
830
848
822
768
732
716
732
702
700
696
670
672
644
686
652
738
844
932
952
898
836
714
744
790
770
786
712
668
668
762
802
816
788
732
682
466
280
652
684
700
832
936
966
866
780
774
846
834
834
866
768
814
846
888
888
880
832
752
734
796
818
852
830
700
754
798
832
786
780
652
402
346
254
496
700
718
652
700
668
716
764
730
672
682
702
714
714
788
880
898
890
872
768
750
786
804
762
726
798
864
884
850
784
686
678
732
852
950
952
942
904
784
800
848
886
882
834
840
892
970
950
882
752
802
816
860
856
782
800
916
968
900
780
844
858
934
896
734
734
788
816
832
764
736
812
856
836
808
718
782
828
558
334
632
702
762
804
872
844
766
846
838
784
718
752
764
784
746
682
656
714
704
664
662
716
774
794
704
672
690
668
648
634
640
580
350
284
596
634
632
620
624
610
662
806
864
866
916
820
750
712
670
668
666
716
756
774
804
840
842
832
848
840
844
828
760
698
664
740
860
892
930
766
746
756
830
818
750
704
764
866
902
796
702
730
802
812
790
734
684
750
764
834
852
886
846
738
728
720
704
716
710
688
648
600
634
654
694
774
814
820
780
846
882
886
886
860
824
834
882
864
806
814
870
932
900
852
866
918
902
812
856
894
902
818
782
784
714
670
668
678
640
650
668
700
720
830
882
798
864
918
906
862
786
804
816
830
832
858
780
832
836
878
802
732
700
748
800
786
750
782
780
826
744
736
734
768
532
320
634
666
400
416
252
610
836
834
848
898
890
848
800
800
814
838
862
788
862
854
818
800
762
814
836
834
718
750
738
832
786
666
762
772
782
758
756
790
810
756
746
748
786
782
752
746
782
836
740
726
648
670
666
700
734
734
714
704
650
680
702
706
746
700
698
660
722
718
716
734
698
688
680
686
732
782
802
822
766
766
806
822
822
860
902
882
836
802
566
340
856
922
916
882
848
872
926
858
796
736
798
850
768
698
736
764
764
688
682
720
780
800
772
696
716
700
716
684
748
666
708
700
700
778
768
736
700
762
786
816
802
830
814
706
746
788
862
866
818
748
836
936
930
888
828
852
904
880
864
820
912
936
962
870
880
902
900
840
832
862
868
826
774
806
830
946
918
806
884
930
914
870
882
914
852
780
768
800
866
918
886
832
850
854
818
762
816
850
842
806
786
868
898
832
770
730
722
762
686
698
652
724
732
728
668
698
670
686
784
834
884
896
846
822
812
704
702
750
818
896
802
718
764
854
916
948
920
866
768
788
798
846
794
744
732
710
670
754
798
884
804
832
828
786
736
650
680
654
716
688
814
880
968
966
922
912
870
864
832
772
866
864
954
880
802
878
908
978
892
912
884
884
802
812
834
816
752
766
846
890
948
820
750
768
878
874
730
720
762
786
810
692
664
632
594
662
694
672
698
750
834
920
928
902
914
840
882
870
876
900
884
884
904
894
880
872
836
864
854
846
868
868
850
822
760
714
706
698
716
780
804
764
798
872
908
776
798
812
844
846
716
764
774
830
752
784
848
896
818
714
720
632
882
702
700
732
734
736
732
698
684
418
280
284
432
270
448
270
430
284
400
302
368
266
448
282
434
288
480
300
416
298
350
270
434
268
494
306
404
444
266
662
398
258
752
680
652
652
630
384
254
330
286
252
378
254
398
350
300
266
384
314
318
252
398
252
398
616
636
646
588
630
668
732
816
736
700
682
670
682
682
666
404
350
252
566
342
506
304
466
280
448
268
470
284
498
298
566
350
536
750
766
798
886
898
750
784
816
898
774
794
770
750
702
730
802
852
582
350
734
716
784
864
538
396
252
666
400
582
354
566
344
570
344
524
314
568
340
544
330
554
332
548
336
534
320
578
352
532
320
598
818
898
888
916
866
880
834
898
736
734
732
804
750
814
882
918
834
784
796
802
768
718
782
834
864
750
734
752
812
788
750
766
864
936
852
794
506
304
726
652
400
300
252
546
334
566
352
568
344
538
434
298
252
582
350
466
282
518
316
402
252
512
318
484
300
600
370
532
330
584
850
852
882
866
884
902
864
836
900
918
966
886
896
852
900
816
750
818
864
902
866
718
718
432
386
252
628
850
868
782
766
818
832
804
764
802
868
864
836
732
734
718
734
780
766
706
662
690
678
768
780
800
768
764
790
782
814
800
816
800
784
752
882
930
938
916
898
848
886
814
802
864
870
846
818
868
898
802
864
902
868
794
824
862
838
812
818
866
888
864
832
818
868
828
758
794
800
866
784
782
802
850
866
816
852
886
830
772
728
782
784
832
738
710
804
864
918
836
816
834
500
366
264
500
302
482
300
484
290
542
766
768
766
852
882
836
780
784
832
684
702
432
262
254
400
252
432
260
422
318
318
252
382
302
348
252
428
256
412
252
398
252
398
252
348
252
334
252
364
252
414
252
430
262
438
268
436
262
400
252
382
252
402
262
436
262
472
284
532
332
432
268
486
294
422
264
468
284
432
268
418
284
400
252
446
268
382
266
418
252
462
284
482
290
594
356
564
348
584
350
468
280
484
290
546
330
582
354
516
320
434
266
564
338
512
318
450
284
416
252
496
300
468
284
584
350
466
284
484
298
502
302
502
312
484
300
482
300
502
302
514
316
486
732
716
634
386
330
252
482
302
498
336
500
302
584
350
578
886
898
818
736
682
666
584
650
618
648
702
850
838
716
632
648
638
646
504
310
352
252
418
448
386
252
546
328
422
818
900
900
634
384
684
416
400
252
532
320
498
298
550
332
586
352
564
338
562
384
500
302
632
380
538
322
628
376
542
330
500
302
484
298
566
350
550
334
570
346
550
334
534
320
450
278
518
316
550
334
400
252
414
252
398
302
412
252
750
948
888
762
722
746
702
698
682
702
750
752
764
732
768
750
752
798
784
784
748
684
730
766
786
800
832
748
718
684
682
700
736
730
620
714
718
782
800
816
798
802
782
750
754
766
698
418
380
252
482
300
450
282
384
252
416
252
466
280
548
332
538
328
522
314
502
302
432
266
482
298
468
300
484
300
514
308
526
316
536
322
528
316
482
290
446
268
498
298
518
314
518
316
534
350
450
272
546
328
488
298
502
302
448
268
460
284
486
298
534
320
514
316
516
318
450
272
578
348
436
266
450
282
468
280
482
290
482
294
506
304
510
318
566
784
766
864
588
352
760
784
782
834
766
718
734
750
834
716
650
400
316
252
518
312
404
284
384
262
516
316
502
302
514
316
470
318
430
264
504
302
480
300
418
252
412
254
398
252
480
300
466
302
452
280
420
282
448
268
498
718
700
698
738
780
700
650
700
636
666
614
584
650
570
546
330
272
264
350
252
316
252
298
266
298
252
264
252
316
254
398
252
530
320
478
286
434
262
402
252
466
282
400
252
562
338
530
320
530
352
432
266
500
302
462
284
466
280
490
296
504
302
498
298
498
298
508
310
534
320
548
332
566
352
514
316
536
334
484
296
600
368
516
316
484
298
486
298
534
320
416
264
418
252
532
320
612
930
922
864
884
914
868
818
816
882
852
766
784
766
830
752
698
654
746
700
750
720
716
698
782
900
886
852
816
782
780
752
752
698
700
766
766
850
868
730
688
666
666
686
682
696
684
684
668
582
582
352
252
582
680
854
914
916
868
838
764
730
716
686
666
648
688
864
932
918
948
604
362
852
800
716
752
830
936
964
952
898
868
882
882
868
882
836
832
898
886
934
900
898
886
934
898
816
700
700
788
898
932
902
764
768
818
882
868
866
768
748
800
850
866
802
784
766
720
762
784
852
930
922
898
882
902
868
898
732
752
800
850
934
832
800
800
850
734
700
634
634
384
252
782
948
954
928
902
900
834
850
816
818
766
732
652
398
352
252
550
350
484
294
588
900
750
482
416
270
530
320
498
300
534
320
462
284
498
302
484
298
518
316
432
260
444
268
500
730
752
718
816
812
774
764
616
370
548
332
382
252
402
252
414
252
416
264
406
264
398
268
402
264
432
266
418
252
462
304
398
252
436
262
418
302
400
252
396
254
296
252
364
252
264
252
382
320
348
252
414
252
432
268
384
252
394
270
468
282
552
332
566
848
852
820
732
682
652
650
684
682
634
616
620
632
648
686
650
698
684
668
666
700
718
750
684
686
714
686
416
266
286
398
252
432
284
416
282
468
280
502
302
450
282
484
666
702
784
716
668
698
702
698
686
716
766
782
754
716
700
634
384
298
268
386
280
400
252
466
284
464
282
486
320
412
270
414
252
386
264
400
286
368
280
364
254
434
266
486
316
516
748
768
748
784
768
766
784
816
784
802
734
698
652
650
636
698
736
746
686
784
832
884
934
934
868
834
716
734
734
764
686
750
834
916
918
900
918
950
902
912
902
884
818
766
784
732
768
798
852
816
768
702
434
264
318
450
272
664
914
950
736
448
332
252
516
320
416
264
436
268
398
252
432
266
450
284
450
282
482
290
480
302
430
266
434
264
470
284
450
284
430
266
372
252
362
252
402
252
416
258
420
254
364
252
314
252
316
252
380
252
420
262
468
750
718
648
400
316
252
452
274
540
328
552
338
532
320
546
334
534
332
482
290
464
278
452
272
478
302
432
732
786
800
850
868
896
836
830
752
752
716
714
702
750
770
712
652
700
684
732
732
718
734
732
684
654
694
672
746
666
718
748
766
788
768
830
770
848
750
750
818
812
836
834
814
784
756
764
702
728
588
352
780
868
864
874
824
788
764
790
812
882
836
782
716
688
782
848
898
918
802
684
776
838
952
882
852
852
764
734
730
806
810
704
764
816
856
780
782
832
836
700
784
830
832
850
804
796
768
750
752
748
784
864
918
898
836
768
766
782
752
716
732
718
816
816
718
664
700
668
704
664
664
636
614
634
670
714
734
748
722
730
452
278
252
434
266
450
284
398
252
398
270
382
252
416
252
362
252
366
268
384
298
370
662
652
632
652
700
832
900
882
802
764
754
748
800
850
866
838
794
704
780
738
814
756
828
838
878
736
788
832
830
838
812
766
784
786
848
834
800
802
748
754
832
800
814
866
838
784
846
786
516
310
690
566
340
544
718
718
732
700
682
654
648
618
416
268
298
348
252
366
252
382
268
348
252
350
252
350
262
384
286
350
252
334
252
360
252
364
568
602
600
614
570
614
602
636
650
616
648
634
616
604
364
316
270
348
252
348
268
366
252
380
254
264
252
350
252
346
252
332
252
350
252
346
266
366
252
452
316
380
252
466
282
436
266
452
272
510
314
486
298
502
302
500
302
530
320
434
264
548
336
380
252
416
252
466
282
454
280
452
730
734
688
700
782
816
834
766
700
666
652
400
300
252
398
252
480
300
552
332
434
266
400
252
430
268
402
252
464
280
502
302
480
290
528
316
484
290
412
252
446
268
382
252
414
252
432
268
448
268
484
700
736
782
914
890
910
884
820
666
416
500
302
464
282
534
320
566
352
514
314
502
302
514
314
554
332
538
322
540
332
418
252
498
298
486
298
636
382
582
900
868
816
786
764
734
718
698
704
748
766
782
832
734
750
684
732
752
768
782
750
684
682
652
698
420
398
252
532
334
382
252
448
268
432
262
508
312
438
262
518
316
452
282
450
284
384
252
498
298
452
272
478
286
446
268
414
252
466
280
456
276
454
272
444
270
450
282
468
352
412
252
500
302
380
252
482
290
476
718
648
402
464
282
372
262
354
266
350
252
380
252
432
260
474
284
518
310
486
298
454
280
516
316
518
310
528
316
484
290
474
284
432
260
424
254
444
266
468
284
484
290
544
330
486
300
566
342
574
348
520
314
536
322
442
270
452
276
472
284
566
350
598
916
936
884
930
884
852
782
802
866
798
784
730
804
838
924
822
764
772
830
832
754
750
780
734
750
750
700
664
636
668
716
722
778
784
764
734
702
666
648
604
600
364
266
318
280
338
300
546
588
364
300
252
432
264
386
252
382
252
412
252
448
268
416
284
464
284
482
322
398
252
484
296
418
252
480
304
430
264
534
320
516
316
550
636
796
800
868
870
714
718
730
770
782
732
754
814
866
752
780
834
848
834
722
780
786
834
750
698
666
698
704
734
716
732
786
866
836
830
780
802
782
820
848
752
800
832
770
830
752
798
786
814
770
764
748
798
802
734
716
750
750
750
702
720
746
766
748
688
764
768
764
684
700
736
764
772
714
696
754
776
672
666
402
300
266
498
738
798
702
430
318
252
494
302
434
266
484
298
436
266
482
290
508
304
484
782
796
688
766
770
798
682
666
682
702
766
716
700
668
682
666
668
650
650
650
670
664
650
666
702
732
736
716
714
684
632
602
366
252
254
294
252
282
266
300
254
330
268
380
252
536
328
452
272
530
320
546
332
584
350
552
332
582
354
516
314
450
748
802
852
866
898
886
864
806
794
736
748
754
766
748
684
682
654
648
712
686
718
714
650
670
732
832
788
748
764
736
832
800
788
730
716
750
782
752
762
724
728
700
720
782
470
294
284
352
252
414
252
448
282
470
284
562
816
916
836
798
802
832
800
718
764
768
868
768
730
762
642
386
692
416
366
252
548
328
490
318
514
308
440
266
472
284
516
310
536
322
560
338
446
268
550
332
482
290
512
314
500
302
516
310
520
320
466
284
434
350
332
252
478
286
500
318
564
350
582
752
762
654
702
632
828
768
704
728
672
628
602
368
282
252
416
252
462
284
584
350
600
362
586
352
534
320
526
316
418
252
466
280
450
272
494
300
452
316
436
280
450
286
430
266
502
302
550
332
580
352
548
800
800
716
736
746
784
798
836
846
804
784
762
750
770
732
716
662
670
720
814
868
880
882
750
700
716
432
350
252
550
334
498
788
878
882
884
802
834
830
848
804
748
748
754
830
836
900
784
784
760
766
700
700
682
722
732
794
770
750
768
732
666
586
366
314
288
330
252
434
280
518
316
582
868
886
896
768
698
668
400
332
252
448
268
448
268
480
302
400
668
732
732
784
766
786
746
716
702
700
732
764
784
850
834
804
814
830
784
834
864
852
848
798
774
842
820
848
814
836
850
796
704
700
432
284
700
778
822
798
750
750
818
866
814
752
782
830
704
736
764
784
800
748
802
848
804
746
766
802
816
782
786
778
820
766
766
816
852
736
798
816
768
752
748
630
688
646
684
748
686
682
700
698
686
700
714
772
778
788
796
750
684
418
282
254
446
268
482
298
468
282
2084
1632
980
888
734
730
636
732
736
764
718
718
798
848
852
816
750
684
684
412
320
252
498
298
518
318
514
316
470
284
432
284
466
280
504
314
452
782
816
770
816
832
816
718
432
398
252
584
350
548
336
532
750
848
852
784
732
782
818
816
766
816
834
752
748
816
852
850
768
784
814
850
780
720
768
780
720
700
714
734
782
748
752
800
816
800
718
748
800
766
684
684
418
296
252
500
302
448
268
482
668
748
734
748
720
698
748
736
734
630
618
620
380
400
252
646
822
834
746
734
714
706
730
684
702
718
698
728
686
656
660
684
716
454
296
302
452
318
434
262
500
316
434
268
486
296
416
252
464
284
418
252
480
302
398
252
450
316
366
252
366
252
364
634
668
646
650
682
686
716
736
764
750
732
702
652
634
634
380
284
646
638
684
684
730
738
448
286
698
666
404
264
266
350
252
398
252
414
268
382
252
432
304
430
264
504
302
528
318
502
302
528
316
468
282
490
296
466
280
422
266
452
278
504
302
514
314
536
334
484
296
486
294
440
266
516
310
492
296
504
302
514
314
452
284
384
252
480
290
478
286
530
320
396
288
396
252
466
282
434
282
452
282
416
252
564
338
478
302
420
262
500
302
396
252
398
252
400
252
420
264
364
252
448
268
502
316
468
280
552
332
486
298
418
252
530
320
414
252
482
290
444
266
500
302
430
266
452
282
386
252
462
278
472
286
500
302
498
318
400
252
448
268
462
282
454
698
766
686
682
654
664
670
712
752
750
718
666
654
676
654
648
670
664
620
666
684
702
700
692
674
682
634
602
620
628
648
686
706
678
664
656
680
672
680
680
640
632
634
664
732
720
700
650
684
734
764
748
786
722
678
674
658
668
732
770
812
840
850
850
812
750
720
714
750
720
750
798
802
754
712
750
782
744
694
650
662
668
698
672
680
700
766
848
822
684
730
440
276
638
648
620
654
678
750
848
920
894
870
816
718
434
314
252
534
320
468
280
532
764
738
750
784
798
798
770
702
710
690
746
768
770
786
744
734
766
748
740
714
666
682
738
728
786
752
718
750
732
702
650
662
684
684
700
672
644
656
680
668
680
668
604
632
682
700
768
766
796
788
782
736
716
650
636
398
252
314
282
252
398
252
602
362
586
352
564
352
536
322
608
368
566
384
470
284
596
358
494
300
514
350
382
254
486
314
498
304
528
318
552
720
764
702
714
686
680
654
684
700
746
722
730
732
718
702
750
766
782
784
784
782
734
718
750
766
766
754
700
698
734
800
816
802
782
668
700
750
782
818
800
730
668
636
384
314
264
424
282
448
318
382
682
716
754
814
804
830
786
782
764
734
738
764
802
748
782
716
702
700
750
718
666
666
698
652
668
666
664
654
666
632
680
652
668
654
696
652
682
698
734
736
714
650
666
650
600
606
364
316
282
384
302
416
252
464
280
452
272
478
286
466
280
450
272
414
252
416
264
400
252
448
268
432
266
452
316
400
252
414
252
400
252
462
284
468
766
764
700
770
784
714
716
670
714
732
722
678
670
718
680
664
702
736
716
666
648
652
664
672
764
806
860
804
796
784
784
750
732
716
748
820
884
850
782
788
814
832
818
868
914
884
816
818
816
816
800
766
800
850
850
772
732
794
802
770
746
766
816
866
754
778
818
782
722
730
700
698
668
684
766
816
864
822
816
816
800
730
552
332
586
782
948
884
916
786
1032
882
870
884
910
836
870
862
840
794
784
782
818
936
898
802
764
468
382
252
582
716
750
766
798
772
748
766
816
814
770
782
836
816
764
718
750
734
772
726
770
800
844
824
762
786
832
832
784
736
762
770
802
764
764
754
780
718
768
782
768
734
734
764
732
734
616
700
722
810
756
746
818
818
748
718
732
766
702
716
718
782
802
728
722
746
800
750
716
718
766
736
714
686
712
718
734
684
700
686
710
706
682
640
644
682
754
766
726
754
782
804
718
726
714
738
784
732
652
718
748
800
786
746
734
766
816
768
732
770
830
800
766
752
832
882
820
800
682
468
280
254
510
308
446
268
448
286
434
266
530
320
518
754
730
782
816
798
734
718
730
784
816
838
818
846
902
866
852
764
782
772
762
732
718
748
754
802
780
720
796
848
822
748
786
880
918
866
798
768
784
796
718
704
646
616
656
696
802
864
818
732
668
668
698
420
316
264
436
266
498
298
506
348
384
282
482
300
500
318
498
302
518
698
766
750
766
750
734
702
650
646
388
314
252
414
252
402
316
312
254
366
266
352
252
382
614
636
630
654
714
718
732
638
648
632
616
650
650
682
668
666
702
680
670
722
758
786
770
812
770
768
718
730
702
748
700
668
748
752
764
752
750
718
632
634
402
252
612
634
652
684
744
704
734
814
850
834
802
750
748
818
866
934
866
852
782
786
850
834
832
718
764
784
798
756
730
700
650
702
728
720
718
702
744
822
814
768
768
784
782
752
682
698
666
710
722
704
828
888
868
798
718
716
734
748
736
764
704
750
748
768
780
706
730
734
752
696
718
752
796
770
712
708
714
780
770
762
688
696
636
598
600
602
616
634
686
732
724
790
898
852
852
714
720
748
766
738
730
686
664
716
748
820
782
732
704
732
712
720
800
802
788
714
716
732
748
718
682
668
732
718
686
686
680
666
638
646
716
784
800
748
686
698
736
782
750
682
636
682
668
696
716
722
712
684
666
616
586
352
252
298
298
316
668
400
552
364
532
882
932
934
922
918
922
908
880
848
834
722
714
670
714
816
884
916
894
854
798
718
684
702
734
780
820
850
798
770
782
806
744
732
750
754
792
742
744
746
758
732
702
704
758
784
808
714
778
764
758
732
730
688
748
720
712
718
768
764
700
656
630
648
678
674
698
674
692
670
664
616
652
648
670
686
744
720
616
668
678
706
746
748
736
720
698
664
654
632
632
620
566
604
708
858
766
718
782
816
836
798
766
688
696
658
606
600
602
652
634
682
782
934
922
912
902
886
878
532
320
286
414
632
704
748
774
810
784
782
736
698
686
696
668
700
652
680
654
750
752
848
806
826
730
674
668
400
296
268
384
632
652
614
646
656
718
782
786
752
712
716
672
712
712
740
766
766
750
802
716
700
730
768
834
832
786
752
696
420
334
252
482
296
434
266
436
268
384
284
414
300
434
768
848
690
660
638
596
388
282
616
600
632
570
582
600
616
738
778
752
784
768
782
766
768
768
798
754
798
770
764
734
752
800
864
902
834
750
766
818
852
898
822
812
800
786
746
734
750
770
736
712
736
780
768
752
816
852
816
718
716
732
736
666
702
766
834
852
780
766
706
712
682
422
268
648
650
666
634
632
652
734
782
782
818
866
824
746
748
752
802
784
766
714
686
712
740
714
684
688
724
752
754
800
766
750
652
666
632
388
300
262
454
282
478
288
500
318
452
274
490
682
752
732
750
718
686
666
668
714
738
776
720
700
698
720
770
780
732
718
754
750
718
692
718
750
768
716
688
648
698
732
752
766
736
702
666
618
612
584
550
336
296
270
368
252
414
268
448
282
416
254
396
252
336
252
296
252
382
264
352
598
586
566
600
570
566
600
584
582
484
352
252
574
622
664
650
618
636
664
700
712
