654
734
810
828
810
866
784
764
798
814
820
818
814
852
814
736
718
796
796
804
772
708
804
802
746
688
716
744
704
718
740
820
818
762
716
770
774
780
798
804
716
728
748
756
852
848
816
866
870
840
846
776
802
798
836
784
792
716
760
814
832
788
702
778
832
800
694
736
704
680
682
680
668
652
684
642
644
400
254
656
674
698
680
702
670
694
690
660
682
682
718
752
720
678
696
660
648
700
648
634
662
668
684
766
778
728
756
754
726
670
638
612
720
1006
944
874
920
784
770
730
716
684
668
648
676
690
730
764
804
820
796
762
702
682
654
686
716
678
758
796
816
716
722
756
768
712
722
786
836
876
854
734
718
704
714
752
804
832
806
894
948
942
924
898
876
848
836
840
846
890
812
864
906
920
870
866
904
870
780
730
766
752
690
720
872
916
840
790
884
918
788
784
898
864
898
956
948
934
918
900
898
850
768
756
774
832
868
898
856
808
894
842
756
686
696
670
674
706
724
760
828
868
892
858
824
822
810
798
796
750
746
842
922
938
908
846
880
874
830
790
838
838
808
748
786
866
902
876
894
920
914
828
770
770
750
706
648
736
808
886
918
882
876
906
926
902
842
860
882
840
774
824
830
882
884
854
894
778
738
714
718
748
726
706
724
810
918
936
954
952
948
910
876
874
868
848
816
756
712
758
802
884
908
814
812
890
890
844
778
842
858
860
798
778
850
896
922
918
908
904
810
746
778
806
812
760
802
914
962
972
886
866
878
864
832
778
800
876
940
946
920
918
804
748
774
790
800
820
768
734
800
894
922
906
850
828
840
830
874
866
910
862
866
770
762
828
858
766
762
808
832
832
750
766
804
810
820
880
858
874
920
906
880
846
890
900
908
914
944
956
952
894
852
892
898
882
794
806
810
862
868
844
898
938
934
878
916
910
860
752
736
744
750
780
758
882
896
922
876
858
882
868
848
798
794
826
832
790
810
880
880
846
782
796
832
856
842
826
898
942
912
910
878
830
744
724
766
794
806
766
842
894
908
844
852
840
884
800
768
826
830
796
742
702
698
728
758
714
718
766
794
804
738
704
768
774
760
716
690
776
820
886
920
922
874
904
894
884
836
790
820
830
836
820
784
822
836
856
864
804
830
870
868
882
786
824
838
848
768
790
806
776
744
754
840
862
836
846
886
888
876
816
744
802
846
862
820
778
810
838
800
730
710
678
676
676
744
838
838
820
702
714
758
780
748
732
698
768
814
840
870
830
880
876
876
882
834
866
934
926
900
798
766
804
856
878
904
870
860
860
852
822
820
860
892
926
870
848
792
746
720
714
710
712
708
734
756
746
720
672
620
664
1058
1018
942
832
760
770
822
862
912
926
954
954
934
932
932
938
860
806
798
812
838
886
940
942
926
908
912
906
888
876
854
798
706
716
762
766
788
760
878
934
930
870
930
924
886
788
756
770
780
814
796
870
916
940
958
908
904
872
846
798
820
820
828
796
758
830
888
882
884
822
820
846
834
822
758
766
820
876
896
862
888
910
908
874
818
774
730
678
686
718
722
720
688
704
726
708
736
852
900
856
848
858
842
842
822
806
798
770
750
776
808
836
828
810
818
792
780
736
714
758
774
742
716
754
768
774
754
736
764
758
838
794
712
748
752
772
772
736
744
800
856
892
904
866
856
856
840
824
780
734
780
838
854
824
734
752
758
786
778
736
760
786
818
774
724
742
766
792
808
768
836
880
890
870
810
794
796
790
798
818
732
716
712
748
860
926
946
850
838
800
722
684
726
838
932
934
906
984
996
1004
928
910
916
920
908
820
802
816
852
846
854
876
890
876
800
848
906
914
846
884
914
856
786
824
858
856
788
800
866
892
876
818
852
878
890
820
760
770
764
748
718
798
888
902
878
806
826
822
820
780
800
842
876
876
848
826
750
726
706
700
642
674
612
604
678
710
700
680
700
750
832
888
906
902
894
856
898
862
894
932
918
896
864
830
788
728
716
762
846
894
930
890
810
812
858
882
900
908
922
924
918
882
856
860
876
820
806
802
808
794
846
928
1006
952
960
976
952
884
818
834
832
782
770
852
928
918
864
916
934
874
790
804
796
784
752
802
828
834
800
768
804
806
802
760
772
736
716
748
780
802
772
790
800
810
800
756
796
798
850
782
630
774
772
762
742
784
804
838
822
760
700
726
680
652
722
664
694
660
678
780
932
938
920
898
844
872
842
830
796
742
700
758
806
856
804
768
790
822
790
870
898
910
878
862
900
886
868
824
850
862
866
824
836
934
936
890
816
868
892
888
816
796
782
732
682
696
712
700
648
652
678
696
686
716
742
702
710
762
792
782
702
690
688
668
680
698
708
746
782
800
800
790
766
734
710
698
708
694
674
672
662
672
636
648
636
656
664
656
672
652
624
374
330
668
688
710
708
712
730
768
772
768
756
756
752
768
736
738
442
390
880
896
892
740
702
710
692
666
678
852
992
992
952
906
948
920
924
930
878
882
910
922
940
904
876
894
812
752
780
772
736
688
706
750
774
760
732
808
786
750
722
712
758
782
798
818
818
828
840
824
812
764
726
718
724
754
800
852
882
894
870
896
890
880
846
836
876
886
876
778
798
798
780
744
790
798
788
730
732
770
786
764
728
698
726
758
794
766
746
696
694
710
748
730
702
734
816
848
822
758
766
750
744
680
676
696
752
844
894
902
890
886
840
760
712
752
806
868
882
890
846
852
872
872
882
848
858
890
894
896
894
848
850
860
870
840
868
876
852
774
796
832
812
742
742
784
830
814
786
840
844
788
742
784
810
804
768
804
794
770
722
684
746
836
910
922
916
844
860
836
830
798
804
868
904
930
926
886
912
922
906
872
886
892
880
840
794
840
870
880
834
798
810
790
766
738
768
766
732
692
416
304
724
734
786
822
810
752
746
808
840
846
828
798
778
766
792
818
842
832
808
890
922
914
872
926
920
904
824
850
878
898
864
884
902
904
862
770
766
750
730
712
710
876
1008
1000
926
934
948
910
864
758
756
800
852
860
822
858
884
882
830
822
860
876
838
814
844
822
814
786
766
812
830
822
760
772
808
842
832
810
838
852
794
784
798
784
776
752
750
772
816
834
786
842
858
838
776
810
838
840
798
796
832
844
792
748
752
708
704
754
830
816
832
880
882
874
828
804
824
832
822
800
844
884
882
838
878
866
852
812
866
874
852
822
860
882
886
824
832
856
762
690
714
736
772
870
852
860
876
846
732
672
674
674
690
712
724
700
720
762
792
790
768
714
686
658
658
658
666
676
696
644
614
620
822
978
954
894
872
768
720
740
766
736
734
756
796
836
842
836
810
784
782
790
780
778
760
748
750
736
698
722
786
818
832
858
848
804
840
822
802
786
782
744
746
772
794
814
776
756
712
760
790
818
810
780
792
792
784
742
716
750
740
730
698
676
690
704
678
720
782
812
832
794
734
790
794
784
742
702
734
734
748
730
726
796
852
830
790
824
840
818
800
778
748
756
780
810
854
822
810
826
854
826
802
820
830
812
772
786
808
812
810
774
812
804
806
776
662
686
684
662
644
642
614
624
618
614
616
610
604
620
620
630
642
646
644
636
660
678
702
726
748
774
784
806
780
776
790
792
786
780
748
694
734
768
818
842
766
790
832
870
826
816
838
830
810
756
692
642
696
648
648
706
832
834
794
844
898
824
756
758
758
754
744
708
734
796
852
862
892
906
908
914
916
902
896
872
860
830
834
848
862
848
802
838
856
798
748
800
842
822
758
816
844
818
780
828
854
832
842
876
890
830
840
836
820
754
774
810
844
848
798
786
802
790
748
748
772
812
854
826
816
840
856
840
810
856
856
826
786
808
830
838
854
860
856
818
752
794
818
796
730
718
748
754
768
746
724
726
708
684
650
654
662
690
686
694
742
744
748
724
708
732
740
740
744
714
732
762
808
774
780
816
832
816
834
866
860
832
766
802
832
844
792
782
832
872
862
868
886
854
830
826
830
838
832
868
920
936
898
878
898
870
850
794
790
812
844
792
780
812
800
760
786
832
846
802
786
788
780
736
764
802
832
814
758
748
786
822
826
810
872
900
882
816
828
826
810
764
742
784
796
810
804
806
856
830
772
710
686
676
684
684
718
784
830
858
842
828
820
802
776
726
758
782
836
858
848
914
900
896
840
856
844
822
770
774
802
814
784
728
752
774
802
810
778
806
808
814
780
784
838
866
810
848
868
866
818
840
864
862
802
742
710
688
686
702
722
742
716
706
692
680
672
662
654
662
656
652
610
632
612
612
602
592
584
736
442
562
630
690
652
642
676
750
800
808
810
818
832
854
858
856
830
858
930
950
906
858
916
898
848
890
908
880
906
988
992
970
956
988
978
970
898
918
936
950
946
882
902
878
836
830
818
776
790
792
750
718
752
774
734
802
854
874
852
826
854
874
880
794
700
656
676
664
636
672
694
696
670
664
738
816
854
858
860
824
794
776
748
760
746
580
704
720
726
760
796
766
768
752
