572
716
772
756
758
768
760
754
728
708
718
726
746
674
616
626
628
610
602
604
652
730
806
844
808
814
824
802
772
712
650
676
686
692
678
672
696
676
682
732
680
696
714
710
692
638
654
660
666
688
672
686
720
758
746
694
682
752
736
708
668
692
708
744
684
642
626
638
638
656
688
652
648
648
658
666
670
674
640
654
692
684
684
644
648
670
692
720
690
688
732
734
728
686
666
688
672
650
614
610
576
602
574
574
582
640
648
628
668
752
784
784
754
664
632
660
644
638
626
652
672
700
690
738
746
740
724
704
662
674
662
638
622
632
664
672
714
666
714
740
756
702
688
730
734
694
674
694
690
732
660
674
706
708
672
660
680
722
754
746
712
722
718
700
660
680
678
692
666
652
676
672
734
684
672
696
714
690
650
664
650
690
646
660
676
704
686
628
696
682
672
646
644
632
652
716
670
680
692
628
760
660
670
644
700
676
640
658
676
668
646
628
638
648
656
628
640
628
648
618
598
600
602
596
604
630
656
654
672
622
610
702
816
780
780
790
784
778
752
744
722
714
694
698
696
692
694
708
690
710
718
754
776
784
766
778
754
710
658
654
656
670
676
666
660
702
694
710
676
642
668
664
654
614
614
624
658
676
674
686
620
684
654
660
648
610
598
658
646
650
636
624
624
684
662
646
624
638
650
658
636
628
652
666
692
660
692
672
672
676
662
622
652
644
718
666
650
656
652
610
580
588
602
612
624
592
586
602
624
646
660
618
642
640
668
660
638
604
602
608
616
628
618
602
602
626
610
660
608
624
626
648
632
622
642
648
654
640
650
654
660
662
660
682
706
720
696
714
718
698
662
646
646
652
618
604
596
602
610
614
620
594
580
612
626
656
686
626
636
628
634
602
588
590
600
612
644
650
622
616
618
630
670
674
674
640
614
626
646
640
634
604
620
626
624
628
638
652
656
644
680
694
690
682
662
618
370
290
666
690
692
702
726
734
712
660
694
680
684
672
642
646
654
642
630
592
626
616
632
614
602
614
592
620
626
634
594
604
614
618
620
668
618
628
642
656
656
646
652
406
262
660
588
600
610
618
374
282
676
582
602
618
556
706
588
624
574
582
580
584
596
564
558
580
582
580
596
606
572
582
588
606
620
628
648
614
604
622
624
628
646
612
666
652
654
648
608
596
598
598
622
674
686
632
664
674
708
698
658
652
672
680
682
664
630
646
720
726
734
714
686
698
698
692
648
680
684
696
702
696
690
650
692
684
680
694
686
696
722
736
734
688
644
698
668
642
610
612
638
640
632
634
622
696
672
654
616
628
630
608
594
600
604
656
630
618
632
666
692
688
654
610
660
648
630
610
584
630
624
622
620
618
680
682
698
678
692
684
688
666
632
648
650
642
638
618
608
618
620
608
596
610
626
710
688
662
668
664
672
650
640
662
660
676
656
640
654
652
658
654
652
674
678
654
696
670
678
672
632
598
606
612
624
650
634
626
622
606
616
628
656
646
636
634
632
634
640
602
604
608
618
628
620
620
614
626
650
678
704
728
730
722
720
698
654
678
672
682
700
746
720
738
702
716
670
692
684
676
638
648
608
632
582
590
580
352
270
594
616
672
708
696
630
654
676
664
684
644
610
626
646
676
680
660
638
662
656
664
644
656
700
754
816
816
750
738
800
774
738
742
700
710
718
686
698
702
706
692
674
682
710
732
706
704
708
690
734
684
706
714
720
680
664
680
666
644
704
710
712
688
682
714
704
666
636
640
644
638
626
628
376
304
650
580
606
614
604
608
578
592
600
590
648
628
602
606
618
602
362
284
556
334
254
562
606
612
626
622
656
710
738
748
628
782
696
692
658
632
646
656
652
634
694
680
694
718
702
660
708
682
682
646
654
690
680
686
672
696
700
668
660
670
684
728
694
690
708
706
628
654
644
632
628
668
650
684
774
738
738
736
702
696
652
660
672
630
612
640
648
654
650
636
632
630
618
590
600
604
612
620
632
660
686
678
646
630
624
640
622
654
676
716
708
648
640
664
676
684
664
670
764
734
722
678
734
698
716
704
682
712
728
746
686
620
796
738
686
668
682
700
700
694
718
738
732
680
674
676
692
682
628
648
658
660
648
608
692
692
738
716
678
686
714
718
684
634
674
678
662
624
620
634
642
626
648
662
704
732
704
650
670
686
694
716
700
658
652
666
708
652
658
662
666
684
682
632
652
672
408
288
690
534
320
558
700
730
712
676
644
642
654
672
642
648
698
706
660
684
660
662
658
604
614
618
622
616
598
590
612
636
664
722
726
696
678
688
726
734
714
656
648
662
650
722
670
684
732
746
718
652
650
634
684
656
618
646
650
662
684
658
654
392
348
754
748
794
710
656
652
640
698
658
634
638
658
660
662
668
686
712
732
730
718
698
686
602
770
690
664
688
684
742
670
626
376
308
678
696
690
648
690
674
752
678
690
694
706
682
662
690
684
714
698
684
700
720
734
708
676
750
742
724
684
710
720
702
684
622
676
678
690
680
640
674
424
264
706
646
670
684
686
692
668
678
680
696
678
672
678
690
664
616
640
654
662
654
650
712
702
682
698
686
774
760
742
718
706
682
638
622
378
280
646
608
364
286
598
688
742
752
724
728
784
720
664
654
660
666
636
642
670
674
678
648
604
620
616
622
642
606
656
620
374
322
714
794
780
732
708
766
714
666
662
668
636
736
678
626
680
676
656
680
618
640
676
718
704
690
730
780
748
674
728
684
672
626
608
632
646
652
648
638
698
738
720
696
714
726
726
706
634
694
698
702
668
634
380
300
666
680
672
648
688
704
696
646
670
696
674
646
692
660
706
692
668
634
672
680
762
654
684
670
696
642
598
614
598
660
608
590
636
656
700
666
648
688
660
614
562
594
654
668
652
712
668
412
252
614
582
350
304
600
648
634
632
628
600
636
620
616
662
576
692
650
654
674
404
270
664
650
654
402
280
636
634
634
620
608
588
352
266
624
374
290
692
702
722
698
702
684
734
720
710
700
706
684
640
654
628
666
684
678
698
804
790
758
736
808
790
762
674
714
654
682
590
636
634
638
632
628
722
750
780
818
798
796
776
726
750
698
674
698
648
678
678
674
694
482
290
594
644
664
636
630
656
628
694
682
700
794
760
742
814
782
752
714
668
666
658
644
652
618
692
718
752
758
762
818
774
736
720
716
708
676
636
634
380
298
652
634
708
704
734
742
698
754
726
676
640
710
726
748
746
716
654
674
404
332
696
578
716
694
680
706
678
652
392
290
274
410
646
652
684
718
746
710
708
738
690
680
634
650
660
750
690
706
740
730
704
640
750
732
726
648
644
620
634
618
370
266
592
564
608
582
584
350
292
628
654
742
684
670
404
310
696
704
652
392
252
666
636
708
670
708
694
710
720
646
660
658
626
686
670
662
716
752
762
758
756
752
738
744
686
680
720
686
648
702
686
656
662
678
754
766
764
726
732
736
722
712
686
652
664
684
698
668
690
694
698
664
626
652
644
702
664
664
692
672
712
662
668
680
682
672
648
654
656
720
680
668
680
698
698
660
652
702
682
642
390
262
662
632
694
634
644
678
712
698
744
694
694
696
660
650
676
680
700
676
680
698
718
666
700
680
684
698
668
666
692
674
716
648
658
662
726
692
654
716
718
728
732
666
666
674
674
652
666
686
698
726
682
692
716
702
672
652
658
666
670
642
728
710
688
664
658
672
660
670
636
656
690
714
692
714
658
400
256
680
638
618
614
634
648
616
606
632
666
702
698
688
742
708
658
394
258
650
648
684
688
670
690
710
428
326
706
676
406
334
720
742
736
718
720
700
734
712
704
692
740
450
272
622
642
682
694
618
700
660
660
640
390
254
646
622
702
670
596
634
588
590
582
582
358
284
612
616
670
766
778
740
774
754
782
762
734
680
714
698
718
702
672
728
788
788
778
724
718
772
768
760
676
406
340
716
726
438
314
724
720
798
768
748
748
736
752
680
718
682
748
706
428
292
274
322
354
308
666
650
644
610
692
676
784
760
458
1584
1368
1270
764
570
660
658
648
714
748
738
732
764
788
796
748
484
290
668
678
718
652
712
718
734
724
688
704
722
740
784
712
724
644
386
434
262
374
288
394
670
682
612
716
704
700
706
648
732
698
720
684
414
258
672
678
702
622
670
656
694
732
686
670
712
432
262
658
638
676
664
668
664
656
714
604
802
682
662
692
416
336
342
442
780
562
338
708
756
782
740
456
290
730
684
730
680
746
674
654
732
716
444
270
720
662
720
714
704
468
280
618
668
716
438
264
676
646
712
432
274
652
602
624
626
624
604
606
674
618
370
274
280
408
712
650
698
662
676
682
652
596
686
664
692
724
564
434
398
744
772
796
770
718
658
658
650
634
636
632
504
302
640
386
374
278
434
722
742
708
772
740
692
666
444
266
722
556
734
674
586
666
670
708
706
772
724
740
740
756
740
612
862
762
754
766
762
752
810
788
474
374
772
768
770
748
566
834
694
736
744
628
868
740
726
694
704
688
750
738
730
680
756
744
526
316
646
614
674
676
666
684
434
260
672
664
758
454
294
402
306
260
472
290
444
704
690
704
672
724
704
598
716
692
692
682
660
674
684
714
648
652
674
646
680
644
606
614
594
356
262
318
272
586
616
648
678
750
480
324
806
754
770
756
744
672
740
686
708
692
726
704
768
782
778
758
792
818
758
750
738
720
744
696
724
724
772
692
724
752
732
686
720
746
720
700
686
786
772
776
748
764
736
760
736
754
760
740
734
770
748
734
722
794
768
746
756
800
760
734
754
742
756
770
780
750
772
774
776
730
732
724
668
626
636
674
448
294
306
464
278
480
290
502
302
502
764
694
724
678
706
596
704
648
620
616
584
620
674
614
372
304
714
736
748
684
654
696
688
680
668
688
690
716
726
456
280
720
726
744
748
698
678
734
700
434
364
292
404
252
430
724
718
754
656
674
704
734
660
402
284
678
728
732
666
660
398
334
330
402
740
700
744
820
770
616
886
756
740
652
690
716
734
728
700
718
434
400
722
680
418
330
298
434
740
708
730
732
612
772
642
628
738
730
736
800
826
772
722
780
766
754
692
740
546
328
654
498
298
634
628
418
306
700
694
664
724
434
338
724
716
730
754
744
702
736
710
730
722
716
718
752
804
738
748
784
800
736
702
704
774
724
678
418
256
708
692
416
372
258
450
272
484
290
482
306
482
720
744
754
758
692
548
328
620
374
430
268
472
284
488
292
522
810
802
740
726
770
770
748
560
338
546
328
396
290
450
272
446
278
396
312
372
690
720
728
672
712
434
290
724
530
434
338
274
434
274
450
318
416
326
362
638
702
724
760
754
784
472
340
786
772
710
810
776
752
722
718
782
746
742
724
734
454
302
694
698
742
764
712
428
270
732
