448
762
760
718
700
776
750
762
740
714
666
650
652
696
718
768
774
736
726
792
748
810
782
778
770
798
746
712
744
752
766
784
784
758
790
782
774
740
770
766
772
752
704
666
706
662
638
676
688
668
780
812
804
722
742
752
752
744
640
772
746
754
734
730
784
756
736
764
786
784
766
792
804
802
660
778
682
680
670
736
668
744
778
810
822
750
794
806
798
724
736
774
760
698
728
748
774
742
742
784
802
788
746
650
598
358
302
384
360
760
792
664
736
712
686
690
432
260
698
646
684
696
670
684
688
740
710
716
714
666
680
708
714
756
800
820
790
790
788
714
826
734
688
716
724
708
672
700
744
816
746
732
736
774
674
696
738
772
746
732
754
740
710
714
722
750
764
574
886
764
780
776
780
778
780
744
738
744
752
734
718
748
770
766
740
758
770
770
728
604
838
750
672
650
730
732
734
786
776
774
776
712
742
760
744
734
772
758
710
726
714
738
756
756
776
716
730
728
682
700
764
778
808
784
798
776
768
710
636
678
684
728
768
804
774
568
340
754
804
802
762
768
538
736
648
668
686
782
840
866
842
804
794
842
810
744
748
826
816
746
752
802
784
702
668
744
750
788
780
768
794
790
850
788
748
734
768
754
794
718
792
790
794
798
800
804
806
740
750
752
624
860
716
748
786
852
806
828
880
848
816
802
788
744
742
708
738
776
792
776
762
782
768
832
694
704
736
734
746
678
754
776
788
734
764
774
796
754
758
728
782
702
716
740
724
740
738
754
742
768
776
792
806
740
792
746
764
700
700
720
706
676
692
498
298
748
756
766
800
816
794
814
784
768
750
740
764
804
824
792
780
812
820
732
796
792
800
764
740
766
764
732
676
678
406
346
732
732
770
786
802
824
770
758
760
764
682
636
744
782
824
838
824
792
794
766
700
768
686
714
750
750
818
764
784
552
332
778
754
792
786
800
772
722
746
778
788
728
706
732
800
768
698
686
764
760
768
702
720
736
562
338
694
716
774
780
804
720
804
782
794
806
718
688
660
656
696
694
672
794
840
854
594
356
800
774
822
808
780
776
708
742
754
772
700
692
748
796
802
826
776
842
832
832
808
738
742
700
746
660
720
756
808
862
806
810
900
866
838
834
804
822
776
760
778
800
814
818
822
596
358
750
830
820
830
848
896
872
864
862
918
878
828
834
658
1046
872
828
842
870
840
762
836
804
826
764
826
826
826
874
794
838
798
852
798
794
788
816
728
732
802
810
786
790
852
824
780
750
738
716
716
626
626
624
680
748
808
840
842
816
740
718
548
896
698
714
716
796
808
782
850
778
780
828
808
820
792
784
798
794
850
780
766
812
826
790
834
828
868
832
794
818
832
772
580
350
614
368
486
300
456
768
716
884
716
654
868
814
536
322
758
778
808
770
768
846
728
894
778
800
828
792
786
656
978
662
634
626
596
370
252
584
594
772
908
932
934
936
884
802
848
746
734
768
610
368
728
828
898
896
852
810
816
764
800
790
524
314
800
718
838
846
888
806
806
852
824
600
950
804
812
874
830
740
834
840
850
768
794
802
868
774
782
602
362
764
772
798
836
796
756
734
778
812
788
770
788
814
814
730
712
810
770
732
820
836
886
884
836
854
838
846
718
430
302
738
752
754
746
818
868
648
388
722
766
854
834
780
830
778
798
788
762
714
768
790
726
716
710
746
860
884
860
842
870
718
980
784
762
806
778
860
778
760
832
810
792
756
850
828
782
756
836
822
758
732
756
778
764
826
874
888
876
864
864
828
748
750
716
748
726
670
774
838
850
814
858
894
852
770
814
838
768
726
452
298
800
786
754
804
776
784
608
842
786
826
822
774
706
730
630
786
676
688
734
700
772
784
836
808
878
854
814
800
754
822
772
756
672
894
750
454
346
792
798
810
822
884
854
850
838
812
806
746
650
856
746
670
712
736
762
740
688
762
732
712
724
676
654
650
606
680
690
720
648
724
758
788
734
838
834
834
752
802
804
836
548
328
694
746
876
800
712
664
712
740
768
746
514
308
796
794
818
726
708
746
562
870
714
520
314
638
382
252
1002
602
362
526
728
674
662
676
710
708
736
788
834
824
780
792
774
834
772
790
816
828
824
776
798
790
774
710
732
800
858
838
844
870
842
794
762
830
818
758
718
732
772
832
814
818
810
746
770
800
806
738
766
762
820
730
720
756
764
816
822
846
780
790
810
742
694
742
660
636
648
682
684
676
726
740
756
698
648
638
706
714
714
700
686
726
772
818
836
828
814
838
830
796
772
764
786
738
742
702
700
728
776
776
800
820
908
814
816
886
850
826
820
768
736
696
798
818
834
796
816
846
824
786
822
852
810
844
850
856
782
794
830
824
840
786
804
824
846
772
788
810
790
756
770
812
840
808
862
868
820
764
784
762
710
664
694
692
656
662
762
786
758
756
800
814
822
786
788
796
766
722
682
662
732
736
752
716
756
772
858
766
782
800
798
786
710
676
644
652
682
738
844
810
854
862
840
810
846
832
772
762
790
782
718
696
748
774
828
780
702
728
750
804
804
846
812
790
790
820
798
718
764
776
768
788
800
836
788
676
636
664
644
700
738
798
836
830
868
844
814
794
822
806
810
784
712
772
806
840
860
832
770
790
818
782
724
710
750
746
716
740
718
704
750
714
652
612
632
704
814
896
914
890
908
908
908
900
872
852
768
788
744
766
786
802
862
852
850
854
848
822
830
824
808
816
810
816
802
752
742
774
794
804
770
818
860
864
828
858
838
788
746
774
812
804
756
756
790
782
706
730
774
818
746
804
796
822
758
780
778
742
716
744
826
832
778
820
850
840
792
798
812
814
772
750
776
774
756
766
842
814
754
730
790
788
780
796
788
772
790
816
832
796
818
830
808
764
752
786
802
786
750
786
798
794
762
744
798
842
842
782
806
840
846
772
716
754
756
766
730
706
768
758
712
756
788
820
824
834
776
776
786
786
800
696
766
756
782
712
656
690
700
724
766
812
814
776
790
816
822
812
780
782
790
784
730
712
766
762
780
742
756
780
806
790
766
780
842
822
810
806
812
794
726
764
796
832
832
772
804
812
812
724
738
780
728
682
718
768
782
750
778
804
832
800
832
822
774
730
720
682
644
692
680
710
712
776
720
712
752
774
780
770
832
818
748
748
772
792
836
794
800
834
796
744
750
776
804
816
838
840
838
782
790
846
832
782
740
752
834
800
762
804
824
846
798
746
790
792
752
702
756
782
748
720
648
682
726
778
792
774
812
816
782
788
772
740
754
748
780
790
740
752
834
794
734
676
684
692
736
698
690
648
636
652
642
648
658
684
708
730
748
762
758
780
766
758
734
696
702
698
718
730
748
786
812
818
814
830
850
760
820
778
838
780
800
782
762
794
838
796
810
844
828
774
786
766
778
698
724
704
684
728
842
846
794
832
844
828
768
798
814
734
758
818
838
824
846
866
820
830
844
830
772
798
810
798
760
790
818
804
774
800
798
776
818
854
822
810
848
820
776
788
766
786
774
810
822
794
794
868
818
808
814
804
742
784
806
778
792
844
858
822
844
856
794
816
840
770
686
700
740
796
826
778
806
804
786
688
700
712
722
712
660
654
708
680
708
830
822
830
828
840
782
746
730
796
758
764
786
814
828
772
730
702
708
744
810
870
832
772
768
754
754
752
698
650
670
654
664
732
798
868
880
884
838
844
852
820
916
868
842
848
810
830
798
818
838
844
800
784
838
762
748
844
868
792
790
832
842
838
822
858
840
792
798
796
758
694
730
752
804
764
762
808
820
764
792
780
806
810
756
754
776
788
772
802
840
864
824
794
842
834
816
784
818
820
806
750
770
810
832
826
792
816
816
842
786
756
758
776
762
744
752
798
804
778
800
802
794
752
730
758
772
772
734
746
798
824
806
812
838
834
794
728
738
776
814
810
864
850
816
764
782
792
790
798
772
808
798
770
750
746
734
704
724
738
772
760
782
834
848
814
786
760
760
820
820
724
712
688
704
666
666
672
708
756
796
772
800
824
838
786
780
852
828
834
784
810
806
850
778
808
842
844
740
708
722
710
678
708
786
850
870
826
828
846
854
832
782
798
800
808
780
764
796
812
774
752
808
804
768
764
794
810
804
732
740
810
814
854
778
852
842
778
820
826
832
834
778
818
836
852
822
810
824
822
780
804
884
862
810
836
808
764
784
784
800
764
788
842
840
818
750
772
738
734
734
766
796
838
770
750
768
768
764
712
712
666
702
730
746
726
778
754
748
768
764
786
818
812
794
802
842
794
776
826
844
808
838
844
852
798
780
812
814
766
818
808
746
714
706
728
676
662
644
638
584
680
724
770
810
796
804
794
784
734
766
780
816
806
800
808
786
784
782
740
740
778
868
834
860
900
858
808
836
844
800
774
780
812
730
772
816
784
782
780
820
838
768
798
772
814
708
672
706
768
828
850
750
860
876
884
838
844
846
812
780
790
800
888
802
830
876
876
828
828
844
834
806
768
782
800
794
766
796
808
748
764
772
800
844
772
744
800
800
770
754
796
814
814
776
756
782
824
764
784
748
766
748
722
724
752
830
814
772
782
840
856
808
810
792
854
818
774
768
866
866
824
762
810
810
802
712
690
746
776
764
732
780
828
824
762
740
736
768
706
646
674
678
734
802
834
788
816
806
844
766
758
750
798
734
732
758
748
754
670
630
684
704
726
692
670
690
700
670
652
744
752
748
824
800
792
840
804
788
716
434
330
784
810
838
826
804
868
864
802
796
778
798
772
716
812
816
734
670
706
736
710
752
842
836
836
626
934
774
794
796
800
762
788
828
828
794
794
806
792
754
792
824
862
804
832
844
806
752
750
830
804
784
778
838
808
768
758
772
776
732
766
776
784
782
734
832
830
816
776
838
750
782
716
766
808
812
824
824
850
824
814
812
846
854
822
768
850
828
826
802
824
800
806
730
730
800
786
736
734
798
840
848
814
868
872
862
804
842
840
824
732
794
774
762
764
652
748
808
860
856
852
882
898
844
896
848
826
784
814
768
740
686
722
702
700
672
762
786
786
668
406
398
748
724
700
434
260
678
632
698
714
754
756
734
762
458
342
792
812
796
808
844
836
836
804
838
832
818
744
744
772
852
836
804
868
834
808
764
796
788
778
856
874
838
782
808
886
828
764
756
746
826
682
1028
836
874
816
798
754
792
768
700
778
822
782
738
748
824
788
742
758
798
728
706
670
668
714
698
772
810
818
756
740
780
764
676
768
768
768
814
754
796
808
812
724
786
784
786
750
768
830
840
760
830
808
798
764
782
816
820
766
770
786
830
744
764
784
796
748
738
790
768
818
774
808
790
802
742
772
788
786
726
710
750
848
806
784
840
844
804
762
768
780
780
672
740
754
754
786
754
778
862
788
744
746
804
708
738
744
764
790
750
768
834
830
794
614
368
652
774
778
746
804
788
788
772
778
800
802
730
770
776
810
806
808
840
860
848
632
1024
836
804
774
804
796
852
788
788
786
750
780
746
750
870
578
346
706
788
864
862
808
818
808
792
742
778
816
828
630
960
826
852
802
762
804
790
738
758
766
822
800
760
780
766
724
758
778
776
708
760
766
786
774
750
800
794
758
734
742
750
742
734
694
804
842
818
830
848
834
870
786
836
836
802
732
784
812
810
772
806
814
826
798
794
680
728
708
632
690
638
652
724
814
852
852
858
768
768
736
818
798
762
746
824
846
842
834
838
860
810
812
790
740
922
728
630
380
252
590
668
734
756
762
810
786
788
766
778
722
692
698
676
644
612
672
636
650
664
686
696
702
682
652
682
606
630
638
652
750
756
794
812
792
778
724
742
722
704
712
716
588
438
382
258
470
736
748
746
700
742
780
756
776
816
846
834
790
798
782
760
742
712
730
748
736
750
608
978
810
772
692
694
756
756
748
710
758
818
818
808
812
770
734
786
730
724
710
796
744
708
720
770
744
714
786
746
754
548
328
702
740
746
734
562
338
632
696
692
770
768
720
722
686
886
814
774
750
750
756
776
776
790
794
772
816
716
734
742
730
694
774
762
510
308
838
772
820
804
802
744
748
778
780
764
728
802
796
784
728
736
754
764
708
742
738
756
760
714
762
750
750
732
752
682
756
744
704
756
738
730
722
780
742
506
304
720
754
786
744
718
758
680
642
634
730
684
648
724
718
774
702
642
602
618
624
570
584
350
252
542
518
580
572
614
638
662
420
254
622
630
656
676
636
626
654
686
752
882
862
806
924
950
942
912
934
960
900
882
892
888
866
838
862
862
898
828
856
848
834
780
752
754
774
768
840
868
844
876
876
864
806
798
884
836
784
738
828
848
802
778
828
870
846
840
876
858
842
814
842
808
806
808
820
836
784
776
774
748
700
740
718
766
774
776
800
698
980
824
842
810
784
764
724
782
764
718
744
752
756
806
810
838
844
858
612
368
700
802
808
764
572
344
702
800
806
832
846
846
774
778
782
790
760
758
808
856
766
734
820
842
826
808
808
868
882
850
836
828
796
766
772
784
776
760
832
810
844
756
748
766
766
742
780
758
708
680
710
766
762
792
806
796
832
734
650
616
614
670
714
812
818
782
790
796
800
744
724
698
724
788
854
882
866
870
840
622
1032
838
818
816
828
846
804
784
746
704
722
682
740
672
682
