396
708
784
776
786
720
682
714
740
742
784
700
684
718
730
748
696
690
718
614
848
508
312
1484
890
536
522
586
668
694
668
1328
796
558
610
818
490
720
728
782
684
630
380
260
588
352
254
582
584
618
618
646
674
672
690
688
702
664
574
486
422
314
362
636
382
516
310
880
1230
740
584
678
658
636
634
642
642
652
626
618
652
666
682
682
636
628
608
622
574
582
568
594
568
574
610
640
658
636
634
380
252
670
678
680
726
704
642
670
692
686
688
756
806
828
786
748
764
756
764
830
884
888
858
842
850
834
834
802
762
798
814
796
760
812
844
808
768
716
676
648
620
600
604
626
698
720
722
798
878
896
876
796
772
772
784
756
764
826
886
856
858
886
892
846
806
810
824
824
782
826
870
848
780
766
772
780
764
754
810
846
844
794
784
776
740
724
756
798
810
754
770
826
858
836
748
728
742
756
750
730
764
810
858
850
864
856
798
724
726
732
720
686
710
714
716
686
670
698
688
666
626
628
612
606
600
664
726
728
696
742
790
822
824
746
704
726
762
786
752
772
830
868
842
812
848
846
806
762
770
784
816
806
768
798
826
848
814
834
890
900
870
790
782
818
840
830
768
786
820
856
828
794
826
852
852
824
818
836
824
806
766
772
794
806
774
744
782
810
798
754
758
790
812
770
734
730
716
750
800
830
800
730
722
684
668
692
754
776
772
806
824
828
782
708
716
762
806
834
794
816
858
868
820
794
804
808
772
744
766
788
794
758
758
812
826
780
762
798
826
812
760
738
766
796
788
746
766
782
798
762
758
782
800
804
756
768
794
808
784
754
796
838
864
830
846
872
878
832
810
830
860
846
830
872
890
874
806
786
778
780
750
740
808
840
808
780
820
794
758
688
674
684
706
688
724
804
830
788
728
750
766
778
730
720
760
802
792
752
720
746
782
796
768
762
816
838
858
830
844
854
842
824
766
744
752
766
748
724
742
804
834
804
802
840
844
788
754
764
772
754
724
750
802
838
816
776
800
828
822
756
722
770
822
846
808
786
824
830
804
756
778
794
802
776
752
768
776
780
762
764
782
846
848
790
754
722
696
656
630
608
634
676
732
712
716
762
820
816
750
734
748
762
762
730
754
800
830
818
754
774
790
828
810
776
804
818
830
802
764
780
792
806
786
766
810
858
850
816
820
824
802
752
714
744
778
796
768
768
798
814
812
762
774
792
792
772
730
746
774
794
788
760
784
810
830
808
784
802
812
810
774
730
744
764
734
716
756
808
810
778
776
790
770
724
730
758
782
742
730
762
782
790
762
766
792
804
768
726
738
756
778
760
740
774
800
816
764
754
766
782
744
680
666
668
682
654
638
650
656
692
762
792
746
724
758
768
764
740
710
740
780
804
814
806
770
796
830
850
816
776
798
806
814
796
810
848
870
864
814
814
818
812
774
732
764
816
842
824
864
908
906
842
772
784
790
784
766
804
876
914
874
872
890
888
832
796
830
838
862
800
762
780
792
788
768
812
872
904
890
842
866
868
862
868
830
772
780
782
794
802
786
816
834
834
786
756
774
796
816
798
808
844
870
830
808
808
798
774
728
746
780
826
804
810
836
830
782
724
710
730
760
744
734
772
800
828
786
742
716
698
670
668
704
704
704
752
790
814
836
792
754
780
782
790
768
738
770
810
838
842
800
800
828
842
836
828
830
838
836
818
846
864
850
802
818
850
868
838
840
850
852
824
780
768
820
886
872
822
842
864
824
752
760
784
802
758
764
796
826
782
732
752
798
818
792
770
794
822
810
784
730
732
768
798
796
752
762
784
796
760
720
752
762
770
764
740
752
790
806
784
744
720
720
714
730
732
718
732
796
848
860
822
792
812
804
784
754
734
764
786
796
776
738
756
778
816
820
788
750
760
796
816
786
732
728
724
708
700
688
692
734
764
710
680
660
708
740
770
768
724
716
760
806
842
822
802
832
838
836
814
766
728
748
798
836
814
798
850
900
906
866
848
850
842
798
736
736
776
822
830
798
842
888
906
872
868
878
872
840
808
802
812
792
744
758
794
804
774
748
768
792
784
746
734
782
824
830
796
806
818
808
772
730
746
770
796
774
756
780
812
822
810
768
750
760
766
748
712
752
800
846
846
796
792
802
800
744
724
768
806
804
772
788
828
844
786
762
776
776
760
772
808
826
814
792
814
816
778
728
748
778
794
772
766
808
830
828
782
740
750
748
734
730
786
844
890
860
804
814
736
688
642
664
602
634
628
626
612
604
598
600
600
608
620
638
694
758
788
766
756
742
672
630
620
640
702
824
848
846
832
830
868
874
856
876
880
876
830
798
778
746
714
706
720
836
928
902
864
888
896
866
798
786
824
860
830
804
848
884
884
850
844
852
842
808
798
828
844
818
802
834
870
880
854
852
868
860
834
790
796
798
808
806
822
858
866
864
826
830
854
870
866
822
776
774
782
758
734
794
864
882
854
878
898
862
802
740
732
730
688
658
642
660
716
828
798
788
842
858
822
754
772
794
798
750
716
756
832
858
864
832
806
806
806
800
764
764
806
854
868
816
802
822
834
830
820
842
850
868
844
810
814
822
846
832
792
784
822
850
842
788
728
742
772
798
764
734
796
844
822
760
748
784
792
768
722
742
766
792
778
752
770
788
804
770
744
778
794
782
738
748
778
792
768
730
748
770
800
790
756
746
778
794
768
744
778
804
798
756
778
778
742
680
634
636
626
638
662
666
714
800
858
872
806
808
832
836
824
774
786
816
844
836
790
802
810
822
814
842
856
858
814
794
812
814
818
764
700
672
686
736
790
780
860
920
928
898
898
902
866
790
750
752
780
798
768
796
844
890
876
846
864
858
838
778
764
800
808
822
780
784
812
838
808
790
810
806
766
720
734
766
810
798
796
840
862
832
774
778
756
702
666
654
668
736
776
756
798
842
858
806
764
790
802
822
794
770
794
810
808
774
754
796
824
810
752
728
752
794
790
754
792
828
850
814
788
796
790
788
772
768
812
836
812
788
824
828
790
740
756
788
830
810
782
830
846
868
820
794
796
778
746
730
802
862
902
874
878
904
904
830
706
638
646
656
662
700
742
774
770
766
756
758
770
782
772
698
662
688
720
760
792
796
798
784
766
740
724
730
704
690
682
684
646
624
610
570
594
586
592
600
618
684
728
700
644
608
608
608
602
608
602
616
618
652
616
642
644
638
686
712
690
688
730
790
802
800
796
764
744
746
768
776
750
760
786
800
788
742
752
804
834
814
750
776
830
860
832
778
808
836
844
822
786
804
802
804
778
768
818
878
860
816
824
818
802
764
782
802
826
818
762
770
798
792
752
758
796
824
772
750
782
806
794
742
752
786
814
786
750
770
776
784
744
748
744
724
754
828
842
802
812
848
854
824
766
756
780
764
738
816
844
836
828
816
828
784
722
724
804
796
820
872
886
858
808
776
742
694
644
612
594
582
742
900
906
920
924
908
892
890
874
872
876
872
866
860
848
830
804
782
778
776
794
798
800
804
812
818
806
768
750
752
742
732
744
798
816
782
722
726
748
746
708
716
752
750
706
690
724
756
758
720
746
790
812
790
744
754
772
778
768
742
766
780
796
792
796
822
840
830
812
804
784
786
780
776
808
824
816
782
800
794
766
726
742
766
800
782
730
774
816
830
818
814
818
802
780
750
770
782
780
718
694
692
720
720
696
756
804
804
728
694
708
742
792
808
774
766
772
812
826
832
792
754
768
794
842
856
832
784
784
790
806
816
768
764
786
816
832
804
798
812
806
778
744
768
792
802
800
768
784
798
808
768
748
780
794
796
746
724
768
812
822
790
682
684
628
648
636
644
638
666
708
730
732
714
722
748
768
776
738
696
726
780
814
798
766
774
786
808
818
778
768
788
800
780
748
782
810
812
804
826
834
810
762
772
790
798
792
762
734
770
802
800
766
788
816
802
744
742
778
806
814
774
764
790
810
812
782
816
832
814
774
762
790
808
784
752
808
848
822
786
804
850
868
860
798
778
762
700
648
658
662
694
768
914
924
926
876
844
832
826
800
774
828
876
906
896
860
866
852
828
778
778
792
808
784
804
832
854
800
788
788
810
818
766
752
782
812
798
748
784
826
832
796
746
766
806
804
746
736
762
790
808
768
750
800
814
792
742
762
802
804
768
728
758
782
796
754
710
736
788
810
794
756
774
800
808
762
730
760
782
808
804
762
764
780
794
802
782
780
802
812
800
764
760
776
798
764
736
782
810
800
760
732
748
770
802
764
744
796
828
844
800
798
818
824
800
764
786
800
802
752
744
780
836
828
758
748
782
802
770
742
782
796
764
764
818
820
812
778
762
788
796
774
786
824
850
816
780
794
790
778
742
754
786
804
782
788
842
878
874
820
822
814
730
664
644
640
678
758
772
834
908
914
900
840
844
852
762
700
650
672
672
660
668
674
670
652
628
614
592
560
632
772
796
788
770
762
768
794
824
822
836
832
818
816
810
810
800
802
800
796
798
816
832
836
816
796
790
780
776
786
792
762
714
684
666
694
764
902
922
902
878
838
778
728
732
736
754
786
808
804
758
764
792
792
772
728
748
772
770
740
700
700
722
738
708
686
712
730
708
690
702
746
806
834
826
772
744
752
756
750
740
706
718
766
826
834
822
786
786
760
708
684
684
696
690
690
664
644
668
676
678
686
700
700
704
716
720
734
746
748
728
704
712
710
724
702
680
722
762
800
790
730
750
754
756
702
660
646
662
660
644
668
724
834
860
864
840
796
794
804
812
816
796
752
772
796
820
828
806
784
790
788
780
746
734
770
800
824
818
782
808
830
818
768
720
746
756
752
730
736
776
804
778
748
784
800
794
738
740
768
792
778
730
704
738
774
800
766
718
734
762
790
794
720
710
692
654
646
656
640
628
642
666
740
778
752
718
724
754
764
736
694
694
722
768
784
748
738
762
796
784
748
708
714
724
760
758
736
788
832
838
810
802
816
802
794
750
754
772
778
786
752
760
786
798
784
726
738
760
758
748
720
756
784
812
786
752
776
784
788
746
736
756
778
786
746
746
770
782
780
736
726
752
764
776
748
706
724
738
760
752
730
766
808
832
798
760
760
744
736
732
696
684
694
698
680
674
636
642
656
648
650
680
714
706
676
696
738
742
748
740
708
686
704
718
734
758
744
758
800
808
770
798
820
800
766
712
722
732
744
754
730
748
788
806
824
792
758
770
772
786
764
740
762
786
758
710
724
752
770
742
726
756
804
832
770
756
778
762
732
702
668
678
722
766
760
712
694
724
762
774
736
682
680
698
720
744
766
750
722
748
750
744
742
718
684
694
732
748
766
734
716
730
756
782
766
732
752
756
752
744
724
726
748
766
762
742
708
746
782
800
768
732
734
762
778
752
702
668
664
662
680
722
742
758
792
802
800
754
722
730
752
756
750
750
778
798
800
800
790
820
830
830
816
772
766
776
774
730
692
706
736
776
788
744
716
738
762
772
732
714
726
728
738
726
712
748
756
758
756
726
704
722
742
764
736
744
774
782
756
722
760
768
758
736
696
700
714
712
664
636
630
630
656
640
632
646
654
660
658
642
646
682
714
748
760
752
722
736
748
750
752
760
722
700
736
752
746
708
690
700
734
734
714
686
702
728
752
746
716
740
752
748
700
720
766
786
796
782
764
760
762
758
742
780
796
804
766
710
712
710
694
662
650
656
640
658
714
802
758
736
792
826
840
832
778
734
740
748
768
790
808
868
892
900
836
704
694
674
672
692
704
710
686
638
608
620
628
640
666
680
678
678
708
774
858
882
860
846
828
814
806
804
800
814
828
832
834
826
800
760
752
792
808
768
722
712
772
892
910
900
870
820
778
772
738
666
640
674
746
854
860
854
844
854
834
796
740
740
772
806
820
822
828
852
850
818
762
754
754
758
744
748
798
824
822
778
736
754
828
852
848
796
804
806
798
770
722
726
760
778
762
736
788
822
816
800
756
774
792
802
784
742
752
780
796
796
754
772
804
814
802
774
710
712
768
820
836
820
772
786
790
784
750
704
680
706
752
784
746
718
744
766
752
714
684
702
712
712
680
672
644
636
640
676
706
708
740
784
812
814
768
708
720
734
744
758
748
722
762
798
822
800
764
810
820
814
770
744
772
814
832
824
800
806
818
814
772
760
796
832
854
842
826
782
792
796
782
744
720
762
802
790
738
756
786
796
772
736
764
792
814
780
688
668
682
680
632
588
592
634
766
846
882
854
776
770
796
818
842
856
860
836
820
800
776
768
768
760
744
730
716
726
762
810
924
918
894
884
866
844
818
776
746
700
682
676
726
800
864
842
764
716
718
746
796
822
794
758
722
710
712
724
744
796
842
850
856
828
792
772
780
788
782
776
762
754
766
778
780
736
714
706
706
692
678
668
650
632
626
630
626
616
586
580
598
588
576
588
556
572
558
558
558
568
592
640
700
716
716
718
724
732
726
700
708
736
776
816
844
854
862
852
836
828
826
826
810
814
832
834
810
776
732
738
774
806
824
784
740
734
766
780
774
736
718
752
766
766
744
698
694
724
786
828
836
812
798
816
814
802
770
734
740
756
760
740
778
790
746
716
742
768
798
788
736
700
710
742
772
782
756
802
822
828
796
754
764
760
754
742
740
788
822
822
794
798
794
782
742
710
732
764
800
814
764
740
776
796
776
716
708
716
726
734
736
782
818
846
818
826
828
820
802
798
790
758
746
702
664
654
666
708
722
718
772
826
822
792
718
734
756
780
766
718
738
782
800
778
730
732
748
750
750
726
750
798
822
800
754
756
772
788
806
798
804
820
834
826
810
808
816
804
784
744
758
776
772
750
742
806
834
770
704
678
686
718
776
786
802
822
796
722
708
718
730
734
742
730
694
690
696
686
656
642
638
644
672
676
690
748
774
782
784
774
762
760
750
748
758
778
798
830
844
844
830
782
784
780
770
732
728
800
844
790
742
716
738
766
860
888
900
906
894
836
748
700
688
734
834
896
926
920
872
806
736
704
736
818
890
900
846
772
724
746
822
874
854
796
734
738
766
834
880
836
762
726
752
780
844
870
838
772
722
722
756
826
844
824
770
726
704
732
778
846
870
844
788
742
726
746
800
830
818
758
712
708
736
782
828
834
790
748
730
764
808
854
834
774
724
722
758
796
802
766
726
724
740
780
808
826
836
806
756
700
678
684
728
804
822
812
748
712
708
728
768
814
842
834
808
752
716
732
766
804
818
824
826
810
762
714
676
658
660
742
836
880
864
904
894
876
794
742
736
758
796
832
806
730
688
700
726
794
870
872
814
726
708
712
720
818
876
862
792
716
722
728
776
832
848
800
706
656
670
680
670
888
832
758
724
626
624
626
644
704
754
746
812
840
840
836
822
814
812
802
800
800
788
788
778
758
752
748
754
748
746
744
736
730
720
706
662
668
668
672
688
708
702
656
636
656
676
704
690
676
664
638
620
618
622
634
654
650
652
658
656
654
660
644
634
630
630
664
748
824
836
820
816
790
758
720
694
684
682
684
682
690
708
756
782
802
824
768
870
838
824
802
786
762
740
722
726
702
672
680
710
744
766
794
808
798
782
784
786
794
788
760
746
742
740
738
738
728
724
732
740
734
748
762
744
704
688
666
654
652
654
650
662
682
692
670
644
634
626
620
638
672
680
696
724
740
752
744
718
696
718
748
774
800
782
770
758
686
634
612
598
590
596
654
928
878
848
806
754
734
742
768
802
798
802
778
748
744
762
766
768
776
756
728
718
728
744
756
786
800
772
750
744
746
750
746
760
786
780
768
748
736
738
734
740
736
716
726
728
732
736
690
650
648
632
612
610
618
658
724
788
800
796
778
726
688
680
680
684
714
734
770
788
790
806
810
800
780
746
728
716
712
724
750
762
772
776
776
766
750
738
730
702
680
682
696
714
730
748
748
750
730
704
706
718
732
722
716
710
720
716
714
714
706
678
680
690
708
716
726
720
690
658
682
712
722
720
724
694
680
698
690
680
678
668
672
678
696
696
706
700
724
668
642
634
650
668
696
712
678
656
636
622
606
604
596
592
572
608
560
556
518
534
532
524
522
514
528
532
538
536
542
580
638
664
640
668
706
766
766
792
788
740
744
722
800
884
882
876
858
840
824
812
798
808
816
808
764
734
738
768
846
852
834
800
770
778
782
778
752
720
744
808
836
826
792
788
790
794
798
810
788
778
790
820
836
812
774
774
784
788
798
798
792
802
822
818
818
810
794
760
778
784
778
768
760
784
784
778
724
692
690
734
808
824
784
722
686
692
710
714
748
748
728
724
750
758
770
772
726
682
660
644
628
604
586
580
578
588
598
666
718
690
700
738
784
738
714
730
742
750
776
762
758
752
742
736
692
658
640
634
670
736
802
814
786
756
762
772
728
684
682
694
744
788
774
776
748
730
722
734
740
744
738
732
720
716
726
750
760
708
666
660
680
696
708
680
646
628
654
672
708
728
736
768
790
784
756
728
732
738
744
718
736
742
730
708
686
690
716
744
782
776
764
806
826
814
764
748
766
786
802
776
778
810
798
780
742
728
766
788
780
744
806
850
844
772
742
750
786
766
722
762
810
832
808
776
800
802
780
752
754
796
820
828
776
764
764
778
768
758
748
756
716
670
640
626
672
782
832
788
736
754
794
802
756
706
730
750
746
724
750
786
818
786
760
776
796
798
740
734
746
754
752
728
736
754
774
758
740
760
778
784
756
738
752
774
780
724
686
666
664
652
628
658
676
728
768
750
712
696
708
730
740
720
718
672
664
662
650
642
660
694
718
744
746
720
618
610
630
618
610
610
600
596
606
598
616
560
574
586
590
584
566
578
580
596
600
632
642
730
726
706
706
716
704
682
696
724
760
758
760
750
754
768
774
782
714
660
668
734
770
804
790
772
778
770
764
758
746
718
760
820
840
816
774
780
802
806
766
728
752
784
810
830
820
820
808
784
748
750
796
824
838
822
804
816
800
768
726
730
756
772
760
738
766
802
814
764
748
780
782
756
706
696
720
750
752
740
784
804
810
772
734
694
648
606
608
708
830
816
812
794
744
698
664
638
640
676
722
760
756
724
724
726
740
746
752
772
790
808
822
832
842
832
808
776
750
722
724
754
778
802
822
802
762
780
804
804
764
722
752
760
728
666
684
554
744
668
630
656
676
654
630
636
648
674
692
710
736
774
778
768
748
696
676
706
756
796
796
790
782
770
744
748
770
800
820
816
808
776
750
758
778
776
736
768
824
848
850
790
732
752
780
778
710
696
726
760
772
760
742
768
792
768
730
740
758
772
750
708
702
724
740
744
714
728
756
772
748
742
764
776
760
738
744
762
792
758
728
796
838
832
802
752
716
714
686
662
650
638
678
772
832
842
790
816
836
814
764
738
748
746
744
728
730
816
852
836
766
736
762
768
752
710
740
778
792
764
746
768
774
764
724
710
726
740
716
712
724
728
738
750
738
700
692
702
726
754
746
696
674
680
710
736
702
728
754
774
760
714
732
754
756
752
718
728
768
786
776
750
782
830
842
820
746
692
686
704
754
814
828
792
770
810
820
788
744
778
800
802
806
798
764
784
802
826
816
792
738
742
754
754
732
706
728
776
804
770
724
758
782
768
708
696
676
660
678
714
734
698
710
718
728
780
802
784
734
678
672
696
722
756
722
712
752
818
852
828
768
744
770
772
800
782
748
794
824
736
684
672
694
698
694
706
776
834
840
826
770
752
756
778
778
754
776
790
796
798
762
748
772
796
804
776
714
704
726
744
728
720
754
774
754
738
744
726
686
654
644
638
646
672
700
696
688
724
750
770
780
806
808
802
812
828
826
704
632
610
660
696
772
762
804
810
754
704
656
630
610
586
580
586
568
572
578
586
584
618
680
692
718
786
740
748
814
830
824
794
766
740
730
738
742
764
810
776
788
788
776
778
744
748
774
786
794
776
740
712
746
744
770
792
808
752
696
722
744
748
748
708
716
736
734
742
712
688
694
716
766
770
750
776
808
812
808
776
758
772
776
792
782
788
840
846
838
802
810
806
782
752
714
742
762
782
776
812
866
880
850
788
790
770
762
732
720
746
764
802
788
822
846
840
796
766
788
800
792
752
776
768
722
684
648
660
696
740
756
736
762
792
828
816
774
768
772
782
784
770
770
794
816
798
758
752
768
788
786
768
792
808
806
782
714
698
708
716
690
678
684
714
752
788
804
780
776
784
776
760
718
734
766
788
786
756
758
768
788
778
756
782
792
802
750
678
658
650
624
598
584
620
606
622
624
624
622
622
662
688
710
742
766
764
738
714
684
696
740
786
798
824
842
842
820
754
724
720
722
726
776
808
818
772
738
740
752
760
736
694
720
738
746
672
642
634
616
622
626
612
598
578
576
616
646
672
644
628
646
692
736
746
726
682
668
678
678
678
680
708
766
828
784
782
808
806
798
778
740
702
674
656
672
706
744
752
786
840
842
804
730
670
660
680
752
798
762
746
812
868
888
890
868
878
860
844
798
766
778
804
824
796
780
804
802
756
718
700
694
712
714
712
736
766
788
800
744
756
772
802
792
752
742
758
760
754
710
724
772
810
844
836
844
834
812
764
696
670
650
678
800
848
826
852
872
866
824
816
794
772
726
710
728
762
796
780
764
822
846
834
804
792
812
814
800
768
786
808
802
738
714
754
800
812
800
768
788
810
806
784
768
784
798
794
754
752
760
780
760
750
752
764
754
746
792
802
808
772
776
780
760
708
726
716
716
694
674
702
754
782
764
732
772
784
768
718
706
702
668
634
616
614
658
754
854
880
856
810
816
808
782
690
646
634
608
602
598
590
598
608
618
644
638
636
622
632
666
708
748
770
788
772
740
716
724
736
768
790
780
786
828
834
800
716
718
760
792
786
726
682
698
726
770
772
808
766
714
656
634
642
670
726
778
776
734
750
820
852
856
854
846
810
790
764
734
726
740
804
862
862
846
828
842
852
854
854
820
776
780
782
802
820
836
830
790
800
790
802
714
684
668
654
668
754
816
792
738
748
796
802
776
768
770
780
800
740
698
678
702
738
796
832
848
820
798
800
792
798
790
790
784
788
748
724
750
768
804
794
762
824
862
872
838
780
788
784
780
752
700
698
720
744
778
752
726
768
800
806
778
712
694
702
734
772
780
732
728
760
774
782
726
714
752
782
816
760
712
664
654
658
718
762
798
818
792
762
786
770
756
738
716
700
664
650
676
704
742
716
670
686
708
726
732
728
702
678
678
698
746
766
764
746
720
696
710
748
774
782
792
788
784
790
788
784
744
694
702
724
748
772
748
722
740
776
792
790
760
702
714
736
754
758
726
700
728
762
796
802
748
730
750
762
792
736
678
692
730
792
828
804
760
746
734
710
652
658
648
644
708
810
788
746
794
832
852
844
812
746
710
712
754
808
808
802
858
884
890
840
810
810
800
780
746
754
766
800
798
774
792
830
830
806
742
684
610
594
616
678
782
814
808
790
788
768
734
722
754
782
810
826
822
806
794
780
764
760
770
772
772
774
754
734
698
682
696
732
762
780
780
768
788
800
798
772
780
782
778
720
702
720
736
730
702
712
734
746
724
686
686
712
734
744
730
734
764
766
742
720
750
782
786
770
726
736
750
748
740
722
724
756
776
790
750
700
668
642
622
612
622
708
770
750
792
834
848
836
778
778
776
780
754
742
788
824
850
834
812
828
834
826
798
796
834
844
844
816
828
838
812
762
718
718
750
784
792
766
742
778
790
730
700
700
728
756
760
756
766
758
746
734
764
790
786
788
762
706
692
676
698
732
754
764
710
666
686
722
766
786
802
790
794
804
802
796
774
736
730
730
750
764
748
734
704
716
726
698
672
684
706
728
720
682
668
664
688
744
802
800
788
796
778
782
772
734
728
760
802
830
832
792
782
774
766
754
734
774
816
820
828
802
790
774
748
714
678
678
714
726
760
740
746
804
836
848
854
834
838
842
830
810
756
726
760
798
822
842
814
788
778
674
642
616
554
582
632
710
794
824
834
850
860
862
852
814
784
772
794
808
812
798
736
748
752
766
780
802
796
768
736
708
666
652
668
654
634
654
718
758
770
776
788
790
782
764
754
746
742
750
736
708
698
698
690
706
744
722
684
730
740
750
704
706
716
750
768
736
722
748
734
736
740
728
710
738
780
808
818
814
746
730
712
678
630
616
610
594
578
572
590
620
668
682
652
630
626
628
636
644
658
674
680
666
658
654
650
664
670
656
646
634
626
614
600
594
572
566
568
568
574
578
576
576
580
600
618
636
666
722
752
760
758
728
706
708
706
714
756
796
828
828
806
802
784
768
758
764
770
768
780
806
804
786
754
734
732
708
692
696
710
788
824
834
814
768
758
752
730
708
682
672
714
742
752
732
738
792
840
850
830
820
832
816
788
764
768
796
816
828
820
814
820
816
800
758
756
780
800
794
804
838
840
802
754
740
758
756
700
688
722
726
706
726
782
814
822
784
720
700
702
718
742
752
754
802
826
840
812
790
796
782
742
716
730
744
750
746
714
684
680
660
642
612
630
652
662
688
664
654
648
656
654
626
644
774
806
782
758
722
704
708
718
718
720
712
702
706
698
674
672
694
734
744
726
640
386
438
780
776
770
744
724
698
672
648
636
