356
746
450
272
612
452
272
494
648
608
364
492
296
252
2408
1444
730
732
710
642
728
704
1920
1154
692
618
666
654
616
730
684
670
666
720
696
716
746
752
752
780
772
780
750
716
682
628
376
266
600
600
570
612
666
748
806
780
866
684
718
714
724
564
964
734
698
684
748
758
748
816
750
616
782
696
686
692
740
724
780
714
698
704
700
762
738
752
618
814
710
704
702
670
660
750
762
790
810
802
768
752
766
716
720
730
742
606
918
784
686
692
704
722
724
800
802
488
314
772
622
916
774
710
722
752
750
750
708
634
784
748
776
726
716
782
774
750
672
754
726
694
754
684
668
696
746
724
698
736
718
732
750
724
738
704
762
750
750
712
704
714
724
694
774
692
730
756
764
770
764
730
556
334
658
722
746
722
532
320
598
694
718
692
728
750
786
764
700
716
750
750
752
730
776
744
806
726
714
704
696
622
380
266
634
602
624
704
688
684
660
400
290
694
638
634
584
798
734
750
718
780
718
732
736
700
750
744
756
750
830
786
750
780
778
774
812
774
764
816
784
762
754
816
796
784
732
708
812
770
742
760
814
810
774
736
616
908
794
780
768
812
804
800
750
722
750
752
678
732
770
804
822
778
776
790
744
774
750
760
766
772
734
732
792
724
662
684
682
698
718
722
732
744
722
694
738
664
678
696
726
688
668
738
738
718
670
666
700
684
664
734
702
672
728
618
650
614
608
584
608
634
648
710
722
714
702
686
714
682
690
724
732
754
766
754
710
688
604
632
632
684
820
858
842
896
772
822
804
790
798
782
726
690
754
742
714
686
710
766
774
848
804
784
758
764
754
748
746
720
684
730
756
778
716
686
698
722
712
776
748
748
794
768
738
760
736
742
736
750
766
746
754
750
752
728
440
292
694
590
574
602
594
536
552
576
656
816
818
826
592
1028
798
724
668
698
668
626
672
666
692
704
754
780
860
826
804
794
774
746
758
734
766
794
798
786
716
766
734
746
664
678
412
322
704
640
668
690
714
584
594
358
252
582
564
608
636
658
686
774
812
818
818
794
832
758
686
454
272
552
536
558
366
252
560
682
856
884
894
884
844
912
778
748
622
378
252
614
590
598
684
704
758
848
852
840
822
822
812
802
786
792
758
750
746
700
672
414
332
752
716
636
666
706
692
630
538
330
284
590
626
738
758
758
720
808
794
762
698
758
714
722
688
714
724
760
722
722
612
882
750
730
720
714
732
748
720
668
584
352
278
618
558
362
252
578
602
842
838
910
840
836
502
332
702
476
364
332
592
376
252
506
532
552
616
780
804
750
830
834
836
824
766
822
756
722
694
704
620
596
616
598
616
716
700
622
744
756
818
802
782
752
728
814
762
708
710
720
732
718
694
706
706
776
756
668
694
698
684
668
666
666
608
630
708
754
784
752
826
724
450
274
686
704
674
658
520
782
718
766
796
804
750
712
756
700
778
750
716
722
728
714
558
450
412
704
718
708
736
694
718
694
724
726
660
746
706
724
714
700
662
644
656
678
648
666
680
774
758
774
726
756
744
768
700
748
650
680
696
682
744
686
696
722
728
700
736
692
702
660
556
340
252
578
556
562
616
774
824
866
820
798
776
610
916
746
720
618
384
1076
646
492
296
322
562
340
252
546
496
564
606
668
786
810
848
850
832
874
800
750
812
750
722
724
742
744
736
444
304
272
450
742
476
290
794
788
786
758
584
862
694
694
720
730
704
736
636
382
268
314
320
630
666
642
690
702
566
340
660
750
794
754
452
326
258
492
718
700
714
738
764
750
750
784
784
766
728
754
554
332
682
732
750
750
630
868
650
560
344
312
628
676
800
814
796
506
304
696
718
812
766
704
690
672
640
664
680
722
794
752
770
798
598
962
758
770
746
694
750
696
656
664
732
752
732
444
274
748
784
772
750
732
690
416
324
706
676
416
268
684
676
700
704
718
468
306
752
732
696
720
678
748
602
750
744
756
750
706
718
736
688
730
682
734
740
758
746
720
752
716
540
326
556
334
396
690
734
746
708
696
418
328
718
700
726
718
736
738
642
724
652
714
606
592
380
252
538
534
598
660
664
718
786
800
866
782
768
534
320
710
602
618
372
252
542
550
334
254
590
704
758
598
712
622
748
798
584
350
810
788
768
498
298
702
668
750
700
682
652
716
748
752
666
866
748
752
468
326
786
704
702
650
808
752
750
722
706
762
726
760
704
672
428
286
734
696
494
296
620
700
790
752
732
726
634
888
724
676
412
252
714
534
588
600
634
640
422
254
662
586
670
716
728
620
734
680
418
252
534
556
334
288
300
366
756
794
840
534
320
808
802
820
826
758
460
322
262
488
294
468
284
466
282
500
718
724
764
762
774
730
778
750
452
314
754
730
736
750
722
460
298
752
728
722
782
718
668
416
286
348
364
704
432
282
300
416
284
414
586
384
252
580
570
598
366
332
802
832
866
850
518
328
856
782
702
632
578
620
650
700
894
864
858
828
508
318
350
516
314
544
836
838
784
550
332
692
716
760
700
794
674
696
710
736
750
818
796
776
764
754
756
752
700
732
738
528
316
710
696
722
740
732
778
706
628
704
702
560
338
582
730
790
644
896
726
710
734
602
726
608
364
252
486
294
330
674
420
366
798
836
544
326
558
334
1204
722
472
600
646
718
754
784
828
840
848
866
550
332
868
800
828
786
752
468
296
738
748
754
764
766
718
458
274
646
646
642
418
274
720
700
738
700
730
444
274
706
670
698
678
696
716
746
710
682
618
704
664
432
260
690
604
662
670
674
664
674
662
408
268
666
666
672
656
636
418
252
664
632
716
692
694
698
696
672
616
650
648
674
728
780
830
686
728
744
754
760
814
780
760
738
702
700
704
712
714
702
684
694
636
568
340
266
574
662
806
864
882
874
892
854
816
848
784
760
724
716
750
734
744
674
646
680
672
710
752
756
548
328
632
698
740
718
666
666
668
418
256
704
674
416
256
676
632
638
382
282
668
728
704
716
760
752
732
688
698
438
284
732
730
748
740
690
740
714
734
750
704
678
696
704
724
764
780
736
786
758
702
656
648
634
630
622
596
358
280
644
672
714
702
698
734
748
730
676
628
638
634
684
676
688
664
654
700
672
626
686
650
402
290
708
722
764
726
672
682
696
690
670
634
680
632
688
698
718
760
786
784
768
716
784
748
756
696
686
632
716
732
764
764
690
750
750
758
704
708
730
804
808
770
786
802
798
752
750
712
732
722
702
692
630
680
612
612
638
752
812
830
794
788
796
848
802
796
764
756
756
746
784
770
746
732
666
700
734
798
840
790
774
836
802
764
796
738
762
756
770
760
688
714
740
730
806
740
746
756
782
740
698
766
762
752
700
672
678
768
788
734
698
740
816
776
818
730
728
742
752
746
766
764
738
742
740
736
782
750
744
702
718
762
768
824
804
762
812
792
804
778
746
752
752
764
752
736
742
780
786
758
702
746
730
740
732
710
750
760
756
786
722
744
708
778
734
722
758
738
798
738
700
708
772
756
740
688
740
744
740
732
760
704
720
718
700
714
668
736
730
746
740
704
694
756
724
756
668
744
720
742
712
740
722
736
730
656
662
398
334
650
652
682
718
764
770
768
692
618
736
678
642
636
622
610
650
634
636
680
698
706
712
768
708
748
728
744
732
776
764
748
726
722
788
752
750
752
756
816
792
772
810
816
768
750
812
802
818
788
728
746
728
826
756
772
760
784
804
772
788
788
772
788
734
752
764
766
736
698
706
712
798
782
766
784
766
514
308
762
742
768
810
768
764
756
466
306
772
734
742
730
748
752
760
756
742
742
742
796
788
764
718
736
750
750
528
316
386
296
380
690
704
712
644
670
648
618
648
640
612
680
662
660
724
720
686
682
750
732
714
684
742
792
820
796
822
742
748
738
736
748
732
700
746
756
778
786
760
768
782
788
766
714
704
746
758
726
788
708
774
732
782
722
742
752
764
748
732
754
768
746
798
740
776
784
756
746
804
766
826
752
744
750
812
770
708
786
764
718
782
714
732
780
750
762
728
784
768
776
738
750
760
744
712
736
698
716
732
732
702
730
736
750
750
754
806
768
724
744
772
782
760
726
762
764
750
698
708
434
322
756
754
738
740
804
744
784
760
724
780
740
698
770
752
776
790
740
740
734
778
764
730
726
740
800
772
752
780
804
782
828
800
784
798
792
762
754
744
738
742
724
682
702
662
698
634
660
402
320
742
786
774
756
746
782
764
704
702
718
794
782
738
732
784
798
800
738
708
774
732
794
766
718
730
728
782
748
786
758
756
860
802
750
564
338
690
770
786
768
746
804
790
756
758
756
836
818
802
776
786
800
796
756
706
806
772
764
770
750
766
762
734
684
702
734
766
780
750
752
750
748
708
740
720
742
742
738
714
702
740
710
780
728
722
746
754
532
320
644
684
748
754
766
748
688
696
724
708
656
672
584
612
642
644
746
720
774
716
660
720
728
740
766
774
712
692
714
762
810
836
842
828
812
766
800
790
820
816
816
828
824
772
846
818
752
688
676
784
818
852
870
834
778
822
788
740
704
724
750
764
762
808
752
782
780
774
766
800
774
836
804
750
736
744
746
800
742
742
782
758
754
776
788
772
708
724
718
736
762
770
758
740
758
756
754
694
686
738
730
756
750
698
708
770
726
688
658
712
734
772
762
786
742
702
708
654
670
724
740
750
810
514
308
706
730
798
788
772
772
682
702
700
786
772
732
660
834
764
758
652
802
726
714
762
720
762
756
772
770
806
708
718
706
666
662
702
708
674
698
708
772
708
644
684
690
708
742
776
696
768
746
766
764
756
702
752
752
772
740
738
716
722
774
752
762
718
718
730
740
766
762
734
748
756
802
754
728
770
788
782
716
730
668
652
682
418
596
916
892
846
836
692
940
780
708
724
692
680
700
696
762
740
786
800
760
722
734
708
706
676
738
710
724
718
712
716
690
638
706
656
608
678
662
660
646
628
712
724
728
688
706
688
676
682
650
662
648
698
608
662
456
274
638
656
682
684
684
418
306
290
444
702
648
678
680
690
688
656
666
694
418
352
754
768
746
752
750
746
752
750
722
740
658
694
686
746
708
676
752
754
772
756
760
690
716
748
742
768
786
758
698
686
738
456
312
770
806
810
794
490
296
768
736
742
776
696
728
700
760
752
772
712
780
766
708
700
658
700
706
702
612
378
282
594
360
252
594
580
636
614
632
628
628
608
612
370
274
622
612
628
406
252
658
620
664
698
664
658
638
676
730
708
990
864
816
850
796
766
736
716
736
728
740
764
808
776
774
702
716
718
732
756
716
638
610
762
734
730
674
694
418
340
764
800
762
708
870
796
742
716
724
700
762
738
712
696
754
718
728
676
414
272
690
692
742
728
692
720
688
652
392
330
628
700
668
402
280
734
770
794
792
758
680
478
286
700
708
772
752
704
716
738
608
364
682
812
866
852
834
778
832
800
798
768
670
742
754
762
800
788
712
574
922
772
788
852
788
780
792
776
772
740
732
554
332
672
734
748
736
734
440
810
702
696
684
652
692
714
700
708
650
628
668
702
736
766
770
758
756
730
674
668
682
746
740
756
742
720
712
694
692
666
654
682
700
740
772
780
718
760
780
774
764
702
726
754
748
748
718
680
704
714
726
740
688
708
648
672
674
638
702
798
820
840
832
814
778
740
736
842
892
876
868
846
822
776
728
706
702
690
676
654
664
670
682
726
762
856
818
1068
986
946
922
898
868
844
814
792
748
716
650
650
626
618
648
672
756
764
778
768
732
730
732
718
720
716
718
758
758
766
754
762
774
782
778
774
766
750
738
728
724
720
726
726
728
726
720
708
710
712
720
734
730
664
736
730
734
754
674
724
710
714
714
678
704
722
730
666
666
678
686
662
688
720
720
794
764
768
756
756
748
740
708
706
714
726
750
760
718
738
806
788
796
800
738
750
774
776
760
746
772
778
790
736
764
778
764
714
718
748
758
748
738
780
798
802
764
754
760
732
752
728
752
748
720
712
762
802
810
782
792
850
794
780
804
790
794
738
738
754
756
732
736
776
788
776
772
752
766
744
762
744
782
804
756
770
816
828
794
760
764
734
766
694
720
748
770
710
730
762
760
750
752
798
790
788
732
762
758
818
768
704
704
694
676
696
676
718
756
770
720
768
792
794
744
772
770
754
698
724
746
762
738
740
734
824
786
728
730
750
742
722
730
748
794
772
754
744
762
762
766
724
726
756
756
718
718
734
720
702
638
670
704
734
718
716
750
752
754
678
746
738
726
734
784
820
826
804
824
792
832
776
690
750
742
722
684
718
734
746
694
708
728
756
750
620
836
734
744
672
654
724
746
734
740
710
740
694
674
716
724
722
716
676
654
700
716
734
756
780
784
784
780
742
728
724
734
738
768
770
764
768
774
742
784
776
798
774
748
788
782
828
788
714
724
744
746
690
704
756
774
776
722
762
766
750
728
768
776
752
720
736
740
684
728
718
754
764
728
764
802
800
730
776
772
776
742
728
784
766
724
712
726
726
776
698
776
780
768
748
772
808
796
714
770
766
754
724
700
676
692
698
734
692
706
740
746
716
720
730
744
720
722
758
770
768
758
770
768
780
722
732
754
758
740
716
744
760
736
708
752
780
782
732
732
770
748
716
736
752
750
720
722
744
756
726
740
830
838
798
822
862
864
838
798
796
778
720
766
756
762
770
714
750
778
774
734
780
798
816
768
762
790
770
738
740
754
754
720
738
792
812
792
790
816
792
796
750
768
770
764
756
768
848
830
758
776
794
780
732
738
762
762
736
762
836
832
770
802
822
820
734
802
800
796
752
738
778
808
824
830
812
806
824
832
828
814
740
786
774
784
760
826
818
830
824
798
714
752
772
752
680
636
614
770
786
778
750
736
780
808
772
734
770
762
752
774
790
792
760
796
750
700
756
708
732
732
682
642
696
720
720
682
720
648
626
690
678
690
684
696
710
710
716
720
672
656
692
718
760
800
798
802
774
732
650
636
666
688
726
820
862
862
844
822
800
806
776
718
690
704
664
704
644
650
684
714
746
734
768
758
768
744
760
762
754
728
672
684
708
712
686
688
712
736
724
732
764
766
738
704
750
738
686
664
638
602
606
632
660
716
746
826
868
846
824
812
786
776
748
658
674
638
648
688
748
754
728
706
666
696
726
710
722
710
702
694
648
636
630
608
618
608
610
608
630
648
676
686
714
680
674
718
754
790
814
822
826
794
854
742
774
756
744
798
726
776
758
816
804
758
780
804
798
792
794
812
830
814
808
808
812
814
796
730
748
766
756
734
662
648
676
716
762
768
802
794
804
786
822
764
804
772
772
734
782
764
772
768
708
680
702
804
756
798
830
842
836
804
802
780
790
802
810
822
806
780
794
808
820
810
804
756
704
788
810
830
846
830
786
798
798
782
732
772
748
708
664
648
664
670
694
720
746
724
760
790
800
782
768
758
728
690
710
736
728
790
736
732
752
750
724
660
706
748
782
768
692
740
774
792
800
740
746
792
748
680
700
698
676
672
704
780
814
798
844
840
828
752
778
782
814
784
726
798
786
794
762
814
838
836
774
786
804
808
784
792
806
818
800
748
786
796
798
744
726
750
766
782
740
714
778
790
778
768
816
786
820
756
754
816
768
668
402
294
706
720
764
748
766
790
792
818
782
732
814
816
812
802
792
740
756
752
780
770
732
792
840
852
868
852
820
832
802
768
824
792
816
818
814
758
786
794
816
760
772
810
808
814
730
766
758
770
718
724
756
750
752
680
710
740
716
696
710
754
724
676
680
686
686
656
668
692
642
640
670
652
626
666
658
662
646
678
660
678
700
776
786
728
700
792
820
840
844
800
814
822
844
836
810
836
830
840
812
776
846
814
794
724
724
700
794
806
746
778
798
808
814
798
770
776
738
762
776
794
782
718
730
750
760
748
746
796
812
804
750
782
796
750
678
672
678
664
700
736
726
754
784
768
816
728
686
744
764
822
840
802
822
838
840
804
750
778
772
826
780
706
660
726
718
620
914
748
654
752
742
714
686
684
616
600
596
724
884
874
848
866
850
838
808
756
788
752
726
734
762
808
836
840
832
846
830
834
794
772
760
716
768
742
710
660
708
696
684
678
682
652
620
590
642
620
626
682
674
698
706
700
664
690
698
664
716
678
682
684
650
668
676
684
700
752
690
716
740
834
806
806
784
812
780
762
760
744
696
696
796
764
718
758
748
736
742
672
678
682
760
740
710
740
762
770
724
692
750
750
764
738
746
760
756
736
676
696
704
708
680
696
682
664
678
704
758
790
750
784
770
746
806
770
736
744
746
760
702
686
764
754
746
744
742
782
782
766
696
738
762
768
778
742
736
756
718
738
668
690
728
728
694
742
768
770
730
692
580
802
704
724
686
666
686
680
668
674
628
684
668
692
708
728
736
734
742
718
772
746
738
730
784
730
722
732
730
702
652
650
680
748
770
784
750
756
776
840
808
770
770
762
752
700
766
688
414
300
684
716
734
702
640
720
720
750
786
714
742
710
756
704
710
644
746
746
756
726
742
786
732
836
762
706
684
804
772
784
680
832
798
790
766
732
756
764
764
704
672
720
658
670
660
696
718
674
634
758
714
570
782
638
678
680
698
710
670
648
682
660
632
618
632
644
656
686
748
602
1008
844
838
786
722
734
768
724
750
686
676
596
706
662
660
676
664
676
716
786
832
826
816
846
842
844
802
796
778
732
784
788
774
806
566
340
674
794
814
738
772
734
800
704
710
778
780
738
736
812
790
734
750
736
716
782
732
726
746
744
766
740
746
732
750
768
764
728
708
736
740
746
674
716
680
658
710
662
676
706
810
786
732
786
772
756
744
748
730
680
718
722
640
888
768
724
774
734
776
722
736
748
732
736
736
706
840
754
706
786
776
766
810
754
586
932
714
708
712
756
754
682
694
646
670
412
256
692
632
658
664
780
762
694
758
736
730
714
730
694
706
700
708
710
658
726
586
930
760
782
836
848
836
786
776
820
750
752
760
754
720
760
752
804
698
748
624
910
720
718
734
734
748
752
796
786
768
776
642
948
744
750
742
838
762
766
794
768
830
756
752
758
812
750
800
784
802
804
758
796
780
802
792
736
776
748
738
740
706
698
732
736
742
760
592
944
730
768
746
738
722
740
754
764
738
708
738
738
732
706
720
720
722
736
714
728
716
754
704
700
730
670
628
644
642
640
626
704
624
708
696
708
676
734
628
642
646
744
760
814
818
848
880
834
880
820
794
778
720
676
732
738
734
848
762
768
786
792
776
696
750
748
766
732
588
948
806
746
772
542
326
690
756
764
800
822
808
784
820
798
734
754
778
758
762
778
840
760
776
804
782
756
784
788
752
758
778
772
772
580
350
648
770
548
328
686
770
790
756
830
790
796
762
724
778
740
786
746
748
786
794
776
778
782
744
738
724
674
726
740
758
748
780
658
856
730
752
736
810
766
778
814
822
816
750
770
844
818
808
746
812
804
798
764
760
758
830
738
806
798
790
728
728
810
794
782
764
760
746
774
720
800
800
780
786
822
758
800
782
746
772
738
766
744
740
778
754
788
772
856
772
796
568
340
722
758
812
812
756
748
824
792
774
784
796
810
802
734
754
778
782
726
764
778
820
800
740
714
764
728
674
668
716
730
806
634
808
730
756
758
786
772
822
822
772
732
800
768
740
654
740
762
784
814
756
798
804
788
798
770
776
804
714
720
742
716
668
680
738
780
722
750
800
822
840
784
824
758
752
726
714
686
730
654
674
664
622
724
740
750
602
842
728
634
862
698
728
772
800
766
598
966
848
806
762
778
772
836
780
752
800
796
836
784
796
786
812
598
924
748
770
802
746
798
792
776
728
634
892
712
632
836
814
722
702
858
798
738
598
848
768
786
794
752
746
754
754
698
716
692
734
666
636
704
768
652
964
846
822
792
766
780
756
800
778
774
674
790
752
778
768
718
780
822
802
602
864
770
746
688
736
846
760
700
804
800
756
714
634
892
786
790
556
882
756
814
548
328
802
750
790
658
662
626
670
686
688
738
756
762
668
686
666
406
280
680
710
630
380
312
686
564
898
766
706
724
740
762
846
854
772
812
908
858
798
790
816
828
764
760
644
1056
822
802
868
858
596
358
654
756
814
812
774
756
724
832
822
782
762
832
798
744
784
788
800
680
798
746
746
684
652
688
772
690
788
814
830
800
734
698
734
756
730
692
740
764
790
786
732
834
862
830
740
820
796
784
734
716
748
812
766
688
816
784
570
926
776
632
862
766
788
798
752
564
338
756
824
752
736
726
756
794
778
746
822
792
820
792
734
756
742
750
756
674
756
772
792
822
742
808
836
800
746
830
836
838
772
754
840
812
802
800
800
798
730
738
802
798
864
780
860
664
934
780
806
794
786
806
808
748
868
818
824
754
734
802
798
810
582
350
662
778
786
766
784
784
716
582
876
810
806
740
534
320
708
758
718
748
742
780
534
320
666
624
662
718
718
664
696
700
750
740
724
802
816
802
748
792
776
770
786
722
722
764
728
750
740
848
800
754
774
788
766
616
880
772
748
764
770
740
618
808
770
756
772
780
808
710
740
732
730
768
682
736
762
724
726
736
768
814
740
744
750
752
666
762
772
718
830
802
790
738
752
750
702
678
618
688
680
798
756
580
350
682
810
754
754
728
806
732
714
768
812
826
734
824
806
752
788
738
766
774
814
736
780
852
836
582
980
770
802
782
780
600
988
830
514
366
294
492
836
846
836
770
790
822
662
1018
800
806
820
880
846
784
732
750
796
720
734
666
688
642
634
920
982
932
916
898
904
830
816
770
732
732
730
720
546
328
586
358
334
646
702
614
652
644
638
650
664
456
274
606
366
282
662
658
686
652
706
702
744
720
688
714
438
262
648
636
672
692
778
722
720
770
742
712
490
296
674
746
830
818
830
770
704
676
754
716
748
746
708
470
284
728
626
654
682
634
666
734
780
722
434
424
824
828
804
782
766
780
792
664
882
768
618
1024
826
508
312
806
786
764
758
668
716
748
788
808
812
780
786
734
756
766
752
750
730
748
756
742
702
430
302
368
392
788
734
790
792
798
796
688
716
702
698
682
516
310
642
734
810
820
704
512
308
726
720
696
648
388
312
676
668
736
718
718
702
768
762
776
796
790
748
822
802
776
768
648
880
782
510
312
842
768
826
824
494
306
682
708
726
682
650
616
602
638
688
726
732
514
308
600
706
752
684
836
712
684
688
712
712
710
680
692
788
708
740
690
784
734
686
634
658
690
686
746
774
746
790
840
804
736
738
730
838
772
708
860
812
756
740
784
818
796
804
836
630
984
752
746
748
716
706
734
710
788
840
834
822
772
806
840
822
704
800
742
740
782
862
640
386
710
818
878
850
784
780
808
852
880
864
860
872
866
768
798
806
740
972
766
740
804
770
710
768
838
502
320
810
832
902
832
834
746
968
770
784
814
838
638
1080
898
828
502
302
800
774
772
786
820
852
770
824
846
848
554
332
760
806
858
870
850
856
826
834
824
808
776
854
884
864
806
918
888
848
536
322
724
756
836
764
748
554
332
