13
565
691
745
681
888
826
690
783
717
854
829
784
740
693
742
739
739
628
681
754
812
787
714
673
1045
482
348
870
783
777
716
725
782
832
739
783
870
870
899
710
900
845
778
4294902462
739
808
762
902
882
783
735
899
807
691
745
740
913
741
733
750
777
833
768
798
827
842
735
791
706
848
827
729
809
766
789
784
697
740
777
875
789
763
761
750
899
789
700
714
723
740
697
691
647
794
826
779
881
218
44
348
740
741
727
669
697
740
706
644
697
697
752
819
653
740
742
740
749
701
687
654
707
730
725
653
712
662
649
677
769
697
736
737
4294902570
719
736
632
678
698
654
666
601
696
207
414
599
366
244
610
741
823
702
832
779
746
741
802
809
789
803
897
2401
1001
799
771
697
714
724
741
788
784
783
786
714
862
735
701
697
698
740
698
692
703
779
794
872
1482
735
747
701
698
719
719
748
680
708
741
755
731
665
774
726
794
704
788
879
864
742
741
786
741
755
775
689
700
224
480
692
616
740
702
688
4294902425
653
741
742
741
637
670
687
714
749
734
750
783
751
816
779
504
286
742
785
783
704
741
741
785
742
785
726
717
654
698
654
741
698
742
701
693
834
741
741
649
660
758
719
838
742
785
780
747
832
655
785
735
791
786
785
832
699
904
753
741
786
754
740
691
692
704
697
742
306
349
683
663
664
741
655
643
666
648
703
682
763
698
654
699
697
698
745
673
636
698
655
4294902370
872
698
697
717
695
731
698
602
751
680
670
748
654
698
731
665
699
745
698
742
698
698
742
742
718
682
654
668
684
699
692
617
740
660
698
655
655
691
727
898
901
901
815
682
890
836
863
785
748
830
741
873
867
886
683
901
856
872
917
745
785
743
781
746
698
737
670
692
785
773
842
1491
782
785
743
697
698
737
704
797
724
759
735
830
785
4294902981
1046
661
736
747
830
785
770
718
867
835
698
785
728
857
733
741
743
785
742
742
657
700
741
743
698
718
817
794
774
785
730
792
704
699
654
659
655
536
206
795
777
320
377
1526
835
742
349
349
699
786
737
765
640
698
781
712
778
721
388
349
771
743
741
655
698
742
699
703
785
742
830
736
749
741
790
743
795
688
663
598
655
663
699
742
794
904
878
780
306
438
749
4294902322
966
743
698
742
773
802
830
742
1483
743
691
710
697
699
706
773
698
800
694
698
219
480
693
616
629
642
695
658
692
756
734
750
691
655
820
793
804
530
244
736
747
742
871
748
743
786
741
916
699
784
792
731
848
647
698
746
786
775
752
743
785
699
830
691
753
706
782
732
835
692
194
159
400
742
743
755
728
742
795
740
870
737
704
654
694
660
655
615
649
661
655
4294902414
133
479
702
703
650
649
755
736
741
743
639
725
700
747
772
786
742
830
840
758
807
693
747
742
830
843
732
830
829
742
786
716
780
821
787
705
735
786
786
746
741
786
730
798
693
704
775
800
726
802
786
786
873
746
697
710
813
787
747
655
776
725
816
684
713
742
785
758
818
685
755
742
786
716
1471
392
393
743
829
672
812
769
805
913
829
839
4294902642
859
747
698
742
742
699
692
613
628
689
678
807
693
829
835
737
419
383
698
865
830
698
829
807
769
882
820
786
742
831
837
804
283
567
830
829
786
1007
786
830
829
830
756
772
746
830
829
786
873
874
808
723
785
741
707
691
743
791
740
786
742
794
822
682
404
473
796
704
925
829
778
786
834
779
749
785
759
856
750
433
305
699
779
661
256
355
698
699
686
4294902438
778
743
785
700
676
764
702
786
748
780
793
734
693
709
698
780
748
664
733
655
713
856
811
733
863
785
742
747
741
743
779
879
824
1494
742
829
699
742
691
754
742
741
743
811
847
762
810
1401
706
681
796
830
774
757
742
655
743
698
907
1013
965
961
910
879
917
885
883
899
873
873
918
887
862
918
873
784
875
873
789
742
4294902546
781
835
738
741
752
786
738
789
700
785
848
771
699
781
748
736
704
611
703
699
786
736
705
741
786
771
805
742
743
736
792
789
742
743
785
874
742
358
384
786
779
885
741
743
742
742
698
747
703
900
885
873
874
813
755
874
748
777
882
787
732
755
830
787
736
660
699
711
734
785
699
323
376
698
785
1402
262
349
655
699
611
611
612
655
615
611
655
655
611
4294902808
1005
702
699
750
647
683
635
642
661
702
787
780
913
883
1518
834
796
698
743
786
830
713
788
693
735
782
835
785
743
746
785
874
742
787
829
877
832
741
867
836
829
794
826
934
812
727
845
786
747
698
655
698
830
742
787
713
769
731
842
658
307
437
693
690
674
736
661
780
722
856
830
702
1441
743
742
655
699
710
685
661
751
723
862
853
4294902583
378
419
703
869
786
738
698
686
677
655
656
760
850
934
910
681
760
699
742
699
655
668
690
787
900
889
911
899
901
900
300
591
825
792
786
790
786
829
901
846
824
792
833
324
432
747
900
873
829
838
762
894
783
715
904
786
703
736
779
886
912
262
617
814
805
794
735
775
753
830
790
742
785
831
742
786
787
827
792
743
752
776
743
742
746
830
4294902298
1028
705
664
741
762
806
694
791
786
824
790
705
742
757
685
699
611
742
711
691
655
699
655
666
644
698
663
695
688
761
735
868
879
838
786
781
787
742
786
741
792
780
791
787
739
853
761
751
645
841
868
834
699
499
251
739
698
743
699
655
699
699
768
763
787
759
900
900
891
789
787
742
747
782
829
733
807
780
813
766
691
741
744
702
707
647
699
4294902459
786
873
780
359
438
823
781
797
698
700
746
785
756
725
747
786
760
860
639
846
742
781
792
736
709
742
829
721
851
699
786
747
742
655
393
306
655
706
705
802
760
700
693
748
742
736
662
707
731
705
699
693
748
410
333
784
345
447
699
306
481
727
810
821
769
852
737
699
748
743
721
807
693
798
700
742
743
787
730
759
739
836
787
776
791
841
771
802
695
792
743
4294902460
790
875
919
918
700
902
896
742
743
787
732
756
699
724
767
874
876
875
825
794
910
843
831
700
831
831
763
860
919
919
876
875
411
483
816
831
744
777
769
781
732
747
750
788
700
831
690
891
787
701
744
744
744
744
691
670
739
793
744
701
789
773
719
744
701
789
743
739
662
749
738
720
731
745
788
778
890
1445
666
358
334
789
700
775
410
4294902087
813
730
803
739
794
918
925
870
838
833
780
900
771
707
877
831
798
736
792
783
707
739
706
833
876
793
744
789
745
744
715
644
737
712
877
877
667
822
658
693
725
777
744
721
682
744
820
762
701
751
900
891
833
729
784
814
745
745
758
864
923
833
789
789
841
738
774
801
746
794
658
734
713
701
836
667
1088
305
659
350
351
701
648
627
701
4294902506
696
701
576
669
630
634
613
702
657
307
307
652
1189
845
781
801
778
719
772
701
749
701
745
763
735
694
741
841
833
833
794
901
761
739
754
691
668
658
701
701
789
738
405
394
341
360
746
657
696
663
702
661
671
688
613
658
657
406
251
658
689
717
746
788
631
1385
644
669
619
701
658
657
667
779
723
1385
394
270
651
744
745
745
749
745
701
788
746
745
707
681
762
740
750
670
4294902273
905
740
759
273
481
658
689
713
744
745
793
324
377
700
701
832
789
700
680
682
701
708
649
658
613
657
646
628
656
783
663
657
263
437
695
705
706
700
695
750
712
636
710
661
612
662
652
701
656
657
679
689
693
657
657
613
361
291
617
706
688
755
700
685
716
656
658
656
660
657
628
627
670
651
619
344
312
661
655
657
614
568
657
656
605
734
722
761
756
841
188
600
749
804
710
852
656
876
744
482
4294902065
748
734
711
788
743
876
787
281
461
730
770
833
665
771
699
730
674
657
656
614
699
785
746
704
788
779
883
700
744
738
719
777
832
744
744
700
743
791
744
639
805
694
706
743
871
883
881
869
743
919
729
674
744
699
676
660
634
655
767
637
1444
668
863
787
743
704
738
743
763
774
743
700
704
499
245
742
745
830
678
810
794
784
874
788
742
832
817
4294902914
1138
700
874
787
742
749
738
793
700
699
700
788
790
700
744
699
831
743
326
375
615
656
673
612
736
866
767
899
873
795
732
966
835
827
835
786
831
919
875
787
736
754
748
821
749
232
511
835
754
864
276
424
218
257
268
433
310
831
699
699
721
727
738
394
355
700
683
903
822
263
412
769
733
764
733
687
716
700
787
699
782
661
394
349
748
680
763
655
665
735
782
751
651
749
4294902504
743
498
245
700
720
721
792
748
740
699
747
685
758
743
1399
701
780
715
704
697
706
811
690
759
737
785
717
781
694
705
700
781
749
748
655
699
656
699
701
650
646
518
157
655
700
1306
241
464
699
698
600
780
720
295
496
694
393
356
743
834
788
756
643
786
787
787
747
744
651
712
692
742
787
791
656
720
810
788
787
742
742
749
743
787
700
650
756
746
825
655
500
287
699
4294902547
613
748
655
699
787
739
786
656
743
753
786
714
773
699
656
787
718
729
700
742
738
458
335
763
816
687
666
787
700
655
656
733
801
874
1530
700
743
744
741
662
656
699
699
655
695
699
753
655
795
691
744
743
612
753
650
699
708
647
650
705
665
694
620
648
611
613
650
242
25
307
1228
699
743
656
300
443
699
788
772
809
738
744
688
668
742
787
790
630
770
734
796
703
783
4294902537
756
782
749
700
699
787
790
788
756
729
700
787
654
845
653
360
376
744
786
830
701
703
742
699
738
662
699
742
820
889
831
680
282
562
748
787
831
688
762
783
830
917
788
722
811
787
787
699
787
743
749
697
699
700
745
774
748
699
675
776
718
813
655
537
250
744
803
763
709
709
733
787
781
721
725
754
