298
698
321
332
567
611
654
700
786
251
481
2098
746
693
592
595
653
351
304
367
200
611
568
735
617
657
1527
649
790
743
735
708
480
305
785
830
567
218
786
823
708
829
823
1484
717
816
686
366
436
4294902288
1131
678
298
551
728
717
698
664
603
649
617
698
678
897
175
1318
821
131
650
791
870
836
786
831
786
698
831
833
741
307
523
675
897
4197
742
655
787
722
479
281
830
383
452
656
873
824
1577
645
1629
744
699
790
743
786
1748
829
699
921
743
762
767
961
786
789
544
332
916
394
349
744
786
830
790
874
88
236
282
918
748
1398
620
608
742
831
786
4294902722
874
922
830
733
885
743
737
597
855
830
756
861
918
306
613
877
787
743
869
787
481
243
753
849
787
874
652
458
414
788
736
847
654
876
404
296
737
749
847
862
918
1006
787
918
903
762
738
705
700
650
618
616
699
811
300
594
1793
914
882
875
350
193
238
793
787
743
700
737
421
455
1801
2847
478
537
252
743
700
830
788
132
615
738
661
1793
1132
4294901974
329
689
700
699
614
743
744
744
790
831
830
657
875
655
788
703
607
705
607
706
782
803
880
863
874
744
787
631
157
743
830
662
368
375
783
749
751
824
791
788
830
744
875
832
904
805
710
734
745
743
656
656
660
570
612
656
657
811
895
905
900
900
886
188
726
836
838
873
875
778
884
738
881
767
369
531
388
531
149
682
831
876
873
881
819
897
903
199
682
837
655
4294902723
263
1268
1289
325
841
744
832
787
826
749
744
835
789
787
718
901
744
757
899
799
788
257
530
739
662
621
696
613
701
787
832
1575
698
707
699
657
700
832
700
789
704
1312
1445
607
881
661
1506
283
443
744
744
788
792
788
787
788
744
876
1443
661
423
321
788
481
395
826
850
866
772
760
744
739
749
651
754
782
816
1805
886
880
744
831
4294902435
113
714
731
700
704
745
788
918
831
876
700
1054
745
825
751
743
831
729
851
832
876
738
881
324
546
674
774
284
416
837
788
695
749
749
700
700
700
700
832
219
432
1585
744
657
500
244
651
662
705
874
360
467
787
789
881
1520
760
739
662
831
701
788
842
825
876
306
470
882
180
657
657
768
593
657
744
744
876
739
902
897
882
393
345
662
745
657
698
707
744
700
307
345
4294902510
1505
949
177
297
622
657
662
609
613
656
618
700
701
788
701
744
701
792
728
630
656
745
657
1313
749
832
788
700
701
188
514
743
749
657
700
701
744
701
257
487
250
361
751
734
711
345
312
714
769
619
830
268
351
701
656
613
700
614
569
717
600
657
695
662
413
463
744
745
705
788
744
701
701
699
789
836
1527
719
819
657
306
520
696
803
699
833
427
317
657
744
726
767
785
743
267
438
745
788
4294902496
663
200
500
619
739
706
276
512
744
904
851
832
701
456
244
657
657
705
744
753
900
899
3099
282
506
701
745
782
783
890
765
856
792
827
789
765
727
788
788
714
381
350
764
869
736
738
662
744
745
832
676
816
739
665
654
695
662
739
710
1445
744
744
658
700
232
449
724
626
638
631
732
569
652
618
661
570
612
1086
553
550
695
657
660
239
381
313
337
750
696
750
788
780
712
4294902417
752
780
744
745
613
786
1582
370
419
744
851
849
887
832
789
788
700
832
686
801
750
832
340
487
662
1814
818
831
701
701
701
695
710
568
658
656
701
833
744
2079
289
1357
590
592
515
580
898
1076
963
876
307
570
700
967
841
866
876
833
743
705
701
656
613
657
846
1804
900
525
571
963
501
413
925
830
838
832
795
781
700
624
694
788
832
4294902581
887
914
900
1030
882
788
875
789
799
825
875
833
851
1654
870
788
832
788
920
886
913
788
783
750
652
706
657
718
862
394
482
831
778
419
467
1625
695
794
788
745
700
788
782
886
808
2126
701
879
900
897
903
935
865
891
832
832
695
663
656
783
666
264
257
224
701
788
2146
636
637
658
657
782
926
905
894
832
744
831
238
465
4294902504
701
688
849
870
881
920
914
917
845
738
752
744
739
663
678
640
654
785
750
915
268
613
1011
921
875
745
701
631
683
733
717
831
717
899
443
1358
879
920
876
788
439
256
794
837
801
819
691
799
700
306
482
701
3152
662
277
337
598
675
701
789
700
501
156
701
701
786
750
702
714
1431
739
840
877
1708
876
788
832
793
832
788
906
1459
4294902815
832
613
971
1796
1091
963
915
881
964
675
245
880
876
919
876
920
898
901
2015
919
433
399
963
924
876
965
869
770
768
880
920
602
229
570
701
903
897
525
359
577
290
614
218
876
832
788
880
789
744
701
744
658
898
901
1007
788
914
881
783
749
750
700
701
1401
630
2396
369
540
378
519
859
823
763
701
613
657
701
656
702
1536
4294902548
1540
868
876
835
920
789
631
201
788
876
839
916
932
251
612
1664
1142
833
831
788
788
874
819
763
788
776
888
232
1256
614
616
745
739
899
900
833
935
863
871
549
282
750
832
438
432
884
740
881
263
655
894
858
791
832
919
588
375
832
919
923
832
832
832
919
876
878
1577
919
657
694
707
747
744
783
750
831
657
745
699
661
700
739
4294902465
701
395
481
202
650
815
744
919
0
831
876
963
836
832
782
837
875
919
88
748
832
787
1007
804
947
853
853
924
738
925
744
916
420
419
875
919
832
733
843
878
483
344
749
870
881
919
786
701
793
657
656
657
787
698
900
900
876
1050
876
881
786
928
779
788
830
833
835
738
899
901
899
901
999
880
921
830
870
837
874
837
744
908
886
176
4294902329
900
898
869
418
463
744
700
701
742
749
866
841
957
788
767
993
804
903
578
218
817
789
840
744
744
667
252
438
744
787
782
885
744
738
832
701
705
792
787
745
787
744
744
695
403
476
787
736
899
866
218
657
686
763
656
699
718
727
394
962
703
614
539
205
613
612
569
613
613
569
704
301
924
1270
612
515
185
701
703
613
700
613
612
701
744
787
699
793
622
736
743
612
1376
4294902314
744
701
744
787
832
855
855
792
783
701
869
881
678
376
83
398
701
787
875
701
787
665
827
788
788
919
787
718
900
898
858
832
831
919
879
783
880
875
914
837
866
669
700
745
700
831
1386
669
750
787
691
885
831
700
704
651
663
699
651
802
779
735
582
782
662
674
852
836
915
884
875
875
744
831
862
892
832
788
914
1449
719
685
656
4294902286
874
876
832
849
768
837
700
656
709
686
749
661
704
783
714
818
832
753
870
831
833
831
832
830
395
397
781
882
788
700
876
743
704
744
569
177
436
656
701
612
710
729
704
663
787
708
692
700
593
724
744
744
782
732
756
744
841
831
700
876
875
788
789
878
875
793
748
486
293
739
797
743
841
823
782
794
908
890
875
870
875
788
793
879
832
876
4294902673
788
919
840
789
744
745
742
745
788
762
783
866
193
507
745
689
362
392
743
750
744
874
702
787
700
743
701
662
657
699
832
744
394
514
890
1664
744
788
751
785
831
832
788
919
350
524
1712
700
876
700
789
825
753
652
749
667
602
695
619
744
791
744
876
919
875
920
835
831
701
832
738
795
742
852
899
874
507
419
875
782
750
791
875
788
832
908
4294901903
1492
831
656
657
700
745
787
836
744
832
831
782
883
790
788
831
783
700
619
831
675
899
838
831
700
920
832
791
789
874
832
434
310
788
654
746
661
739
862
895
875
370
481
816
744
691
711
700
475
181
652
709
700
788
710
888
236
617
263
613
836
919
875
744
963
788
748
789
825
418
420
752
736
744
661
743
482
263
832
787
788
832
836
700
692
622
613
612
613
656
4294902892
1200
1787
1798
913
750
632
165
736
743
788
661
700
788
1794
3457
788
793
788
744
836
874
876
788
894
901
1492
831
832
751
765
717
649
667
745
832
918
919
688
805
694
745
661
657
788
744
882
872
744
789
744
738
749
785
883
782
881
920
737
899
861
540
243
838
819
900
900
899
301
600
880
787
695
400
262
657
748
782
4294902598
684
421
426
656
818
713
706
481
213
701
662
738
662
835
833
738
837
744
817
846
869
836
750
898
803
751
834
832
832
744
904
887
908
408
486
875
832
870
750
832
922
920
175
699
633
900
787
901
718
793
831
876
700
745
747
789
699
701
870
794
700
655
750
700
695
705
745
738
750
436
881
744
652
837
788
656
756
736
676
682
755
864
754
898
886
750
766
4294902658
738
196
203
317
694
744
789
869
749
753
780
786
881
788
749
783
788
831
793
701
743
739
924
876
879
108
768
870
924
490
342
743
900
899
875
926
869
919
878
877
874
745
831
832
869
836
312
442
915
962
832
744
840
782
833
743
788
755
728
666
700
700
728
805
695
267
525
708
876
783
695
618
788
695
721
689
735
460
294
738
2854
876
875
803
861
787
4294902067
1267
794
788
787
783
749
798
738
263
438
657
831
685
803
687
850
831
729
847
919
832
879
876
750
827
875
847
751
814
788
788
744
700
658
656
698
663
657
612
739
783
843
956
316
482
701
902
849
734
752
751
744
789
744
237
399
521
331
364
331
754
612
702
656
700
730
797
783
753
925
827
881
788
831
880
875
745
788
832
875
880
739
881
875
832
701
719
774
4294902504
782
794
788
788
744
792
723
897
877
787
832
804
863
833
787
788
827
881
748
832
350
490
912
831
500
420
880
832
827
880
701
789
787
743
788
706
806
814
788
744
749
787
718
1429
671
729
749
826
695
756
740
748
745
664
697
651
701
750
744
1445
661
832
148
521
776
704
653
700
765
684
788
744
745
745
743
644
718
700
788
803
861
783
756
392
438
782
4294902379
308
737
751
787
836
778
798
701
788
788
701
732
542
176
656
708
312
382
795
737
747
643
672
700
701
651
750
701
792
735
836
750
481
307
744
745
792
745
743
746
787
695
751
751
845
902
789
789
875
862
806
832
744
871
706
1799
789
718
877
726
788
832
835
914
750
745
789
744
774
795
625
744
749
2360
836
744
833
826
706
756
558
161
762
744
876
789
4294902504
753
901
846
1532
88
658
776
182
705
874
838
831
920
832
876
842
783
700
832
685
892
788
1581
875
701
695
750
745
748
789
651
488
262
745
788
788
194
545
711
788
456
317
847
788
657
720
685
744
658
651
662
783
838
792
237
1334
269
525
744
658
657
661
657
694
794
745
833
831
739
798
701
276
468
695
619
782
757
785
1489
701
832
439
349
809
735
737
789
875
745
919
4294902194
1202
996
920
783
969
792
789
832
787
920
828
779
805
877
718
721
464
368
707
307
380
675
700
789
788
904
760
737
799
615
393
262
658
700
753
868
880
919
783
701
749
633
725
793
885
779
903
904
864
880
657
876
833
831
752
910
883
787
702
350
350
657
658
568
680
594
613
263
307
613
657
258
311
948
1221
332
656
445
168
657
658
650
614
651
585
364
249
570
651
574
495
113
619
613
650
682
4294902534
745
263
432
706
788
1405
614
657
657
613
657
657
656
662
651
620
650
613
296
366
652
662
1324
1965
695
701
794
705
744
657
745
789
788
765
815
876
877
832
752
999
924
745
918
831
835
789
818
807
832
788
3289
920
1007
701
456
376
527
262
814
811
832
789
832
920
832
746
873
882
833
782
822
881
885
882
832
920
876
840
785
876
4294902592
833
789
875
880
745
412
501
893
822
789
752
785
702
700
702
744
832
656
837
788
746
651
795
701
735
708
750
789
850
858
701
911
845
832
745
788
833
756
868
833
701
1489
658
656
716
680
832
799
920
752
781
753
128
656
783
838
827
356
526
949
850
233
600
832
788
877
832
793
745
738
812
766
734
848
793
1358
832
657
746
735
764
766
848
784
881
4294902374
1139
786
750
833
701
745
745
818
894
788
412
509
789
832
832
793
832
702
656
701
657
745
1581
220
453
900
872
1454
793
701
789
744
866
837
832
812
1707
777
789
833
814
767
782
751
788
790
801
867
789
745
876
176
525
789
833
792
789
784
863
764
788
701
661
701
657
658
701
833
871
798
332
456
850
816
788
702
739
799
789
745
832
789
788
4294902505
302
602
853
789
745
745
745
814
820
791
471
350
789
789
745
710
697
657
744
404
429
715
900
1982
614
876
701
915
663
705
584
775
701
700
789
789
755
738
878
2135
756
659
659
658
710
735
877
833
701
1407
651
652
750
751
833
881
402
430
920
735
898
865
716
778
832
701
905
385
507
395
482
836
833
744
921
832
784
786
844
833
833
789
899
284
526
792
4294902373
965
657
701
658
657
663
612
658
744
877
876
3160
657
701
745
701
696
719
731
619
926
871
745
784
894
823
841
736
906
560
940
885
876
790
745
832
833
738
844
457
375
833
788
789
715
823
833
744
900
897
793
833
777
712
702
700
702
708
649
618
657
1272
438
301
882
914
837
794
812
766
700
658
657
705
745
744
722
769
735
901
900
1800
4294902554
763
684
715
1523
744
834
745
745
689
774
726
751
1349
666
701
702
616
652
619
657
701
746
739
652
759
745
745
307
394
697
748
703
698
663
745
657
740
706
