743
719
742
705
691
731
712
785
770
801
699
828
4294902568
810
687
713
776
757
759
816
682
878
873
785
766
805
793
732
748
698
698
698
785
798
733
911
878
907
803
851
759
873
741
742
743
742
750
737
654
829
692
879
785
817
819
872
845
840
742
901
899
823
828
742
829
830
749
819
791
788
739
751
821
691
840
785
770
801
698
693
727
678
611
655
737
704
899
802
700
900
891
823
836
872
778
4294902493
1024
779
880
890
798
731
901
873
868
835
829
789
873
785
742
830
785
783
835
830
305
431
698
704
698
734
666
707
716
716
668
729
698
832
741
900
847
837
821
790
786
785
786
785
763
258
463
738
662
751
728
704
741
830
859
766
822
786
780
590
201
786
791
644
789
711
822
786
785
349
44
478
791
742
742
742
786
731
800
699
872
743
742
643
841
833
729
899
4294902545
817
785
750
795
705
765
735
869
631
820
789
759
769
698
785
742
824
708
785
721
868
855
742
807
812
802
813
742
741
787
817
802
785
727
887
830
830
745
830
785
742
645
708
754
734
780
799
807
760
859
796
732
736
776
800
699
540
245
687
621
748
698
655
741
767
886
839
874
4294902597
898
883
305
524
687
801
702
694
759
726
786
718
332
393
692
705
698
693
835
846
860
873
789
878
777
737
750
756
860
916
917
910
897
902
890
901
784
699
736
717
733
830
911
878
829
693
838
786
742
736
704
655
684
623
661
610
650
659
650
1358
741
704
784
781
734
750
731
669
660
743
785
759
856
364
465
919
830
917
750
952
830
746
741
698
673
637
4294902321
1107
910
917
873
911
878
891
902
917
908
838
873
775
900
816
684
756
742
873
911
882
917
872
873
917
829
728
899
898
839
384
402
742
848
814
742
632
765
455
280
880
764
735
730
786
785
720
807
803
728
655
699
654
698
655
698
628
685
690
891
487
327
695
789
751
698
716
646
690
649
660
649
652
798
702
868
1532
900
854
778
697
787
784
737
763
4294902494
902
840
660
797
817
786
871
917
880
865
830
737
838
872
787
319
422
830
829
731
669
801
901
916
916
901
916
938
828
786
800
853
877
670
434
342
698
742
784
307
393
763
419
366
752
889
873
805
883
935
829
742
786
742
698
736
665
654
796
820
747
900
785
713
743
741
742
742
800
734
827
673
854
646
883
828
922
828
737
902
893
743
764
898
4294902798
882
917
1048
926
866
743
917
901
800
700
745
742
786
1478
704
785
760
810
660
787
742
828
673
859
874
867
699
223
437
706
690
659
655
698
698
781
747
830
774
714
742
785
786
707
690
732
747
794
706
866
917
874
833
829
873
808
850
824
851
774
698
693
660
650
878
922
1060
423
917
873
873
829
725
894
906
834
661
874
930
901
834
917
4294902240
1450
911
873
918
915
917
830
876
917
873
1566
849
932
978
874
873
924
917
912
874
917
872
742
697
761
729
736
845
777
750
899
898
861
611
838
786
806
845
745
743
654
830
785
785
830
790
786
905
797
698
906
902
859
742
786
913
877
786
736
751
743
698
699
655
275
379
901
894
1047
954
922
911
838
882
734
917
901
4294902649
466
455
916
917
916
916
874
920
829
918
720
894
868
882
931
902
830
824
549
286
834
829
823
874
774
890
910
884
916
829
786
785
897
819
821
873
785
874
785
746
900
297
462
737
883
737
743
787
753
778
723
760
698
873
669
296
436
743
828
824
705
649
855
726
785
829
830
786
830
676
900
872
873
830
874
900
893
760
855
824
459
420
903
4294902651
785
902
887
795
815
840
780
748
803
856
773
792
865
848
780
834
918
960
877
830
867
879
905
745
886
911
835
654
781
792
727
761
829
874
819
883
965
917
829
737
835
829
868
768
900
830
829
741
320
381
698
827
774
847
786
736
762
685
789
795
821
786
786
823
821
728
730
655
698
743
785
786
736
901
287
611
902
277
612
190
552
770
761
873
4294902633
737
791
901
893
844
771
785
874
867
795
873
785
831
785
785
912
900
900
873
829
829
699
790
829
786
742
698
699
829
1532
867
917
878
699
1007
795
821
698
699
780
835
746
737
791
795
797
703
848
878
785
786
829
786
787
844
768
749
749
734
655
393
350
715
723
800
816
704
901
846
454
296
731
787
785
760
730
830
681
807
693
878
743
742
4294901935
1178
703
742
786
741
787
761
900
889
815
476
364
814
791
873
790
743
784
874
786
890
911
900
877
922
901
898
902
840
873
881
772
748
406
380
790
910
897
900
903
886
877
786
883
945
835
786
881
883
816
722
893
907
882
785
830
803
900
799
694
907
796
699
743
692
792
742
877
955
879
891
850
873
752
829
830
873
824
792
4294902811
1442
654
786
831
780
739
754
882
772
755
866
917
790
785
843
900
878
785
878
741
918
300
491
693
830
867
790
829
880
872
831
818
799
985
815
899
901
899
790
829
781
901
1024
776
1106
917
533
334
879
917
873
741
878
917
830
873
927
955
830
880
904
917
747
842
822
556
199
773
741
809
851
649
900
812
781
655
699
704
692
665
742
4294902446
755
742
743
754
1301
655
655
655
786
742
1445
786
781
834
742
699
324
331
660
735
748
743
781
878
925
1044
867
918
878
918
901
848
825
892
853
792
764
812
742
830
794
816
704
753
729
705
611
699
699
698
786
702
612
786
786
747
650
699
720
720
747
698
650
704
655
742
747
757
896
879
829
874
722
897
873
786
829
699
449
288
749
662
694
699
699
4294902414
655
692
710
698
786
743
453
288
743
742
700
701
698
786
655
359
471
742
757
678
752
389
310
650
267
480
1528
703
1485
712
675
747
704
743
745
744
785
743
654
262
437
698
746
743
824
880
785
907
903
896
835
787
759
768
744
702
737
661
225
168
349
742
394
392
271
467
752
741
734
752
873
874
830
746
873
366
561
339
481
742
765
752
715
605
93
656
698
656
672
734
781
829
868
836
776
884
4294902515
898
884
829
787
802
857
854
776
777
786
750
866
855
809
911
748
911
898
900
872
835
831
764
851
387
355
807
726
742
787
737
364
297
655
700
658
837
693
742
732
665
744
721
767
655
743
743
411
244
655
685
734
699
681
752
778
753
820
866
884
874
756
884
807
790
786
787
742
744
749
251
91
393
776
839
836
830
795
899
900
825
823
874
779
900
865
824
4294902590
873
787
757
824
676
762
737
792
786
768
762
793
900
845
831
830
787
873
791
743
830
786
781
232
604
848
816
786
457
331
786
830
825
839
748
864
793
743
786
781
797
698
787
699
699
700
781
752
781
739
840
787
774
900
864
831
699
874
831
699
830
834
831
807
898
902
900
823
874
868
881
830
824
797
703
695
753
815
737
843
834
873
744
4294902502
1049
743
908
844
831
830
787
868
810
729
895
854
830
699
918
746
782
786
792
788
785
700
747
771
715
786
875
825
835
764
901
875
802
771
794
770
755
499
288
743
787
699
917
835
787
743
713
685
694
705
801
644
1438
749
801
772
740
802
779
785
788
746
827
791
782
786
712
783
694
787
738
752
831
786
869
874
836
746
875
830
831
770
4294902494
900
747
743
830
831
743
908
900
900
836
847
815
786
739
707
743
787
1399
738
749
747
752
729
855
768
787
815
850
743
831
830
743
831
828
828
817
897
787
874
817
822
857
869
830
745
834
791
743
700
787
830
875
918
877
928
865
873
777
885
785
792
744
698
787
710
296
529
655
623
820
743
743
787
787
920
876
924
897
190
656
868
4294902644
831
874
830
918
869
878
836
796
909
900
893
904
861
862
881
836
862
801
900
890
550
315
875
875
873
879
737
793
787
786
744
784
835
788
744
698
743
537
278
789
892
869
880
794
735
744
785
836
830
734
884
796
676
761
782
792
743
825
837
901
704
379
437
730
742
787
825
755
741
743
704
651
835
783
780
230
524
743
786
700
782
665
735
751
700
4294902459
743
700
686
800
698
880
874
787
743
788
772
805
743
810
807
875
875
743
900
899
884
818
831
884
737
646
800
778
706
700
765
752
719
745
611
831
875
949
886
837
878
769
758
700
706
697
739
748
743
739
714
656
877
823
880
913
869
918
840
776
886
786
729
802
701
790
699
700
699
657
655
656
652
664
728
890
831
868
705
879
884
821
700
4294902503
840
664
681
705
717
682
665
735
782
744
883
616
871
743
787
788
712
779
699
831
691
840
831
729
849
835
496
375
744
901
818
821
761
857
513
318
831
781
282
560
786
701
656
876
739
751
863
884
700
461
437
900
745
663
608
408
249
699
700
612
656
656
656
660
656
657
655
656
656
700
700
711
736
656
1355
701
650
794
703
388
355
700
656
1312
606
560
631
568
624
601
664
561
656
4294902373
622
649
656
613
612
665
690
744
798
706
687
874
875
875
831
750
899
891
875
875
918
931
910
874
927
866
875
879
787
743
700
789
918
817
717
909
890
694
455
245
700
759
731
832
694
880
840
866
835
777
885
913
880
745
699
754
824
902
