79
102
664
654
804
695
728
720
651
788
714
717
685
652
646
600
711
662
616
603
599
598
607
632
672
718
735
647
890
825
684
901
900
821
837
742
852
758
712
677
730
742
792
730
607
821
770
4294902583
722
726
758
776
740
726
740
746
734
654
721
632
672
638
625
823
689
846
792
746
762
748
743
721
642
794
706
812
687
821
680
1415
666
657
623
709
688
642
796
704
730
741
746
700
679
794
710
886
614
849
650
795
687
619
752
713
747
720
668
888
799
712
781
702
695
718
703
708
684
692
745
758
755
741
732
708
678
719
719
663
703
711
686
789
711
713
738
762
4294902383
898
708
714
680
768
678
654
720
703
677
783
703
759
739
615
788
691
622
795
680
622
757
735
755
752
598
822
684
749
699
652
698
648
687
667
600
652
636
692
698
622
744
654
632
647
623
676
636
600
623
629
609
637
630
637
623
778
722
723
729
648
813
668
619
688
667
735
748
715
647
849
651
900
802
698
789
710
827
672
788
708
714
770
772
750
826
674
801
696
744
733
701
4294902421
778
722
900
785
715
829
671
705
659
722
741
684
659
719
740
671
760
730
733
767
769
740
700
748
653
811
688
771
703
760
767
858
829
713
803
697
863
751
723
663
797
696
607
829
787
784
733
723
644
812
686
836
663
739
669
679
703
762
824
727
900
874
830
696
849
651
697
673
696
634
676
676
698
650
899
843
658
841
774
760
770
755
708
734
657
802
699
814
4294902479
696
798
709
821
678
747
753
724
652
634
588
633
670
898
861
831
710
900
900
868
789
743
802
697
748
712
753
742
646
890
785
722
838
665
850
648
743
623
670
666
710
691
660
639
860
839
694
903
825
679
771
723
714
743
649
716
701
683
735
764
659
666
665
666
711
744
690
792
708
891
818
691
762
738
763
737
814
836
748
785
717
710
723
666
754
679
668
4294902463
633
857
643
785
705
707
718
681
602
713
711
676
783
718
808
693
779
707
695
660
642
699
740
767
781
730
799
701
749
698
653
740
682
623
655
599
711
699
691
864
636
881
619
743
692
665
703
699
685
739
749
742
733
647
792
647
663
684
671
692
654
591
756
695
658
768
708
775
749
806
694
844
656
836
663
792
677
632
712
664
634
654
636
769
729
715
714
673
732
617
631
645
4294902357
583
601
577
574
569
581
580
590
546
580
574
551
532
576
582
565
549
550
582
580
545
583
546
565
562
584
626
677
604
859
641
700
653
630
654
636
607
611
609
600
669
627
608
1095
600
598
537
550
518
546
490
524
515
495
506
509
493
503
487
522
508
551
513
536
576
559
554
559
577
548
527
600
597
602
574
587
593
581
547
563
568
538
502
531
590
598
704
625
755
664
670
825
686
725
609
605
612
618
665
631
635
600
752
659
608
655
706
711
709
4294902496
793
707
600
766
688
646
775
717
736
772
886
723
738
650
782
689
631
720
648
708
752
720
653
737
753
785
725
769
720
730
697
651
630
743
690
647
623
745
755
814
686
789
711
753
747
798
702
730
755
709
719
686
858
821
722
830
670
868
765
699
668
721
761
791
723
815
689
900
865
634
880
739
751
737
648
689
657
757
743
753
709
761
741
627
1383
698
769
4294902544
711
709
674
698
619
682
673
720
800
725
861
639
878
808
714
834
666
806
691
735
690
678
871
783
714
775
757
772
659
657
708
705
684
606
699
678
684
630
618
743
757
775
710
739
748
715
719
688
736
725
729
761
792
763
900
846
821
733
780
719
772
729
792
658
650
740
738
788
705
625
754
728
775
730
617
825
675
830
670
853
647
860
759
737
644
740
744
733
694
4294902475
710
811
689
861
770
735
745
670
666
644
731
666
657
655
745
736
619
824
663
913
744
744
704
768
753
720
667
761
739
796
704
788
712
740
710
650
806
694
807
693
763
735
774
728
734
695
671
725
690
685
600
817
681
705
733
664
833
667
754
746
747
727
626
770
730
754
746
719
773
743
741
732
672
676
644
663
621
611
661
708
758
705
670
903
757
742
807
694
765
4294902452
696
683
778
683
631
608
649
629
652
754
824
691
858
837
706
900
797
698
663
665
607
680
690
736
764
863
849
686
898
904
777
723
825
675
674
708
717
744
757
697
790
799
714
893
807
697
868
768
716
651
668
711
714
792
713
737
676
687
725
777
755
709
636
875
786
739
880
750
685
723
720
718
763
723
808
730
900
844
805
751
847
722
726
705
805
695
699
4294902495
719
680
685
661
667
660
789
741
719
701
680
799
701
748
688
664
742
707
651
784
716
856
644
760
663
677
673
628
664
681
647
889
796
722
722
719
657
817
685
834
662
736
714
654
788
712
723
712
665
769
731
694
658
732
723
722
652
619
730
712
658
827
667
600
749
671
680
606
699
738
825
738
900
900
799
701
838
662
756
675
659
714
739
792
724
639
881
786
718
736
4294902508
743
728
737
661
684
739
677
854
726
696
657
664
735
733
744
695
696
786
705
837
671
901
823
677
845
760
716
679
833
667
900
793
706
699
707
695
680
655
695
669
852
643
857
787
741
712
665
652
648
718
708
718
713
770
775
742
764
724
789
722
722
707
643
620
646
665
750
759
742
647
854
779
724
643
681
735
684
857
643
782
718
799
701
857
643
857
643
812
688
4294902437
658
730
694
833
744
848
787
765
867
798
735
879
758
708
652
713
653
650
682
759
744
857
645
794
691
615
681
632
601
612
600
619
615
588
647
693
785
727
849
800
750
876
767
738
620
779
675
635
633
673
641
651
670
643
805
648
647
689
589
655
607
614
683
663
838
662
900
900
799
701
850
650
790
662
648
600
684
685
693
638
1375
685
640
726
722
742
784
762
712
652
4294902503
678
715
699
600
794
707
878
728
697
695
745
727
712
700
697
701
747
763
757
653
801
699
854
707
731
708
831
786
754
625
604
712
674
693
621
716
752
845
883
704
900
838
792
741
629
719
650
658
671
840
662
803
697
838
662
850
649
693
694
714
733
767
770
710
780
724
751
648
614
639
642
621
758
653
690
761
739
794
706
814
667
619
635
654
677
726
608
820
678
902
4294902496
703
721
675
708
669
685
639
774
726
752
672
676
761
701
716
686
667
669
668
707
688
637
765
735
764
717
703
727
685
604
600
677
635
661
727
821
679
1500
762
722
706
676
688
726
752
668
887
786
727
862
818
843
777
728
726
673
664
630
689
652
638
900
900
832
782
735
637
648
666
656
716
622
825
681
817
683
761
725
614
667
637
638
649
648
661
793
707
813
687
757
4294902339
900
797
703
785
674
641
713
626
677
682
703
668
708
722
711
666
726
727
671
683
699
694
731
657
677
659
710
713
634
643
600
673
643
699
685
720
713
667
744
708
638
610
718
695
687
761
698
641
856
644
895
804
671
725
764
769
699
643
630
720
655
691
732
787
613
785
714
789
714
797
667
636
737
689
674
694
680
702
711
744
669
748
752
782
718
744
730
784
742
803
696
4294902624
757
616
778
653
734
716
679
640
811
689
900
900
887
889
793
731
868
816
716
746
719
743
788
709
764
769
753
791
692
625
790
711
713
667
718
812
690
897
785
717
764
710
627
767
685
748
697
662
641
801
661
638
774
726
754
694
652
786
712
685
674
694
649
770
672
658
828
672
775
700
621
743
704
649
693
689
724
716
681
705
744
751
653
679
637
628
629
629
590
647
4294902455
654
749
751
798
702
835
665
785
715
834
791
725
759
756
737
796
693
732
677
782
697
621
741
736
755
719
649
790
710
734
652
682
707
710
688
627
767
733
759
624
716
680
690
670
659
711
728
663
740
697
663
758
693
649
716
753
631
805
652
643
767
684
649
675
695
721
609
716
650
673
660
745
741
614
743
693
665
784
714
687
674
676
741
726
698
823
677
827
673
876
803
4294902317
900
828
672
900
900
802
698
843
657
809
679
868
794
703
766
781
821
679
701
687
674
638
600
692
659
711
638
782
684
634
767
698
617
618
700
680
720
764
701
634
601
722
685
642
608
643
727
773
870
841
688
901
799
692
863
775
722
645
708
701
689
749
708
649
1239
625
789
842
862
740
856
647
858
640
797
705
806
694
900
811
689
900
794
706
776
669
671
4294902432
635
684
658
686
683
706
700
688
607
750
704
647
732
721
647
759
660
621
629
631
628
622
664
678
692
616
690
708
702
765
703
632
733
709
658
735
645
693
627
775
725
598
714
663
664
661
706
668
688
638
746
684
669
702
736
663
758
676
650
698
677
649
642
650
731
705
663
885
616
822
678
773
662
665
703
756
752
755
634
698
657
664
670
667
663
657
693
742
789
892
766
742
804
696
4294902494
704
636
697
663
724
654
662
652
690
700
688
632
767
730
706
671
662
648
675
663
624
650
649
655
695
663
629
705
699
723
667
709
732
677
771
707
623
752
651
643
635
632
721
766
835
665
1500
774
726
737
667
694
705
680
675
642
775
701
712
667
671
673
689
632
676
682
622
717
656
676
651
800
700
770
677
653
661
684
657
656
627
614
688
707
672
634
719
666
648
667
704
639
663
685
4294902460
645
714
647
622
659
657
722
744
635
783
716
730
770
735
709
657
703
704
658
635
675
614
675
736
868
870
910
907
907
865
857
716
852
648
720
705
675
750
678
672
813
687
780
716
724
756
624
711
705
684
772
728
764
683
653
756
718
706
655
675
690
683
706
697
747
692
675
729
745
761
720
645
808
692
821
676
694
748
793
768
756
724
716
711
692
697
748
780
771
4294902501
857
750
757
743
648
651
641
629
623
601
1243
632
635
650
617
643
662
680
701
724
680
728
704
708
714
647
602
666
666
624
644
641
656
632
728
733
640
715
721
834
730
897
903
900
825
839
734
883
767
743
704
692
676
723
723
691
716
676
692
724
750
718
698
726
774
704
747
772
752
726
674
723
715
720
697
696
733
742
770
753
768
734
804
769
713
714
824
675
900
4294902559
804
787
744
690
726
687
720
672
631
669
608
600
681
658
665
637
607
650
602
645
601
578
582
578
554
549
578
2088
543
505
524
558
581
661
675
812
683
605
785
657
658
865
763
772
819
840
741
889
767
744
773
727
735
686
679
697
663
699
641
821
679
881
619
705
677
703
701
796
800
718
863
781
720
636
723
624
625
607
645
676
817
683
897
901
705
720
677
653
654
680
713
814
4294902579
878
853
668
901
903
885
797
718
855
755
764
801
725
900
776
719
719
670
696
620
599
601
626
649
713
677
635
783
675
641
664
661
711
649
616
725
717
657
737
696
668
627
655
589
600
619
657
753
800
700
900
882
799
712
707
719
735
795
835
716
900
1620
780
776
706
719
772
728
679
719
733
755
612
806
695
804
696
699
683
689
721
672
691
645
787
673
639
738
4294902359
839
661
1439
661
758
712
701
680
665
684
756
744
714
694
650
728
714
639
658
692
731
680
808
692
758
715
689
678
660
686
667
626
667
620
617
609
607
557
601
613
704
769
757
857
827
716
877
810
653
660
667
641
667
725
829
671
900
900
891
857
871
895
843
743
775
725
745
675
672
644
661
690
713
803
691
802
704
781
719
800
700
782
716
771
731
768
635
697
695
4294902401
721
625
629
634
666
625
834
664
899
742
689
672
737
760
752
751
729
754
617
733
622
650
661
634
715
691
593
691
659
723
698
628
866
636
800
651
647
602
711
641
642
624
629
595
617
609
596
601
618
610
587
578
622
604
616
622
696
705
663
708
759
783
764
852
773
755
758
710
764
760
733
759
636
719
629
621
638
643
650
693
703
704
817
868
715
900
898
839
820
743
823
677
839
4294902535
761
682
655
704
743
677
764
727
721
703
616
667
663
658
657
668
656
600
665
634
617
591
600
1156
622
667
714
634
1405
663
707
759
767
799
869
861
846
724
900
852
737
746
664
673
656
665
707
747
753
740
760
888
808
835
769
799
647
669
685
652
688
660
875
864
661
891
763
745
734
767
789
710
773
680
648
694
721
668
837
679
778
701
723
749
650
790
710
801
4294902518
677
804
694
726
712
662
677
693
721
735
774
712
768
749
722
651
707
703
690
771
728
685
710
704
787
715
750
749
725
657
654
662
723
734
646
755
697
648
749
655
655
641
739
749
708
709
695
826
674
817
678
682
726
653
621
622
727
774
851
870
878
701
900
878
753
722
647
654
616
652
648
727
739
728
636
720
691
663
626
706
639
649
641
649
616
661
669
666
669
634
763
4294902459
632
619
628
670
679
675
706
666
900
850
648
901
753
693
655
774
723
762
731
737
766
737
755
761
736
733
661
652
669
664
656
668
715
867
820
713
858
754
759
796
733
727
654
656
637
700
686
712
628
896
801
703
880
708
700
681
723
736
661
733
686
692
787
713
900
883
807
710
772
728
878
853
845
724
850
650
722
679
697
602
731
715
654
877
787
705
631
730
656
4294902412
615
620
611
629
662
661
815
685
1500
772
728
733
676
691
717
726
774
780
701
786
789
726
801
672
713
683
732
687
650
699
664
804
696
600
759
716
717
690
676
642
845
742
743
670
744
740
729
725
662
718
655
706
656
702
697
768
716
681
802
699
693
717
690
801
695
710
735
751
773
753
704
668
702
692
716
723
664
661
652
752
748
797
698
780
725
900
829
671
836
4294902525
768
727
640
721
717
739
786
774
678
685
718
747
769
699
665
760
740
750
722
630
845
774
660
696
674
728
723
803
696
1452
649
764
695
641
716
657
697
729
749
652
759
740
745
730
626
807
693
692
632
615
626
610
610
639
673
789
708
1262
653
661
653
673
723
774
792
715
740
734
782
744
788
712
761
649
627
662
728
773
897
885
840
678
894
719
752
746
755
814
4294902315
153
745
746
757
755
671
674
736
676
680
812
694
602
818
682
710
721
647
622
672
610
653
669
695
673
700
662
665
717
697
665
693
689
688
644
1356
647
632
633
614
626
729
745
770
756
726
703
670
701
634
703
663
830
670
885
748
767
852
823
701
622
752
670
672
605
705
707
689
850
788
699
747
762
753
698
671
745
784
905
857
783
760
885
767
693
790
763
824
677
867
4294902577
817
776
722
732
794
770
742
843
657
793
707
821
679
762
738
900
771
729
859
785
756
752
1344
743
723
1235
885
752
753
730
678
705
816
684
795
704
745
747
765
727
666
739
712
600
1363
584
617
733
743
760
837
663
900
888
831
816
765
822
678
808
777
768
789
758
758
742
861
639
822
678
736
681
683
769
731
836
791
773
815
685
837
661
696
698
4294902449
639
675
643
666
654
666
711
773
728
890
786
724
782
688
642
702
668
699
749
752
824
694
750
748
670
682
630
638
679
730
771
849
653
847
799
752
864
638
900
765
703
631
692
680
652
636
638
695
769
860
834
745
862
843
695
900
838
771
764
627
702
687
697
760
754
828
818
754
737
641
678
686
662
663
721
833
674
843
662
882
780
738
821
679
737
743
738
771
4294902476
1403
725
790
712
895
733
729
778
766
779
709
725
787
770
730
683
767
764
782
780
668
656
772
701
685
623
676
672
671
746
666
663
722
740
647
781
640
695
684
690
726
790
706
821
683
838
661
797
704
765
713
641
720
703
658
761
679
660
823
665
611
743
691
665
602
765
702
741
724
668
598
765
714
702
692
661
663
711
660
639
628
618
634
615
687
645
664
651
653
759
657
4294902424
700
656
804
696
753
747
819
681
851
736
737
727
664
674
669
642
804
696
830
670
809
689
766
734
718
678
706
767
687
646
742
713
644
871
712
745
673
798
702
710
706
649
674
671
725
665
1451
647
826
656
722
709
689
600
701
671
705
623
757
727
747
746
623
709
649
644
677
621
600
657
655
658
730
711
721
668
849
783
700
668
819
681
706
643
660
649
740
712
689
752
749
4294902496
900
858
841
848
753
900
769
712
713
687
688
630
760
741
873
837
852
736
901
901
889
729
693
658
694
741
696
733
766
826
857
718
787
713
808
792
707
669
761
722
812
713
615
757
704
771
737
729
774
801
728
811
689
674
772
652
747
665
690
729
747
622
816
686
856
644
782
718
730
673
650
647
766
734
687
673
706
709
701
711
757
741
744
735
713
698
709
4294902499
764
749
740
745
683
680
678
663
702
779
752
740
785
753
771
728
689
706
706
756
742
828
674
877
780
740
753
729
706
693
696
626
749
735
746
719
651
854
763
772
726
718
667
799
673
628
600
745
625
686
643
700
656
668
607
594
650
670
711
745
840
764
750
811
735
900
882
815
702
890
815
814
773
794
714
755
744
811
691
848
651
759
742
739
690
671
727
755
4294902514
724
714
662
828
672
753
706
704
746
691
775
702
739
755
815
714
733
766
755
746
787
699
729
784
767
707
771
700
771
736
649
698
703
693
713
690
703
598
818
659
587
633
616
586
659
693
751
860
831
709
900
878
808
714
852
768
778
863
833
706
844
831
725
900
816
684
720
687
693
788
712
741
751
608
722
632
629
660
657
734
725
770
770
901
872
778
748
790
4294902308
1054
744
873
628
772
687
738
689
644
641
630
660
695
739
606
1396
676
628
704
603
611
645
655
680
826
676
900
832
655
681
717
715
673
662
627
601
665
672
888
871
886
655
839
660
669
720
709
754
721
737
786
779
726
822
802
769
789
718
797
694
642
700
662
692
679
747
687
720
683
657
640
838
662
782
718
893
767
737
755
709
681
679
716
663
798
702
758
742
841
4294902255
1117
796
787
822
666
738
681
692
662
1204
652
629
597
590
595
561
551
586
655
633
652
639
619
647
576
612
567
583
583
596
608
629
648
627
820
680
752
728
681
681
711
687
753
707
741
744
710
669
667
668
644
719
705
726
698
709
726
729
645
775
722
719
727
657
731
675
646
608
640
597
603
686
665
672
662
614
736
642
656
657
588
590
619
606
605
601
599
602
686
624
631
592
627
639
591
630
617
4294902390
683
686
1357
668
675
764
736
738
729
633
777
694
722
735
672
870
630
742
715
642
839
662
827
673
799
701
748
716
720
690
678
648
754
727
619
834
666
823
677
747
708
645
749
681
638
599
618
614
707
651
650
679
614
848
772
693
686
811
690
800
700
757
689
654
731
693
676
684
676
736
776
725
887
718
725
673
739
630
662
661
703
742
841
722
777
723
794
706
746
684
4294902474
691
769
722
780
730
843
657
788
685
719
739
669
736
714
775
760
726
701
688
717
707
676
760
695
641
805
699
684
667
697
646
788
655
663
714
719
667
699
695
706
750
705
645
845
653
847
787
765
810
693
750
714
748
713
675
763
728
801
708
804
696
900
868
795
737
817
683
787
712
755
746
776
718
779
727
877
797
725
800
812
716
663
608
689
646
741
626
704
4294902432
657
709
694
786
714
823
677
731
736
744
737
652
780
650
670
760
740
829
671
821
821
758
899
894
746
701
656
798
706
827
668
732
763
784
720
744
762
824
676
825
674
850
756
724
669
902
900
859
792
740
909
877
853
777
793
826
834
740
869
840
900
924
906
812
749
900
837
663
794
705
859
642
782
718
889
696
743
672
832
668
733
766
805
696
4294902750
646
857
774
768
740
703
657
784
709
874
633
901
801
696
823
674
906
888
809
693
814
696
804
696
812
688
847
848
893
709
902
900
821
680
749
751
798
702
900
900
895
889
886
847
839
865
750
732
656
690
848
905
951
798
749
872
832
696
713
735
787
752
612
830
784
787
772
699
772
750
763
676
668
791
706
796
704
718
757
779
744
711
768
4294902533
783
705
747
752
778
724
763
629
706
722
727
653
797
703
766
734
878
825
697
900
859
641
710
698
692
805
695
820
679
901
735
712
756
725
664
700
727
681
775
675
630
620
707
682
688
622
760
741
894
836
795
747
628
782
718
772
728
880
620
900
844
656
847
788
765
734
723
731
770
723
721
698
866
804
730
899
777
809
795
741
696
750
786
748
721
678
801
4294902565
763
767
818
828
754
824
675
892
866
848
824
771
812
833
755
853
773
773
900
900
824
813
764
900
900
817
841
869
773
790
838
772
892
753
748
756
748
768
715
726
765
747
735
646
871
790
740
800
696
904
822
808
723
647
813
687
863
729
748
660
851
718
744
687
889
873
799
738
809
692
860
639
807
694
820
678
850
652
839
775
786
859
4294902505
701
751
680
815
685
806
694
900
815
685
900
848
834
912
890
716
900
900
898
794
704
794
847
763
900
845
655
900
900
900
840
815
745
897
896
797
710
897
822
821
760
744
739
768
732
617
754
718
770
758
775
725
794
706
747
703
636
674
687
748
768
737
600
778
720
777
725
698
773
782
747
835
665
900
882
802
714
817
683
870
767
765
865
635
4294902495
877
799
725
900
766
724
798
712
842
773
784
842
825
722
789
716
713
713
679
716
727
656
900
603
897
820
683
870
788
735
807
700
693
710
697
757
743
742
733
742
783
787
710
768
735
835
665
762
738
778
722
782
681
636
814
681
802
704
731
723
729
731
686
686
749
794
757
695
732
659
692
693
737
770
727
738
748
772
750
703
728
769
792
854
850
705
4294902496
736
727
803
734
742
658
647
653
798
702
803
697
899
901
803
693
878
791
735
841
659
817
683
765
735
780
712
607
792
709
791
709
802
698
871
765
764
745
747
759
749
744
668
682
724
771
775
711
625
786
714
759
687
649
605
756
707
758
701
678
715
752
816
717
890
730
727
750
739
807
757
790
710
900
900
865
771
764
844
775
707
792
782
883
817
700
4294902495
900
754
747
770
668
662
685
660
647
663
645
766
701
633
695
700
693
612
701
658
659
641
628
669
671
724
647
768
710
749
773
784
717
898
885
812
706
862
746
788
728
766
758
740
696
760
788
742
710
739
677
743
629
668
634
694
653
648
635
696
762
712
777
736
775
738
843
776
728
653
772
728
835
827
738
782
718
880
855
816
749
900
808
778
708
706
732
768
4294902495
846
813
742
900
784
685
734
713
684
745
711
642
850
795
750
720
749
769
723
646
762
738
835
825
740
812
688
863
747
692
695
803
700
900
881
816
829
774
872
628
876
742
740
641
763
722
761
755
780
704
827
823
766
799
701
899
791
710
640
690
683
611
676
711
753
828
705
1113
690
898
902
875
787
738
813
819
768
794
706
805
694
857
643
771
730
4294902580
747
669
736
751
721
740
652
772
728
730
684
686
783
717
891
817
692
900
762
717
746
770
782
699
624
836
663
898
843
847
906
818
758
735
735
661
674
672
685
669
900
856
643
901
880
826
690
770
708
766
750
737
760
782
731
887
714
781
773
743
848
653
792
709
812
688
775
725
783
717
794
705
784
717
873
771
756
795
705
899
805
774
780
642
738
4294902454
694
710
702
659
662
677
716
729
655
828
672
833
811
756
754
698
711
753
684
900
849
821
730
900
900
898
846
826
845
785
895
805
844
756
900
801
849
750
878
715
694
696
791
726
708
722
669
815
679
717
716
759
708
703
697
743
661
832
669
893
792
717
788
704
764
744
862
845
693
894
807
811
788
850
762
783
809
695
900
757
744
785
715
774
678
4294902485
730
829
879
802
719
900
813
686
807
694
792
690
618
811
689
870
630
900
894
882
796
728
756
744
831
669
811
656
629
753
671
680
726
759
787
728
811
689
807
693
808
692
761
739
770
726
735
768
806
695
779
721
816
808
754
723
727
731
764
673
742
719
738
715
690
698
697
705
807
690
774
729
827
673
850
650
815
684
833
668
755
675
667
851
799
750
4294902499
879
759
746
746
739
625
738
735
759
774
889
815
696
900
813
790
771
766
760
852
793
754
712
738
768
762
780
698
643
858
813
729
685
729
686
771
729
715
665
631
623
664
780
722
781
708
713
716
678
675
652
703
664
682
701
715
720
751
782
759
900
831
799
769
839
764
786
745
743
739
785
794
706
881
799
720
866
723
759
650
871
690
766
675
859
740
4294902493
755
744
804
757
738
733
695
678
671
665
715
761
754
634
793
705
767
726
737
745
708
722
697
719
665
670
645
792
709
780
720
842
836
722
803
697
738
689
670
733
734
636
696
669
693
642
853
784
756
807
700
774
726
740
735
765
736
747
707
670
787
713
821
814
758
794
709
818
685
736
692
672
808
693
817
683
825
806
769
717
718
665
750
661
684
713
742
650
892
4294902498
723
783
800
700
838
657
795
710
825
675
858
641
897
818
681
877
769
744
795
720
805
695
788
712
849
651
781
719
779
721
784
716
782
716
821
681
789
711
784
716
827
672
809
692
829
669
1429
673
720
702
673
707
735
663
874
789
737
785
715
855
781
763
815
825
761
876
826
698
896
825
679
807
693
846
781
773
789
709
902
799
701
900
863
4294902574
747
712
767
733
749
710
641
779
721
829
671
824
675
896
742
707
656
785
715
782
716
864
830
708
895
1662
743
814
743
754
689
825
804
771
767
733
807
687
876
736
794
805
695
819
681
830
670
899
715
749
752
773
816
691
904
847
819
735
732
766
746
693
662
741
733
741
727
648
910
822
860
719
897
784
719
866
795
738
901
846
845
882
841
4294902639
845
848
866
784
898
901
901
878
883
869
797
773
900
822
678
900
900
822
678
801
699
722
673
671
625
609
778
722
900
900
1066
734
900
900
900
877
833
800
790
900
883
882
825
710
900
808
692
817
676
753
754
874
830
690
902
904
900
878
860
856
834
772
819
806
775
900
830
670
900
817
839
743
773
728
857
641
815
685
665
662
4294902371
703
715
682
846
654
885
799
716
797
703
794
706
840
660
801
699
826
674
831
669
900
861
815
724
774
672
652
735
740
765
762
781
719
847
816
737
803
697
753
747
744
733
792
731
897
793
710
806
694
848
793
759
855
849
867
729
898
902
899
901
877
859
874
841
749
867
705
784
792
752
900
797
703
891
762
710
715
783
777
762
724
720
775
753
4294902524
810
688
778
724
748
686
650
724
733
652
851
656
791
709
774
726
804
696
796
704
792
708
858
728
794
782
737
882
799
718
902
865
794
740
826
833
742
899
880
831
874
716
900
861
818
721
885
735
726
768
765
872
763
786
840
831
729
818
682
850
842
708
870
794
736
831
669
883
827
690
897
773
730
891
817
692
820
680
839
799
713
649
854
4294902542
805
695
814
686
895
875
801
729
819
779
759
759
702
772
775
788
747
850
828
722
880
763
757
813
825
762
814
802
765
707
696
716
801
699
896
770
734
713
754
790
738
795
710
900
830
789
781
799
701
804
696
812
688
899
901
889
744
767
817
805
778
825
675
900
838
808
754
725
756
753
766
710
763
800
727
898
730
771
800
701
834
664
829
4294902552
756
710
651
828
833
739
900
768
732
808
692
767
697
698
735
703
730
741
745
694
683
683
675
666
629
654
730
715
786
759
766
699
639
758
705
732
694
715
817
850
735
897
794
709
792
708
785
715
820
679
718
709
674
783
694
623
725
682
693
801
699
891
845
833
731
900
770
730
720
768
748
764
819
681
876
823
823
778
900
837
663
768
732
843
652
786
4294902315
826
669
716
660
669
658
670
715
712
749
701
653
788
714
814
686
849
763
719
669
652
638
647
698
665
777
723
835
664
901
699
699
653
649
676
712
689
614
823
676
765
702
643
663
690
666
