797
783
786
825
782
783
782
739
738
743
695
782
739
733
744
777
848
720
903
841
783
777
769
674
782
739
747
687
702
792
707
846
782
773
874
788
738
791
778
695
735
700
739
783
699
753
769
783
695
739
825
787
729
271
522
696
825
740
782
743
739
670
766
739
782
713
603
905
824
4294902545
913
826
691
843
731
740
687
283
465
740
782
722
761
747
862
782
739
479
290
714
1348
610
665
653
639
608
744
696
1392
739
640
752
697
649
702
652
654
651
617
624
735
719
648
836
827
735
875
733
706
686
663
696
662
681
802
643
653
739
653
703
689
734
684
848
652
1500
720
697
1308
610
583
552
1215
913
902
886
871
870
871
887
896
875
740
871
782
751
4294902575
719
722
647
666
689
677
1450
1228
565
605
580
601
647
658
726
714
619
1297
608
610
610
652
658
669
724
706
674
926
392
609
626
635
616
670
679
847
898
902
895
902
870
871
827
734
707
653
609
567
603
702
800
858
802
803
697
899
799
1302
884
785
730
836
741
783
761
767
697
697
653
652
1370
684
650
740
740
806
719
904
754
740
604
790
696
828
735
4294902422
828
697
871
827
705
858
749
741
783
741
628
853
827
720
287
526
780
784
828
692
852
769
750
686
742
696
829
726
802
785
764
754
741
703
741
656
785
827
784
872
318
467
754
750
749
756
742
741
740
610
745
710
639
916
784
742
741
738
790
707
788
712
845
1441
697
847
766
740
697
786
681
300
460
655
685
317
435
742
702
766
714
789
736
663
645
393
261
637
1284
262
393
4294902413
323
418
698
784
814
802
823
682
806
693
788
698
1312
697
653
698
698
653
704
699
736
790
1652
784
739
834
698
741
705
689
659
687
663
736
788
786
785
828
901
890
741
769
801
697
741
637
588
653
654
829
696
901
800
701
785
654
654
610
654
611
648
620
715
811
872
915
910
741
881
887
770
1482
698
682
805
741
741
697
696
719
702
765
736
760
685
654
4294902497
788
712
735
738
785
741
872
785
744
867
789
743
866
790
745
742
758
772
728
838
832
730
795
786
740
679
761
735
791
702
750
746
771
741
829
784
790
1439
661
778
692
703
745
785
785
741
742
742
786
788
697
698
741
655
654
742
726
804
693
789
830
784
300
436
686
676
542
160
688
698
711
777
798
726
756
734
735
703
674
765
735
840
784
776
838
829
731
4294902495
762
741
699
654
698
648
601
799
660
698
741
698
706
734
749
781
785
742
742
697
699
724
675
670
739
665
674
611
749
732
747
653
699
631
671
661
610
665
685
368
373
703
655
697
698
567
571
698
667
685
654
653
693
746
658
678
668
704
654
674
635
802
707
807
692
872
751
704
674
803
784
813
715
741
644
860
768
771
750
748
785
717
866
794
737
860
786
741
830
833
749
4294902494
873
785
742
741
746
917
829
829
829
815
899
778
724
848
652
844
641
899
765
697
737
791
824
700
805
697
732
768
716
743
698
662
651
699
699
742
813
777
856
832
868
742
879
830
786
807
812
809
763
839
821
756
896
798
867
880
742
917
877
830
693
792
699
909
876
795
893
724
912
879
874
789
875
781
878
830
694
840
780
748
700
736
4294902509
830
751
902
884
914
790
830
781
884
786
731
836
793
770
0
846
834
874
743
830
831
829
791
825
698
892
328
491
829
760
818
787
786
743
694
792
751
827
698
903
890
911
793
799
807
802
699
900
805
695
755
652
693
670
642
618
655
656
659
300
438
749
913
835
875
817
760
912
749
751
779
722
883
804
699
912
968
831
742
761
773
727
804
656
632
4294902571
833
870
880
875
830
744
901
818
682
900
239
573
787
788
791
743
875
875
786
742
753
739
876
831
824
778
846
852
700
901
869
831
701
879
886
867
875
875
874
743
901
897
543
359
848
781
772
841
803
756
818
787
788
907
890
908
842
839
780
742
776
717
699
407
381
717
841
804
757
894
797
793
788
743
782
797
700
876
786
744
875
825
808
4294902388
897
872
743
788
822
800
777
880
803
816
793
809
683
913
831
838
735
222
49
569
791
875
789
875
744
700
686
727
699
672
302
550
875
656
918
881
864
799
757
862
831
704
903
886
706
744
700
788
757
785
825
919
963
831
880
875
875
766
810
788
729
763
700
651
751
808
899
901
892
836
832
831
809
854
836
832
778
894
817
794
795
872
870
4294902553
876
831
694
900
861
745
743
827
881
743
899
857
832
700
832
825
754
900
896
831
831
743
898
815
685
902
776
788
832
835
832
735
885
832
832
753
783
788
787
789
753
866
880
842
816
793
876
822
784
806
832
831
752
580
244
832
744
836
788
773
723
737
788
755
793
707
857
788
753
692
730
762
739
750
788
788
744
835
789
784
792
701
4294902504
743
745
749
700
663
781
657
658
700
661
651
662
613
608
607
676
736
690
803
695
750
701
780
771
774
722
810
694
900
852
794
747
877
875
833
875
870
777
896
884
867
789
745
861
850
788
820
844
876
832
748
900
895
831
838
735
901
897
838
832
831
789
876
791
745
901
851
875
877
835
762
897
837
832
734
900
866
788
744
837
828
737
4294902496
894
833
788
783
793
833
776
804
696
880
832
876
917
883
700
893
771
745
700
741
660
793
709
736
748
536
258
721
801
793
789
833
788
743
803
734
783
734
760
740
750
750
742
739
919
846
867
851
862
774
899
824
827
750
798
694
802
687
306
439
774
759
642
631
1183
789
796
900
844
830
726
856
739
716
687
661
635
640
612
657
657
614
657
700
756
738
4294902592
832
745
831
658
836
656
718
640
657
613
658
612
613
330
369
619
744
739
750
659
747
657
613
608
575
607
619
674
789
333
378
895
833
412
331
702
656
661
697
705
694
613
301
405
701
656
614
624
650
612
613
614
613
656
696
646
808
691
748
706
633
681
700
665
653
700
215
485
702
797
716
851
830
794
822
798
701
833
814
721
789
744
899
853
876
836
788
788
701
705
696
789
748
920
876
4294902504
920
833
828
840
788
910
886
876
862
850
833
788
906
854
819
842
783
892
821
833
832
824
873
848
832
877
768
897
880
832
789
789
749
686
668
699
795
788
730
892
908
855
783
832
827
808
695
869
793
738
874
798
877
751
872
792
733
794
708
826
834
741
890
900
803
795
753
738
793
832
833
763
897
839
861
817
781
876
834
4294902581
882
842
833
746
881
872
828
886
834
806
860
880
829
731
764
614
281
333
702
745
761
773
837
746
789
754
901
844
789
763
820
584
161
702
736
799
702
793
702
905
897
873
833
829
753
878
719
733
1285
748
685
746
745
790
784
751
746
792
711
781
719
729
740
707
706
702
702
745
789
782
885
915
843
790
745
501
303
717
716
706
703
727
748
805
834
4294902675
1480
899
833
790
779
821
681
832
795
773
851
789
760
868
784
747
838
764
772
750
745
746
785
751
746
833
794
775
805
696
840
833
703
749
702
702
746
702
746
774
810
434
356
746
800
735
834
687
765
1535
702
873
751
703
749
703
701
790
727
2084
1231
671
646
702
658
828
683
818
791
746
746
702
764
747
775
746
746
819
849
835
919
4294902594
883
834
834
878
770
814
757
779
747
710
693
703
715
650
746
702
746
741
664
633
731
658
697
614
709
697
692
810
658
702
703
659
759
689
702
707
702
702
712
737
746
746
838
730
815
781
791
746
741
755
771
804
797
799
825
830
798
834
779
734
896
796
791
793
834
790
747
770
766
851
816
747
903
287
610
839
820
744
767
653
620
659
341
274
614
263
395
751
834
4294902633
796
878
790
828
844
785
708
659
746
741
617
748
664
747
746
703
659
702
794
835
902
899
877
834
689
900
830
702
785
746
732
706
724
746
370
390
767
800
703
893
823
791
790
834
799
770
850
790
760
866
833
834
767
863
834
702
571
658
668
694
706
1405
659
702
616
658
615
617
573
570
596
590
614
1088
580
621
701
702
697
796
702
697
708
696
713
703
658
623
4294902498
278
556
834
734
895
828
791
786
843
847
710
774
703
621
696
658
680
668
764
658
659
750
742
703
706
658
747
755
658
869
843
873
791
790
828
797
809
859
882
834
725
679
703
710
836
785
784
883
918
880
845
830
746
790
711
820
796
784
888
790
703
745
703
746
747
837
879
761
901
884
496
337
804
775
883
791
720
685
665
733
801
701
879
878
885
4294902579
890
833
879
833
765
899
901
864
834
834
878
790
899
816
873
708
904
808
835
738
677
695
747
877
917
840
846
782
784
702
716
734
833
844
834
791
899
900
878
838
895
817
773
895
790
645
670
708
653
739
726
774
884
916
844
834
835
784
752
710
655
790
873
723
900
900
899
859
821
833
784
841
859
813
791
833
791
775
849
795
4294902353
1075
878
878
769
900
900
859
790
703
614
571
614
575
672
902
885
833
878
854
749
816
685
675
609
664
703
749
800
900
900
869
834
781
672
658
682
679
702
658
614
651
600
597
702
615
702
665
695
702
662
659
697
663
667
606
658
610
754
746
807
817
833
790
614
618
702
818
893
833
833
742
842
658
754
600
707
614
702
683
320
317
701
815
822
765
800
771
811
774
4294902340
839
263
395
789
714
736
703
651
752
695
663
685
671
665
658
701
706
704
610
874
831
695
757
701
614
614
652
663
705
694
841
832
881
829
788
700
663
702
783
771
752
674
684
722
778
756
744
790
877
880
753
900
889
833
788
790
752
748
694
789
904
887
885
878
865
838
882
778
886
837
783
707
679
775
731
721
690
690
838
838
725
802
816
771
910
886
4294902505
739
507
244
792
701
788
734
887
745
745
793
728
848
739
794
806
716
760
702
750
782
783
706
833
748
833
788
788
702
657
686
674
658
658
787
805
874
730
767
815
788
783
750
783
750
760
733
744
789
718
684
232
556
795
748
871
875
876
920
890
778
744
745
785
792
725
897
878
919
833
673
859
700
700
662
652
700
706
701
744
743
788
706
639
718
701
739
4294902437
600
702
657
613
669
600
570
568
613
573
570
568
526
592
547
564
569
583
598
580
613
657
621
648
657
713
674
723
233
464
704
749
730
751
788
829
848
866
771
900
868
781
751
750
744
788
876
877
747
915
750
701
744
744
789
775
900
869
831
884
868
880
768
897
886
617
900
794
655
747
748
876
832
745
903
897
888
864
849
702
900
881
866
799
754
780
700
769
4294902493
736
745
700
673
900
831
886
832
745
832
789
701
684
701
677
1315
749
758
898
840
877
544
289
846
802
717
717
668
679
656
701
657
740
769
861
789
745
888
815
838
764
817
798
780
833
832
740
885
832
789
794
900
848
831
837
746
636
804
400
482
866
750
968
832
883
788
789
839
829
789
783
883
788
729
837
761
788
914
899
817
877
705
900
4294902498
860
789
745
885
741
779
843
788
768
810
748
709
607
657
671
775
702
702
748
789
784
300
460
736
753
736
750
614
701
695
663
696
663
701
712
651
652
801
694
701
623
670
639
409
278
717
657
658
657
712
686
623
656
658
658
586
685
658
657
618
614
656
526
789
702
657
701
618
634
632
619
657
609
750
701
651
756
744
746
746
708
693
623
647
570
619
614
613
614
754
736
793
724
854
746
4294902396
898
657
706
