674
700
966
580
718
646
666
640
610
648
640
636
682
716
676
648
630
752
702
654
632
594
624
646
536
584
584
566
582
602
616
600
612
634
656
646
650
716
768
798
734
732
768
798
806
780
750
768
796
748
706
722
760
764
748
708
714
670
696
772
812
798
816
848
834
774
746
798
754
706
690
754
814
848
806
844
956
908
854
894
840
822
730
748
772
796
768
784
796
768
698
706
720
712
730
672
680
734
692
744
780
810
766
702
686
648
670
652
686
776
902
902
814
802
830
770
716
692
678
752
756
760
762
820
894
908
878
868
844
850
856
854
792
806
812
832
778
790
872
914
950
870
864
868
910
822
872
876
870
850
780
808
844
834
772
748
788
774
812
728
788
770
822
748
720
750
778
774
730
784
818
804
736
730
758
768
776
792
752
772
782
804
746
780
772
782
742
692
676
610
662
640
690
824
860
814
798
816
814
784
748
768
848
884
888
868
820
830
828
822
766
784
850
858
818
816
824
844
744
784
794
834
788
760
804
806
778
736
786
848
854
842
798
814
794
804
736
770
810
824
726
724
714
700
678
668
716
760
776
750
706
750
764
768
734
688
760
772
766
760
740
754
794
820
802
772
826
832
834
788
742
788
820
828
784
758
806
850
870
852
808
832
850
856
838
784
792
790
850
784
724
750
814
820
788
756
754
726
706
686
766
834
826
748
760
828
814
768
744
760
834
810
774
842
854
850
786
786
846
856
850
808
826
842
834
786
788
842
854
834
766
760
796
842
844
824
878
878
816
808
798
810
784
802
796
860
898
870
868
888
858
822
756
788
820
858
830
798
836
816
770
712
782
800
834
784
746
790
810
814
776
808
806
820
764
754
768
754
760
746
776
780
780
734
756
778
798
736
774
810
826
796
778
812
812
804
760
758
842
840
832
768
710
666
622
602
682
726
752
734
714
788
876
930
880
876
866
862
838
840
830
842
852
800
728
688
722
672
686
658
628
640
614
652
638
668
718
800
774
766
768
744
734
726
724
722
748
764
766
832
858
848
800
752
792
808
786
742
788
836
884
800
800
830
844
786
746
762
764
810
756
776
840
882
866
812
826
826
812
742
680
702
700
692
694
730
750
754
718
684
684
738
798
838
836
836
796
732
756
770
816
832
786
792
822
822
766
728
762
816
862
834
746
762
786
864
852
830
768
770
806
802
776
706
660
676
680
660
666
682
746
796
802
790
728
688
686
644
710
712
748
752
696
620
696
688
734
788
814
800
752
742
766
782
778
806
844
860
862
894
904
884
880
812
814
844
866
874
844
786
798
788
748
728
748
712
724
786
846
800
874
880
902
824
744
780
804
832
816
788
858
884
884
814
822
868
878
882
806
818
832
818
800
748
784
790
750
712
716
792
824
858
774
824
836
818
766
776
832
844
832
770
778
798
806
794
756
844
818
784
738
814
838
848
822
756
776
780
786
796
844
794
814
856
812
798
746
768
810
830
830
796
838
870
868
796
776
810
810
820
776
782
806
824
818
776
766
850
818
836
744
782
784
790
796
752
756
812
842
822
768
788
798
776
732
732
740
726
696
674
700
738
754
746
798
844
852
810
748
762
782
810
820
806
814
812
868
868
832
806
832
856
866
858
820
780
788
850
806
770
816
828
834
784
756
810
844
832
834
816
820
876
898
886
818
840
842
830
864
802
846
856
854
908
832
878
886
866
786
784
782
762
736
706
802
880
930
902
856
874
872
872
808
704
722
720
732
724
696
706
742
702
660
648
664
696
714
796
778
782
796
776
776
712
658
736
792
862
866
816
758
806
810
696
726
716
738
742
760
764
764
736
726
756
770
720
686
686
690
670
644
622
610
624
638
688
728
720
686
708
722
752
720
662
674
698
770
830
844
820
816
850
870
858
844
834
832
880
896
890
866
830
852
822
842
756
716
760
876
940
944
894
870
890
876
844
796
826
854
898
884
866
922
924
882
816
830
830
832
790
778
812
844
848
788
800
830
844
820
766
732
750
778
806
784
796
872
952
926
940
776
738
744
730
774
720
768
784
754
762
738
792
826
826
818
810
740
736
758
776
762
734
780
806
832
800
736
770
804
838
742
704
718
774
842
900
888
848
788
774
802
810
820
772
756
788
826
850
836
788
736
736
708
678
714
798
864
864
812
902
926
902
808
758
780
810
836
786
746
766
788
830
846
780
770
814
856
850
774
762
740
760
754
764
826
884
862
836
898
916
918
890
882
898
900
882
804
786
816
810
802
780
816
840
830
778
754
802
842
838
780
772
794
802
786
738
718
766
852
888
844
840
870
844
806
742
764
796
810
746
740
760
780
766
782
750
768
778
764
724
758
768
738
762
714
752
786
786
696
652
658
666
634
622
640
660
636
648
690
756
752
726
786
800
796
808
748
742
748
806
752
710
744
776
830
858
836
758
778
842
812
756
702
694
766
812
824
794
846
890
886
842
886
894
890
830
760
794
834
908
918
902
818
806
830
774
736
774
838
880
812
776
818
868
846
784
770
794
822
804
756
724
816
840
886
842
798
834
820
808
778
756
786
820
826
772
750
774
806
824
784
732
730
786
834
838
820
778
796
826
812
792
828
824
832
810
768
758
816
818
830
810
810
802
774
742
678
632
630
644
766
1170
1052
1016
1002
980
992
952
886
762
738
740
770
792
818
818
804
790
772
780
818
808
784
752
720
714
712
760
814
830
820
808
806
796
784
748
790
766
764
768
776
780
784
782
772
750
694
674
696
642
650
652
674
748
756
716
758
812
866
804
750
706
732
750
768
802
772
720
744
776
808
820
790
718
700
714
740
760
746
714
728
740
792
812
802
806
786
796
794
786
776
734
726
748
758
782
818
808
768
784
788
774
750
696
718
754
826
856
730
712
724
746
752
716
694
706
704
702
714
706
696
700
712
710
690
684
654
662
646
654
670
716
768
812
754
762
760
762
742
722
764
800
812
868
806
768
822
804
834
754
718
760
764
792
778
750
802
818
816
768
702
768
836
726
672
418
252
644
634
640
652
716
744
744
758
738
786
740
714
660
678
