805
780
720
772
728
671
703
687
639
733
744
829
693
4294903395
724
727
730
803
870
916
794
738
889 
738
749
679
788
912
945
875
925
900
898
902
900
846
788
766
900
866
844
895
695
847
807
853
793
900
836
851
869
878
766
841
902
860
792
757
785
763
850
650
899
882
795
792
830
849
833
720
839
892
849
720
900
862
880
852
706
864
792
842
802
874
708
818
875
791
713
830
690
900
825
4294902272
1065
733
899
787
716
894
747
732
721
721
684
756
745
868
817
715
900
900
774
726
896
902
871
732
797
880
901
840
804
777
900
882
746
772
866
825
709
860
749
790
872
782
1558
840
749
898
708
700
694
828
669
903
838
660
882
690
790
1463
672
851
779
740
727
756
846
744
835
612
913
837
925
880
885
902
821
815
827
828
4294903178
885
763
743
791
718
900
879
921
853
805
742
857
814
768
861
900
900
861
749
788
777
795
812
770
1491
1353
1192
813
645
644
1375
633
702
813
687
872
908
884
924
895
858
836
830
793
843
657
844
837
719
1128
955
895
919
903
852
831
869
748
900
860
916
876
788
760
864
900
899
839
847
750
900
1063
710
744
645
638
4294902465
732
900
894
851
876
932
818
729
877
849
921
832
712
793
716
899
901
889
1112
913
922
871
693
899
864
870
885
829
833
819
1064
735
902
897
841
819
743
804
695
899
902
1024
909
767
900
900
900
900
899
901
852
821
840
787
899
836
879
686
1656
839
872
796
835
694
906
902
778
877
743
902
900
788
697
894
921
4294902550
772
745
829
774
723
903
892
788
719
890
868
643
832
783
772
807
706
870
873
846
711
1617
720
663
802
695
829
671
740
716
1474
673
730
770
895
905
898
900
851
827
1624
816
803
864
804
913
1103
997
900
899
1019
962
932
912
815
761
900
808
692
1114
986
900
1040
995
965
900
900
900
852
919
872
892
865
4294903519
1724
905
853
914
903
890
892
914
1570
962
850
900
836
900
963
901
900
897
899
675
706
698
774
715
923
913
900
900
896
1068
906
863
767
808
692
892
828
852
900
993
926
909
894
906
899
901
900
900
900
2999
1154
3947
6876
1929
906
1689
4294903666
3630
900
884
864
952
900
897
898
902
887
832
835
749
900
711
703
571
699
625
655
611
697
682
645
901
900
900
898
902
1052
966
907
848
717
909
776
725
840
814
746
896
808
696
897
901
880
922
898
832
770
773
716
685
668
649
849
921
885
954
1800
899
901
895
802
699
904
895
834
849
717
1067
738
1008
925
4294902363
1043
715
790
747
753
752
900
1060
740
1798
756
735
845
871
956
938
901
874
887
875
876
849
729
904
901
1710
754
728
695
864
763
1385
816
690
900
1500
900
900
900
900
899
901
900
853
836
711
799
701
900
1051
877
875
946
943
955
953
900
900
900
900
1675
888
1709
828
899
893
1047
911
915
883
4294902344
1131
864
890
882
910
1627
845
852
813
774
800
916
931
908
922
939
900
969
831
921
879
900
900
900
900
900
898
902
883
915
902
770
773
1428
780
749
884
1516
1496
2090
742
772
823
814
763
900
897
825
863
940
833
738
1089
845
848
822
689
734
765
812
900
1800
1587
768
853
913
953
882
944
4294901930
1643
978
908
937
823
858
889
817
813
837
663
900
899
869
776
750
697
809
900
900
894
1056
966
866
718
763
717
785
889
910
736
832
666
902
900
874
1401
787
748
690
600
748
731
820
700
1180
921
898
902
900
898
843
890
831
728
1011
799
1800
812
735
770
904
841
738
874
846
826
1616
833
807
798
1500
732
768
4294902196
1180
1651
769
900
900
824
2165
765
745
810
876
715
899
1662
902
879
746
2498
814
851
649
884
916
862
775
1566
1542
655
758
690
711
839
897
892
907
861
801
801
804
1539
861
934
905
900
899
1501
785
714
601
670
678
721
1462
669
900
820
680
940
844
856
804
756
758
685
719
821
917
886
833
4294902641
1436
897
887
721
794
899
900
1672
821
809
806
783
808
903
889
910
899
1480
797
870
755
1800
1500
764
658
873
1005
899
3601
1074
933
947
876
852
840
770
876
730
702
700
1500
1649
899
958
966
863
884
768
768
855
799
791
841
659
900
896
2362
834
699
908
1588
736
843
732
902
4294902543
831
850
672
1546
765
731
858
886
2711
901
896
906
674
701
698
623
769
939
1892
1979
973
939
913
900
944
925
916
878
832
1004
801
2841
743
913
898
880
688
733
699
905
855
831
714
800
818
1381
806
694
1456
783
760
902
900
1662
736
902
898
866
1535
998
798
901
859
869
1753
4294902681
2186
712
869
922
949
1797
901
897
850
694
1340
659
661
994
807
894
904
750
822
828
1799
891
832
679
901
900
804
696
983
1701
875
919
922
888
820
862
894
917
924
903
917
883
901
859
921
844
698
3053
801
731
884
900
900
873
788
739
776
894
980
950
878
829
648
780
679
685
805
696
823
4294902872
901
1418
653
768
761
900
900
1131
969
899
901
900
900
900
900
1049
751
900
1052
846
789
874
906
879
758
796
846
862
692
894
906
899
868
852
941
882
771
787
818
682
665
720
831
784
900
1800
843
892
881
914
842
909
927
984
908
899
843
906
880
893
844
735
900
900
900
900
895
1084
989
932
893
850
819
4294902334
1197
903
900
896
837
897
855
715
873
783
744
774
726
755
728
744
773
847
648
893
839
822
751
783
790
827
814
1586
870
856
890
863
922
961
921
830
951
934
848
813
883
758
1062
845
793
1124
851
875
909
733
905
745
758
900
896
847
920
937
900
899
901
900
900
896
904
900
899
901
874
921
873
873
909
922
4294902678
746
890
861
832
717
689
811
871
813
716
900
900
863
793
869
775
841
659
900
834
927
848
844
747
900
832
808
757
903
824
826
750
900
855
880
935
895
855
879
888
713
871
679
763
687
820
836
744
900
1111
872
862
898
952
902
815
787
1013
788
900
900
900
869
683
794
830
724
900
850
804
745
901
900
1026
772
898
904
4294902779
917
900
900
1785
915
897
1034
769
1095
940
930
877
911
877
864
847
728
623
908
900
825
834
741
900
815
746
799
873
864
700
846
769
788
760
740
792
960
924
922
902
900
899
901
900
884
916
1800
890
910
871
800
899
897
872
761
899
901
900
900
900
871
919
856
907
890
891
834
861
771
899
897
798
783
4294902416
1503
900
900
873
828
957
859
867
827
789
863
860
748
771
811
846
1701
900
900
900
853
874
882
749
842
881
919
900
900
900
900
938
862
900
900
1011
869
820
899
862
639
900
865
840
695
900
897
903
1745
616
832
658
274
57
80
238
221
61
60
40
40
926
452
1154
1488
528
8245
4294906675
11383
923
23973
