
299
900
816
684
898
812
688
815
687
794
706
900
822
941
785
752
840
900
774
786
855
645
900
800
880
1620
900
897
854
808
710
766
679
808
770
807
701
876
1085
4294902681
1446
907
901
900
832
803
744
850
899
763
808
886
908
852
872
2182
735
765
1389
707
905
775
686
857
856
724
898
715
785
775
817
812
900
872
761
653
714
773
692
855
817
758
905
787
712
900
867
805
692
719
683
735
671
819
775
735
1092
669
937
902
900
900
857
851
826
864
802
900
845
654
901
900
861
1377
657
640
4294902583
861
705
812
823
932
915
904
883
889
849
705
868
815
698
752
746
695
817
669
795
748
797
869
731
725
675
819
676
708
729
658
809
699
779
684
626
846
664
903
1499
792
832
777
891
691
771
839
707
814
1508
663
915
840
661
1498
901
836
1540
775
750
849
1502
682
734
725
695
688
626
681
692
671
656
603
680
672
727
2117
700
716
4294902380
2193
745
662
825
675
747
709
2163
1481
848
651
895
1353
712
672
746
698
625
710
737
1472
775
806
848
1552
1686
714
853
829
1617
822
752
801
725
732
696
714
753
835
670
782
708
879
1507
797
724
797
702
725
756
800
1558
758
808
831
767
744
648
910
900
2513
787
832
664
628
686
715
673
602
706
706
688
4294902496
899
798
703
859
640
896
765
740
821
679
897
805
1597
827
865
706
1647
712
853
774
785
584
889
781
862
802
1480
629
848
1379
760
842
1540
925
879
1465
785
757
688
1437
769
671
1283
701
748
797
731
1773
831
829
765
834
821
1518
728
832
666
1566
789
800
748
899
1492
841
801
760
702
728
677
871
719
733
4294902266
1029
778
754
739
769
735
2173
742
719
709
695
1414
751
851
878
663
908
798
932
668
895
1505
839
753
785
1379
689
883
841
733
860
819
851
770
722
1404
660
743
658
680
1375
658
2100
750
749
717
1384
727
772
762
691
1413
734
825
1550
626
811
689
1418
665
650
780
685
901
1501
764
736
680
673
730
1448
663
4294902502
2099
772
729
768
1449
1469
709
704
1471
811
717
900
902
863
1475
754
757
749
1402
806
694
991
787
703
685
720
738
708
702
739
727
767
730
903
777
723
753
1524
716
764
743
867
807
1574
865
663
1683
732
905
896
908
870
790
730
880
845
1574
1691
717
803
690
794
704
2336
764
750
1471
790
4294903286
2975
1351
733
651
888
775
738
1470
854
874
892
905
705
2383
825
765
2307
860
1557
1671
876
763
891
775
724
863
875
1538
1934
902
786
797
706
1502
776
724
634
733
719
747
762
1455
650
746
695
734
818
600
907
856
636
1508
881
785
734
821
1539
837
702
826
665
677
688
701
644
756
4294903106
734
787
713
899
748
748
905
732
738
731
710
1486
1556
808
731
1730
898
1580
790
779
758
761
694
678
1431
678
1945
712
674
864
740
1399
723
658
778
832
783
3076
722
1611
650
1542
756
1664
1725
751
790
1426
710
709
743
648
1500
898
808
831
763
856
1538
1616
781
738
668
703
728
722
650
4294902196
828
670
796
706
843
1446
854
711
805
3241
800
2279
721
872
821
2253
854
814
2338
1634
817
696
879
800
722
826
1574
887
819
687
893
870
842
702
844
806
750
2218
709
1421
748
593
893
1424
694
1736
2211
739
714
831
802
764
602
901
844
655
834
733
759
789
776
1496
852
4294902788
1124
742
799
664
859
1557
839
685
1476
740
749
751
665
1549
1560
855
776
779
1692
2164
656
675
750
1476
673
842
790
756
624
872
709
819
1972
737
686
660
1327
610
1390
587
683
1312
684
2829
1526
734
683
745
804
840
680
1784
1640
785
826
808
763
1504
904
899
894
845
2325
737
4294902496
833
1522
793
746
884
861
1547
859
807
747
735
723
635
902
1506
2295
696
653
739
657
844
2215
850
805
1430
697
715
805
698
592
807
638
605
1383
1676
878
1522
769
756
763
703
721
788
854
816
1603
799
728
900
846
652
877
799
720
2318
688
900
814
673
761
808
814
905
1686
793
846
1525
4294903371
800
697
901
733
811
847
850
660
755
735
867
1443
631
663
906
843
1505
829
717
1632
740
2121
773
728
1400
713
796
704
1371
707
716
1325
681
841
830
892
827
810
838
648
849
2295
770
899
901
814
862
852
772
832
859
698
1730
777
794
1760
802
723
925
814
778
880
828
755
2002
839
766
730
1460
4294902241
1134
1565
839
663
901
891
798
707
809
1586
2359
796
720
934
1671
1630
845
1436
712
795
2183
806
807
816
799
701
846
1748
649
894
836
727
2318
825
757
900
900
2619
879
849
777
875
830
1571
1500
832
668
826
1268
742
751
880
1532
1703
897
701
808
603
621
2147
4294903057
657
872
835
694
1800
902
845
855
2200
832
1566
894
684
824
880
853
877
1540
834
716
825
672
853
776
772
1454
648
927
862
825
629
930
673
730
743
806
673
871
1432
809
1555
735
804
752
807
1504
795
826
812
845
1439
692
771
753
589
875
629
4807
844
828
728
711
789
812
688
4294904889
1052
1650
873
881
1500
640
911
754
745
901
833
873
790
715
689
832
813
745
1570
840
900
771
729
858
865
762
787
1501
765
762
806
694
899
849
1549
1645
755
889
735
742
874
1560
2273
730
900
1641
759
898
773
726
895
2708
853
1689
758
3012
636
747
643
834
728
1675
724
841
4294902514
752
705
683
720
777
817
688
1500
886
770
822
706
716
761
739
796
703
774
727
896
715
788
838
768
755
1476
797
766
901
1565
916
818
810
779
812
853
2277
742
751
756
1930
791
1505
826
1569
789
711
894
776
750
1480
2099
900
874
923
888
915
1517
1382
635
667
802
4535
724
809
4294902823
3303
764
878
1615
809
734
859
2156
834
625
626
818
673
813
2169
754
1556
716
881
1383
609
644
723
748
712
899
786
1551
811
750
714
785
731
693
681
1500
1382
718
731
769
2273
680
647
814
668
680
1418
3320
1475
1524
853
723
717
689
617
776
1508
716
1494
795
713
791
689
4294902815
1093
674
706
755
711
728
731
816
687
849
648
890
1412
1267
631
601
1502
777
723
829
667
830
864
703
2227
744
746
777
1409
700
784
717
807
696
675
757
894
891
864
719
895
828
824
749
674
713
713
767
736
1353
748
738
759
603
693
710
675
622
1418
764
723
825
770
1498
749
747
2033
897
674
1801
878
787
736
719
722
4294902255
978
822
859
2550
791
883
775
733
735
773
901
885
818
695
1085
928
689
862
796
736
872
632
897
718
776
813
695
762
741
798
702
760
740
844
760
791
604
839
661
796
705
2096
746
684
673
823
660
618
814
682
810
1478
711
766
738
794
2032
713
658
820
652
680
733
719
772
728
727
702
667
756
709
627
834
637
613
702
669
754
843
4294902256
900
767
805
773
654
824
677
761
739
844
789
767
803
889
1485
723
863
785
747
1409
743
805
895
833
1542
728
764
682
904
813
685
836
736
797
864
664
868
792
743
895
903
771
731
882
861
819
825
769
822
842
781
838
609
902
858
831
761
1557
844
807
693
798
701
868
809
837
757
630
901
827
884
686
896
796
796
814
726
746
4294902525
877
794
1511
712
778
725
840
663
838
1562
1500
817
828
755
1488
809
703
813
687
762
688
650
798
702
812
836
685
657
906
809
2193
1403
587
712
778
721
774
721
877
624
905
798
702
822
694
880
782
722
824
673
901
601
1501
824
897
1574
1708
697
899
719
782
797
703
841
1465
694
900
841
834
722
903
882
840
4294902551
730
782
747
764
1500
900
870
790
737
817
784
792
780
730
878
766
740
820
681
915
816
684
819
681
825
773
774
1411
776
777
818
744
741
761
889
766
741
782
721
815
684
808
688
850
820
1334
680
698
624
606
666
610
618
1442
658
893
907
900
847
2412
1531
704
787
736
783
870
727
742
824
737
863
740
728
669
597
771
732
900
4294902490
1018
778
866
811
733
870
629
845
644
612
639
754
707
880
851
667
1714
800
788
820
768
812
814
612
974
898
840
1479
674
831
781
760
630
905
716
892
790
817
687
758
688
820
734
809
686
902
806
1588
731
778
851
757
768
859
891
889
844
741
878
832
1426
764
795
705
900
899
845
635
921
1580
774
799
747
824
764
786
798
4294902586
805
732
848
653
849
803
724
761
757
788
756
778
658
790
662
637
559
615
649
889
900
608
917
892
865
771
772
842
710
696
657
677
618
669
1355
672
761
743
767
733
887
825
754
817
810
707
855
760
1385
722
728
766
783
1497
1366
652
686
735
721
627
727
786
685
726
657
636
600
730
770
790
710
1707
1558
629
1502
671
704
708
1332
789
4294902496
1500
784
716
784
707
809
699
740
683
668
728
697
1479
700
895
810
701
791
746
843
1492
725
769
634
792
685
773
728
694
702
660
666
685
714
700
1440
661
1508
737
738
772
745
701
717
647
663
654
669
639
672
638
600
810
824
766
900
796
858
746
900
795
793
758
739
815
881
875
770
769
902
890
858
825
728
893
844
1544
1417
704
4294902637
800
1613
746
900
697
671
718
671
730
710
2699
1341
658
655
650
796
704
2986
728
701
762
743
1486
694
946
852
864
898
738
750
651
882
618
813
673
907
908
898
2613
687
875
735
748
713
781
673
748
722
792
1515
886
751
840
739
736
749
781
1417
701
851
766
1462
722
683
1315
1335
650
611
844
640
848
4294902253
909
839
2211
812
1412
721
796
714
719
783
763
737
838
647
864
651
899
583
918
809
705
748
694
1510
619
915
784
1581
1479
808
742
799
863
741
903
866
934
885
888
826
685
916
898
877
872
783
732
892
762
778
726
752
792
736
900
900
866
897
819
710
908
899
866
604
931
882
796
722
789
711
792
708
585
897
744
768
4294902501
691
692
700
803
708
845
1246
804
684
622
706
770
2629
648
776
777
900
900
1494
852
790
753
741
745
716
702
663
720
2621
1498
1379
691
710
628
1315
644
1372
688
734
787
656
896
848
2108
732
725
692
1461
639
1468
773
709
1509
787
754
738
730
603
895
1363
747
711
761
1393
749
852
1531
797
729
4294902619
1378
897
764
739
2177
761
662
1500
760
739
1469
600
926
580
926
725
724
651
720
668
640
672
846
654
881
2344
674
818
690
1420
673
755
689
1355
718
832
751
2399
805
694
884
724
740
692
694
704
661
600
712
742
649
1704
694
902
832
837
731
786
713
901
779
721
830
787
782
1409
689
845
806
747
753
726
714
716
4294902497
695
851
774
752
756
764
861
1485
656
899
831
737
784
650
862
747
791
720
761
798
711
1488
770
752
838
772
753
633
761
667
632
641
681
700
722
833
666
1657
782
807
1398
708
764
726
837
712
758
752
879
840
681
800
700
847
646
1506
753
740
1450
658
789
829
753
700
738
767
774
1494
818
738
900
843
762
795
887
795
718
814
4294902607
2287
686
883
852
1522
643
782
706
724
787
767
736
815
831
754
890
568
902
737
729
1437
676
658
728
712
653
669
741
798
759
635
764
742
828
836
738
888
868
770
774
831
667
744
715
764
766
754
759
807
752
798
829
753
734
694
633
769
730
804
697
893
795
839
771
899
883
1518
763
775
725
720
703
779
637
2099
852
649
831
626
4294902442
710
794
668
754
742
786
736
1373
654
680
900
798
700
895
821
684
775
669
700
737
714
695
789
872
871
895
850
735
896
904
900
898
803
849
750
900
882
819
854
745
900
872
767
760
894
899
768
738
812
680
851
761
715
674
781
672
819
737
662
710
692
636
804
696
802
697
742
679
733
691
716
704
727
679
669
695
710
640
616
770
703
627
764
706
4294902534
1640
704
709
714
690
830
785
820
777
716
868
746
732
779
782
810
823
758
874
749
778
774
734
841
786
770
797
743
863
849
1512
639
899
823
816
701
869
688
899
1481
844
744
824
745
766
758
729
843
767
753
778
773
1394
702
791
703
718
708
684
784
716
1629
1671
885
1515
837
794
769
840
1560
895
849
838
840
826
4294902627
900
888
733
841
826
731
852
779
829
842
900
900
895
846
827
878
754
887
824
836
743
867
850
790
796
860
643
851
763
773
761
722
719
776
1506
734
790
881
1528
775
725
805
1491
704
885
838
837
880
1657
901
836
643
871
809
743
897
844
763
796
820
675
855
650
600
861
780
759
900
869
838
693
900
796
704
889
1510
4294902462
672
760
811
1469
819
823
681
781
701
618
805
695
766
673
661
784
716
1353
1326
756
742
923
3648
653
642
623
581
665
644
643
601
1499
759
742
900
849
772
855
1615
708
832
665
856
644
819
1537
648
1549
750
671
630
712
629
705
635
619
693
695
668
644
1333
1271
648
646
838
784
710
665
1502
2168
1566
759
4294903105
761
740
835
826
738
788
868
745
886
751
763
849
641
910
720
751
629
736
674
689
749
742
610
1333
709
613
1212
633
578
674
635
763
1439
711
821
679
1587
785
1368
1346
680
718
701
739
732
776
768
739
1360
1293
652
680
654
618
895
687
1384
552
646
617
603
542
640
631
607
896
840
890
671
899
793
711
846
653
1428
610
661
720
727
655
752
4294902344
900
882
1516
766
735
656
1366
679
778
722
1491
909
810
764
787
728
811
761
2083
682
674
1420
1390
699
691
768
732
745
755
715
720
647
738
677
701
712
1390
591
831
1382
725
671
598
736
605
600
670
691
2657
607
1389
608
1814
640
661
611
611
1364
635
678
625
625
1143
766
623
1151
631
608
1952
1457
670
609
681
4294902380
760
1340
1632
768
757
743
723
738
769
736
1398
671
665
900
849
627
917
907
894
851
655
860
634
839
667
798
821
1381
2018
651
631
728
721
826
724
898
797
706
763
653
662
660
684
644
727
607
729
678
684
770
739
892
856
756
708
668
670
712
717
707
765
649
806
691
846
810
747
704
739
839
1499
719
830
637
933
832
668
818
682
899
4294902497
793
796
810
811
690
760
740
747
753
797
703
716
734
2054
601
694
862
853
886
700
1079
721
900
899
851
791
759
893
843
774
748
815
861
764
900
859
852
817
887
787
761
739
758
727
733
776
901
900
895
605
905
900
765
701
709
807
719
743
645
911
743
714
740
733
670
777
722
820
787
794
785
715
803
697
818
672
734
775
772
1561
4294902482
682
759
739
899
799
703
758
743
744
754
601
829
669
748
738
762
754
860
735
745
745
791
863
822
738
896
870
856
762
725
692
780
829
792
900
807
691
902
885
801
711
743
723
711
803
623
846
654
897
867
890
852
694
900
856
809
782
732
721
797
703
900
1500
809
823
768
789
711
843
754
771
693
764
788
782
801
690
818
696
841
810
748
4294902533
1463
901
774
718
762
733
895
748
768
771
793
774
1434
722
722
730
816
740
850
800
749
803
688
770
714
626
1387
713
716
745
700
1385
654
821
679
685
695
688
632
1334
705
659
701
720
681
851
642
906
1683
830
788
818
817
765
1455
757
776
822
690
894
902
793
711
873
842
817
768
772
728
804
695
901
788
712
900
813
807
753
799
4294902324
900
816
915
1567
810
817
775
872
839
686
901
832
643
927
785
712
1722
678
755
748
825
804
768
903
1599
801
823
792
2285
849
829
791
825
784
721
765
1517
716
733
763
800
816
740
785
761
847
657
901
755
745
897
811
692
798
702
839
775
719
666
879
875
843
879
725
761
761
784
1537
650
906
832
764
805
1491
4294902505
810
763
703
724
853
890
784
772
867
811
1581
772
767
828
675
780
713
769
820
781
811
726
887
825
1502
1375
731
642
638
1364
706
668
2059
706
713
684
1422
1380
666
722
563
947
761
1520
719
851
717
732
700
746
745
847
1516
763
729
792
2214
647
800
701
683
1386
658
800
715
1553
799
763
743
741
755
1469
4294902471
797
747
2100
769
723
791
730
1503
791
818
773
765
753
856
820
814
716
694
777
721
760
2106
736
837
819
709
1749
675
910
793
1487
719
832
838
1509
723
779
721
900
737
763
718
772
762
690
833
725
790
700
1510
865
798
737
828
1548
805
719
882
743
720
839
715
869
632
772
725
696
684
658
657
675
774
647
911
4294903268
677
698
1424
1467
639
890
634
823
702
689
762
733
741
1487
663
815
685
897
737
734
617
820
1428
734
782
750
851
747
803
817
805
761
617
818
676
906
830
670
869
826
701
805
698
852
649
897
682
803
617
838
802
711
752
775
730
752
758
688
667
739
789
778
722
755
733
787
705
804
677
634
680
696
694
733
665
737
753
743
892
828
684
835
636
4294902525
885
1453
758
755
646
853
688
681
678
685
618
781
689
773
846
811
900
890
900
763
837
747
663
731
758
806
705
788
712
846
633
915
589
917
731
769
817
683
859
783
758
843
657
866
826
833
775
855
643
850
775
744
633
768
726
852
817
737
851
812
737
883
1515
782
720
1500
1454
643
900
1334
685
825
759
785
702
1545
695
4294903671
1998
900
897
877
852
1574
1681
696
