848
816
720
722
728
718
682
702
750
764
698
686
700
726
758
776
764
726
750
758
772
752
756
754
718
746
778
824
840
780
784
790
794
790
770
780
790
772
714
702
730
682
700
702
702
684
650
628
800
806
816
812
806
798
780
784
754
718
696
668
702
812
868
900
856
880
866
858
844
864
852
832
814
720
738
760
766
756
746
736
702
716
728
772
816
832
766
714
690
714
718
740
764
782
796
768
746
756
780
778
756
750
772
784
794
704
668
682
710
724
714
768
760
720
656
650
682
712
736
746
724
732
732
718
718
712
704
716
748
770
750
714
668
718
718
718
678
698
700
786
798
770
750
766
768
798
804
816
816
800
772
740
706
696
688
702
732
762
754
732
794
836
852
856
864
848
814
772
782
802
790
778
800
848
772
714
702
782
802
764
762
758
798
732
684
698
734
754
748
782
804
846
806
732
678
658
694
684
668
702
782
816
790
748
680
702
734
766
752
798
786
796
784
782
772
762
752
716
700
698
704
700
700
688
664
666
682
784
834
784
716
700
720
686
678
670
626
638
616
666
734
802
838
860
850
856
866
864
834
832
830
832
832
824
834
828
820
820
800
798
706
646
712
770
782
718
718
734
798
782
764
744
776
752
748
786
836
878
902
834
798
754
744
738
716
702
714
684
670
668
796
852
884
880
862
826
816
762
668
652
654
644
666
704
736
746
718
706
680
698
716
734
752
764
686
650
632
650
634
636
664
734
784
750
718
704
664
650
638
646
646
650
668
722
764
812
804
820
800
764
716
700
718
718
768
762
684
654
666
666
682
670
668
712
734
734
714
656
648
650
652
680
714
754
752
732
748
722
746
688
664
686
732
732
702
684
768
798
786
732
698
686
668
632
616
648
684
736
830
856
866
848
820
768
680
618
384
264
668
786
864
848
870
800
802
782
666
650
656
662
686
682
652
650
646
618
604
630
666
704
748
796
804
786
764
716
684
638
616
644
690
796
872
846
818
768
784
766
800
782
766
732
834
892
864
846
834
832
756
714
684
716
752
782
848
818
722
708
720
782
772
782
714
718
748
750
718
688
682
698
752
732
686
648
666
668
702
700
712
648
670
680
706
700
748
750
770
796
734
684
650
634
632
666
688
736
810
816
838
864
850
884
856
846
848
754
730
686
714
734
806
832
848
834
828
752
720
732
750
716
732
752
800
816
818
720
730
734
718
732
698
704
780
816
804
762
672
696
684
682
768
766
700
672
732
748
734
750
668
678
650
640
682
716
764
770
800
816
782
766
768
818
814
770
580
350
700
784
804
762
686
716
778
806
832
750
784
752
730
732
750
750
708
692
754
768
778
738
780
734
806
812
802
784
798
764
740
766
814
782
724
726
784
752
732
752
816
816
716
650
650
650
636
662
652
718
802
864
818
768
698
670
696
716
702
748
718
688
712
732
670
616
618
602
630
666
670
684
702
842
888
912
872
848
818
736
680
668
684
718
802
864
796
768
768
818
882
900
868
816
816
816
802
802
784
798
836
882
868
882
868
878
868
820
818
814
816
750
716
784
866
884
872
800
794
788
834
850
850
850
786
792
792
818
796
732
672
746
798
842
858
834
834
836
834
812
772
780
770
798
782
782
738
764
786
832
772
730
716
768
832
864
820
788
846
864
838
780
768
736
694
672
648
682
772
914
920
880
848
834
822
712
652
614
600
588
598
536
614
650
750
818
802
798
800
818
800
780
784
790
814
812
802
754
714
702
714
752
800
832
816
802
784
734
694
654
634
630
620
652
716
788
828
866
850
820
812
738
710
636
638
664
636
680
716
784
748
752
684
666
638
646
650
658
712
748
798
782
768
734
702
696
654
680
652
650
632
614
640
668
664
710
704
816
802
716
732
752
770
682
662
682
684
686
684
718
748
766
738
762
734
766
786
852
862
800
816
818
768
782
702
684
682
668
680
718
802
816
834
818
782
778
784
804
850
786
800
814
866
800
786
832
834
734
716
732
798
802
718
720
796
816
832
720
666
652
680
684
718
716
668
684
682
682
650
634
600
620
616
620
632
650
664
668
682
684
684
696
704
718
738
760
750
736
680
638
614
584
598
602
618
600
598
600
634
650
636
648
666
738
792
840
862
822
816
832
832
786
814
786
832
836
846
852
812
786
816
820
834
796
820
832
832
858
828
814
784
698
770
898
916
834
802
798
786
832
802
800
828
822
836
828
800
816
802
814
820
796
818
834
820
814
738
750
744
768
716
704
748
764
722
698
732
770
784
762
704
720
756
760
792
724
734
692
634
654
616
636
680
690
728
732
754
780
736
732
690
680
680
730
758
780
800
734
700
718
764
818
842
808
764
734
738
830
822
862
838
798
716
736
770
780
748
786
814
772
780
766
750
682
634
600
670
700
700
700
766
782
800
734
700
668
666
632
634
636
634
614
620
630
678
722
732
718
766
716
706
694
732
718
674
694
736
712
688
680
700
700
718
698
686
718
714
666
620
614
618
618
638
692
766
736
730
752
752
782
720
682
666
698
764
756
762
788
780
718
746
736
770
816
796
704
716
750
766
798
722
682
734
780
834
784
668
734
730
716
670
702
768
828
750
722
712
752
750
730
684
650
600
602
582
648
852
866
866
800
718
698
716
752
800
822
808
772
782
766
752
748
748
752
800
800
820
764
720
698
764
752
766
734
700
700
668
634
614
584
616
650
682
686
764
818
816
786
798
818
814
752
634
614
618
686
796
884
934
882
852
814
800
752
714
684
650
666
700
772
844
870
862
852
814
734
720
700
732
698
700
732
738
680
650
682
852
850
834
816
782
704
676
638
646
652
634
632
602
668
730
752
730
686
684
416
332
252
532
320
514
312
554
332
538
826
868
836
828
822
830
816
834
820
844
822
832
818
816
816
766
732
650
666
700
768
848
752
718
666
634
666
666
650
632
618
618
630
618
632
604
600
616
598
584
568
350
264
254
364
252
398
252
402
278
384
284
322
262
334
252
336
258
352
252
348
252
364
268
398
288
414
252
482
298
418
252
434
262
402
252
446
268
432
268
416
252
482
300
432
270
464
284
468
282
452
282
500
714
702
684
650
634
636
662
650
666
684
718
748
812
824
816
834
830
768
750
714
802
780
734
720
782
782
722
712
782
820
746
704
782
834
764
750
800
834
800
714
738
764
800
814
754
700
716
796
804
784
698
716
734
768
766
750
766
766
750
684
668
634
662
718
684
668
732
784
866
836
800
780
768
734
666
634
650
716
850
784
768
814
836
802
766
766
682
652
666
632
634
616
616
634
668
786
798
770
764
766
820
848
832
786
694
670
638
712
704
732
768
834
500
384
298
500
302
534
320
496
298
584
350
500
302
516
316
466
282
404
264
484
682
766
772
810
772
832
800
818
738
778
784
818
854
780
732
766
770
750
650
668
682
784
834
766
716
684
698
720
704
694
684
684
750
718
704
764
814
738
750
764
768
782
752
764
716
652
668
666
734
732
652
646
388
266
300
348
252
416
252
480
302
468
298
434
668
748
734
750
798
818
800
836
800
748
734
734
752
812
822
684
762
770
868
848
784
782
734
832
788
762
670
698
734
706
694
666
700
636
630
624
644
650
666
702
752
814
784
764
738
766
798
784
720
650
632
650
686
714
650
714
758
780
730
702
670
694
688
694
688
736
780
836
816
782
784
786
776
724
784
816
816
768
732
768
832
862
822
766
702
716
782
784
734
782
834
834
732
684
670
712
822
882
866
884
918
882
754
744
768
836
748
738
728
684
670
666
650
814
836
864
856
812
734
686
682
716
752
804
826
838
832
818
796
752
754
810
800
818
784
812
776
796
770
732
666
646
670
662
658
678
764
788
814
786
714
734
684
712
674
662
682
702
766
752
780
750
734
720
732
686
710
670
656
656
710
744
748
704
696
716
736
700
664
632
590
598
564
598
586
566
570
548
548
352
252
580
650
704
664
584
632
602
364
302
252
396
252
414
648
686
650
734
752
832
852
866
866
818
868
816
848
832
850
820
816
818
812
784
802
816
866
832
852
850
832
838
848
848
834
836
864
834
832
816
788
780
782
782
806
880
888
894
890
878
834
836
814
764
670
648
618
616
602
598
652
784
898
854
948
582
350
834
852
846
820
802
818
830
802
800
798
820
764
818
820
844
804
816
816
822
812
816
864
836
850
768
684
666
652
684
702
730
666
664
670
634
652
662
670
716
786
782
764
688
648
652
664
702
784
816
800
768
832
786
748
732
738
780
784
768
780
802
818
766
800
802
734
732
718
430
386
752
718
686
716
748
764
750
768
768
716
702
716
688
676
634
676
742
784
766
656
698
716
682
718
730
754
796
718
720
748
752
754
762
764
786
732
822
850
882
854
848
802
732
666
702
796
820
898
850
790
828
868
832
830
836
852
860
858
838
814
798
786
832
836
814
750
686
714
732
838
898
866
852
836
802
730
682
670
696
760
864
912
836
848
802
800
784
734
700
670
698
666
696
682
726
780
834
840
814
818
816
800
798
734
686
646
620
650
682
800
868
882
904
898
882
870
864
854
834
862
838
832
800
772
762
770
762
706
696
780
868
886
866
854
862
788
728
736
782
834
762
788
820
866
814
808
818
828
816
800
750
746
748
804
850
834
786
798
838
826
822
750
732
768
830
852
816
818
800
814
800
784
702
714
700
698
698
740
732
726
824
832
784
634
746
756
744
652
684
720
692
664
660
650
658
702
766
816
826
878
896
874
864
894
886
886
878
852
838
834
834
842
828
822
832
838
830
806
780
816
850
850
796
768
766
768
694
736
784
836
828
740
766
796
812
824
792
718
682
682
742
846
848
872
856
772
730
606
680
632
616
654
692
768
840
872
840
754
744
718
704
716
814
866
912
888
866
862
850
864
854
852
846
848
830
820
836
814
854
824
822
830
802
732
744
756
760
740
830
822
814
788
788
852
818
768
730
732
758
708
702
712
686
652
714
800
866
850
822
824
806
846
832
764
722
714
772
828
882
848
852
802
826
834
854
864
816
854
830
848
850
816
834
834
814
780
686
728
754
802
814
836
832
718
712
754
830
882
884
798
770
768
798
814
802
730
734
782
824
832
848
864
832
804
846
848
852
850
816
836
850
848
832
816
820
820
816
780
772
826
800
750
734
784
782
750
730
688
684
686
760
718
734
748
786
800
800
782
790
798
812
818
786
782
768
830
782
718
716
812
870
804
814
832
884
866
804
844
820
816
798
786
836
814
734
638
712
716
734
688
680
682
734
730
722
782
816
840
810
786
798
732
654
634
612
604
648
668
744
786
804
816
786
818
798
766
780
802
866
852
834
734
630
622
594
570
630
650
688
796
856
864
866
864
806
780
752
682
666
646
670
766
824
872
808
784
760
756
784
800
812
804
800
814
752
766
716
650
670
684
734
796
736
764
732
738
784
800
814
786
726
690
698
702
700
746
752
716
686
698
684
652
682
684
678
644
646
666
698
636
666
650
700
766
836
882
884
848
832
740
678
654
666
680
734
786
834
720
764
730
666
668
632
634
714
752
718
832
818
802
734
700
730
734
720
748
680
670
664
668
736
764
804
798
780
754
748
734
750
702
752
752
762
750
780
738
764
702
698
750
700
702
650
634
616
650
702
746
654
648
624
610
664
634
714
738
766
782
818
784
766
700
668
784
792
806
784
784
732
684
650
652
718
812
814
820
836
832
784
750
634
650
400
350
268
516
316
532
320
564
786
780
700
700
734
720
744
772
796
752
766
756
814
780
734
754
748
748
720
646
618
600
600
600
648
702
800
832
854
864
852
880
838
878
852
832
804
784
730
718
682
666
670
716
766
888
882
818
850
846
834
748
702
730
820
840
846
818
816
848
736
716
698
698
700
638
630
650
666
726
844
818
782
732
788
766
746
698
710
762
800
796
742
758
722
698
636
682
700
820
848
862
852
856
816
830
804
798
816
832
818
834
848
800
808
828
834
816
786
816
802
732
644
704
762
774
684
652
650
696
818
866
850
884
852
900
830
806
802
846
848
836
802
764
730
722
830
870
882
884
894
860
868
830
866
866
836
800
748
716
702
654
664
718
832
864
886
868
866
816
866
774
812
728
688
634
716
780
852
786
736
798
784
766
802
816
818
846
754
764
766
786
766
816
802
764
670
684
730
804
848
850
882
852
834
800
800
754
760
752
752
800
780
708
728
784
814
754
798
814
836
830
788
796
802
814
770
802
846
866
804
800
816
830
802
818
750
716
698
714
702
766
800
834
848
834
790
758
672
702
732
764
778
802
824
814
796
750
718
766
832
818
834
866
902
846
772
760
752
702
632
636
650
666
688
642
682
724
746
666
650
680
754
848
848
808
798
732
686
660
636
668
684
648
700
800
850
718
814
820
860
850
768
786
768
760
674
714
702
750
682
764
842
866
862
898
802
716
682
698
722
810
870
884
900
834
820
828
820
834
780
672
660
402
312
704
838
878
882
884
836
764
766
704
682
668
746
834
886
864
842
794
818
746
684
738
762
766
800
800
702
696
622
646
670
730
800
866
836
882
898
904
848
852
844
836
834
738
752
766
774
758
742
748
676
698
688
732
754
724
736
680
686
670
714
730
752
752
754
764
750
682
698
686
696
640
678
638
642
620
588
618
566
612
618
768
832
862
872
854
818
832
798
750
718
662
622
384
312
704
896
918
838
750
818
878
902
884
900
888
862
838
814
698
662
686
690
730
782
818
886
932
914
896
894
846
802
848
732
748
674
730
782
702
734
766
800
736
730
766
800
802
784
734
680
668
654
732
816
838
878
788
718
680
734
798
752
800
818
884
850
834
768
784
730
750
754
768
750
784
848
836
832
816
854
896
854
852
858
858
814
722
662
620
652
646
668
746
788
818
800
766
746
704
696
686
634
650
682
688
680
736
832
754
746
786
854
880
850
870
886
846
848
856
860
832
822
848
822
812
736
682
652
680
736
732
732
752
864
900
870
864
836
818
798
752
700
656
630
650
698
816
896
888
882
886
898
868
836
848
850
820
816
836
844
836
838
846
866
818
800
850
820
794
770
802
802
784
832
848
784
764
800
852
830
820
822
850
832
830
820
802
730
754
710
704
696
718
802
848
770
700
698
708
722
704
654
684
734
766
770
756
726
642
656
686
728
736
784
786
768
748
700
634
620
648
698
734
756
776
670
718
734
766
756
786
798
794
794
724
682
684
716
750
802
792
788
786
828
754
676
684
632
690
736
788
794
802
834
836
784
766
768
810
806
800
754
768
738
706
718
754
796
786
780
818
818
748
732
770
804
828
748
704
716
714
632
674
726
836
872
852
782
782
782
746
748
796
846
818
814
804
804
732
684
666
662
570
632
806
826
836
848
842
860
802
784
704
686
640
636
652
686
866
884
880
880
922
870
880
854
796
702
678
636
620
668
764
802
782
702
704
752
776
732
684
734
718
702
662
634
656
614
632
664
686
702
752
748
718
700
750
766
786
768
732
698
682
716
694
674
666
670
722
812
822
810
784
736
698
638
650
648
652
678
732
790
730
706
714
710
706
682
654
640
656
638
598
622
628
654
704
712
698
698
700
704
820
832
766
682
670
632
634
646
650
708
748
762
784
756
744
750
780
796
796
760
706
700
696
670
668
718
768
828
800
784
690
698
682
712
708
732
764
788
778
742
728
688
708
672
650
650
674
746
816
732
668
670
696
686
680
698
696
662
620
624
634
654
664
756
802
814
868
816
