830
780
814
786
752
682
684
716
748
770
794
738
720
734
744
752
762
734
734
716
766
750
720
748
784
830
804
768
600
932
784
808
788
654
964
836
616
944
770
798
800
788
780
816
780
752
766
782
766
688
700
758
740
746
700
706
728
728
644
646
616
632
704
780
830
822
800
780
782
770
762
750
736
734
718
778
756
766
848
830
832
836
814
790
774
754
732
736
744
708
720
660
694
722
752
714
702
736
746
756
762
750
720
730
714
700
700
692
682
720
724
712
674
678
674
720
742
710
724
788
756
714
686
760
748
702
658
670
634
648
630
666
658
714
712
724
780
738
678
682
660
642
702
740
776
832
780
782
778
764
756
714
436
266
692
684
726
756
752
770
820
844
810
760
782
780
770
766
730
716
730
596
912
750
748
766
740
746
692
692
770
770
774
720
752
782
798
784
724
714
774
706
670
682
702
716
666
716
730
738
684
690
696
716
762
716
736
762
746
722
718
734
700
712
692
724
690
708
706
754
732
752
798
832
824
792
752
788
784
780
750
730
746
760
756
724
718
712
756
804
798
764
768
768
732
664
668
688
686
680
670
650
714
718
734
682
712
688
698
688
728
774
804
706
710
660
696
634
626
628
632
636
650
660
692
644
628
376
306
676
650
660
708
770
798
850
784
784
814
814
804
852
822
810
788
762
800
768
796
804
818
814
818
832
836
832
800
716
734
754
796
768
728
790
850
834
768
780
788
750
764
730
768
784
782
722
732
816
792
644
810
702
740
772
734
786
850
838
796
776
542
326
656
752
790
784
762
780
850
846
868
848
800
804
812
812
810
792
756
830
820
786
814
768
800
816
814
766
768
784
818
802
764
780
800
808
796
736
764
764
784
792
734
776
762
756
744
730
774
818
850
800
796
804
876
758
724
760
758
768
720
734
786
820
782
794
788
814
824
788
776
780
844
772
754
790
802
774
714
766
648
960
778
812
862
864
826
828
798
808
800
762
756
796
834
830
804
748
772
814
834
816
750
778
790
784
698
768
792
810
860
802
800
814
802
788
782
794
800
786
734
752
782
800
782
784
802
858
868
858
862
868
848
782
702
694
658
668
668
680
684
702
780
830
810
532
320
612
700
728
690
664
666
682
702
714
726
680
776
802
808
824
738
712
686
650
650
682
708
756
772
702
766
784
780
748
720
742
740
598
956
764
802
692
980
756
738
764
782
804
766
802
834
828
788
748
776
794
800
750
812
818
838
800
728
758
748
812
788
772
828
826
794
764
820
792
786
754
748
830
814
798
794
792
794
724
782
786
754
686
712
784
788
794
774
644
898
694
706
716
704
618
680
716
766
786
800
798
782
774
716
732
710
654
648
672
682
634
628
622
654
644
788
788
756
748
742
616
810
670
662
700
738
794
800
810
762
810
792
804
804
836
756
754
726
738
766
794
752
762
580
350
708
768
784
804
812
768
770
814
820
800
798
774
810
806
788
788
756
790
804
816
770
782
800
816
800
764
768
792
780
800
786
844
840
812
846
822
814
804
766
768
784
846
790
778
800
778
770
742
744
784
812
780
788
820
834
834
802
794
800
786
764
724
732
790
784
776
746
754
756
756
788
724
756
802
822
772
820
806
836
748
730
786
780
750
770
784
796
798
744
740
752
786
828
802
806
498
350
850
810
804
804
776
822
778
782
772
764
732
726
738
766
788
768
760
784
788
792
724
800
770
778
800
756
780
784
780
744
758
770
772
728
546
328
636
754
780
766
800
814
802
784
798
764
688
748
750
756
724
788
788
780
834
766
788
762
802
746
738
762
770
766
744
788
786
790
772
722
732
794
782
758
716
778
770
784
768
752
764
798
784
734
746
748
754
764
720
720
762
738
676
692
692
754
718
650
632
646
724
744
758
762
802
770
740
756
466
282
736
666
698
714
712
744
756
826
828
850
834
876
848
824
854
820
798
778
770
782
796
804
750
704
744
772
800
764
754
780
824
748
734
680
706
710
730
720
686
718
714
728
708
666
714
694
676
764
716
702
782
768
756
676
716
688
700
726
756
750
778
744
744
790
728
762
782
786
768
742
758
748
736
708
706
772
768
782
716
730
736
734
748
720
532
320
662
738
762
750
724
788
756
724
738
742
730
778
704
730
724
740
786
724
764
770
800
778
750
652
922
788
720
672
714
744
708
724
642
722
726
752
764
752
684
700
696
666
648
604
650
634
686
750
810
816
810
764
796
770
778
766
756
738
762
764
770
780
784
800
812
804
766
758
598
980
780
772
780
854
826
742
776
800
796
738
748
750
748
702
704
708
772
782
782
770
800
808
772
708
706
740
742
736
736
760
760
780
812
788
798
816
804
782
786
796
784
736
744
756
600
984
782
788
812
834
782
766
780
788
804
772
580
514
426
782
784
758
698
670
418
322
772
816
850
818
780
768
762
770
764
710
760
726
708
738
684
746
752
784
778
760
764
810
770
770
780
802
834
812
800
834
832
822
784
780
756
816
770
714
788
810
830
788
770
768
814
764
706
716
780
764
740
696
768
800
832
802
782
786
790
796
732
702
702
630
702
714
702
686
766
778
786
770
750
768
792
772
720
740
564
338
722
822
828
838
852
848
814
784
770
762
720
770
794
820
802
798
796
802
758
652
716
708
732
704
734
772
498
298
852
780
710
660
732
736
768
798
820
762
804
796
770
766
724
770
758
748
836
808
776
810
822
844
852
816
818
816
800
738
750
748
750
714
720
752
764
772
546
328
668
752
748
736
756
774
750
736
762
776
730
748
622
880
766
732
714
706
600
852
696
732
744
740
724
772
754
754
748
712
732
750
740
666
676
688
718
732
802
774
772
836
814
738
612
618
370
274
622
616
652
666
644
684
650
628
376
266
604
612
602
578
596
592
634
732
808
812
862
836
802
848
816
804
780
814
770
784
546
328
708
716
772
532
320
804
752
770
800
814
770
784
814
836
826
804
838
818
830
766
766
770
778
786
734
764
784
804
784
728
754
790
838
856
836
814
820
830
806
758
788
768
764
720
568
340
692
796
752
716
732
720
712
704
702
648
702
716
766
816
748
718
706
698
762
742
746
812
768
662
754
736
750
752
750
732
702
668
678
718
698
736
752
718
764
776
644
974
794
816
854
630
982
766
804
616
976
740
730
784
788
614
956
744
782
812
726
596
848
750
764
754
734
748
802
774
628
798
744
726
690
724
716
780
602
910
740
772
746
766
716
728
706
696
740
658
740
730
750
632
812
694
676
736
648
610
370
256
596
702
778
788
772
828
730
704
464
278
688
714
740
794
766
772
740
820
740
500
302
760
736
750
620
898
798
818
820
828
868
824
776
778
672
668
676
738
782
812
820
738
726
772
780
768
730
738
746
724
434
322
656
684
724
726
812
786
752
780
770
780
732
742
762
750
716
702
718
718
746
736
764
768
786
700
764
720
746
750
726
728
814
816
820
788
596
482
454
762
750
686
680
772
796
822
596
358
712
746
800
780
804
754
714
766
764
772
748
744
776
784
750
776
756
732
772
678
686
682
646
640
680
654
714
700
732
736
760
708
748
700
734
740
696
730
734
532
320
698
740
760
772
550
332
690
740
740
740
740
750
718
686
698
650
734
748
820
856
860
784
682
700
720
732
786
746
788
712
718
754
730
790
596
946
720
732
722
728
782
756
714
814
756
772
788
802
770
736
798
788
778
718
502
302
646
732
734
752
732
796
754
598
866
766
768
764
706
760
726
694
816
716
752
764
756
730
748
730
724
796
734
752
726
752
686
686
416
296
718
700
682
688
712
692
788
720
754
766
768
714
702
650
732
698
750
738
730
798
782
768
798
740
736
774
758
756
740
740
748
744
688
416
298
724
698
730
670
668
400
340
306
434
266
464
682
738
746
764
720
702
830
778
754
704
714
802
782
784
784
754
740
772
752
632
784
682
634
660
652
672
728
802
800
786
798
636
980
818
768
646
652
660
688
736
784
800
816
880
870
848
886
786
748
830
800
784
766
750
718
730
738
734
730
768
702
730
764
800
802
782
704
734
714
796
768
750
736
768
784
834
764
732
770
762
816
734
736
750
766
750
688
798
782
784
714
736
728
786
704
762
736
746
786
714
768
782
768
736
732
728
766
776
780
798
768
798
750
698
704
714
782
800
786
604
500
396
288
446
268
496
702
732
682
700
720
732
702
762
718
716
684
690
676
734
718
748
734
766
850
832
766
770
764
812
720
696
736
752
732
650
650
614
690
848
926
886
916
918
916
868
864
838
816
778
790
732
784
766
766
764
782
770
782
800
732
748
738
632
964
816
784
770
748
752
714
766
736
584
980
814
772
780
802
802
482
290
730
714
830
786
750
764
736
768
650
846
736
760
592
984
780
796
770
800
786
766
768
770
776
756
580
350
652
716
726
724
732
830
788
530
320
710
674
722
656
396
274
274
374
620
374
360
298
434
748
736
732
786
552
332
546
602
362
322
634
682
732
758
454
324
268
482
290
526
316
508
306
530
338
504
302
544
756
774
784
756
760
756
816
502
330
850
830
836
562
338
786
758
804
786
786
516
310
772
768
850
814
752
770
814
814
750
650
784
764
736
702
764
766
766
718
714
702
700
682
736
634
662
698
650
666
676
646
650
396
252
650
668
716
764
804
582
946
790
700
716
432
284
730
804
614
368
712
782
802
818
748
798
754
746
718
684
652
392
290
680
700
786
834
600
362
784
836
716
834
702
744
786
800
748
768
784
814
820
800
830
820
764
816
716
748
670
700
650
764
770
818
810
788
796
786
802
796
804
850
886
566
344
886
850
856
830
898
852
814
820
848
832
898
808
780
870
866
828
832
866
870
836
596
358
764
830
862
622
998
822
750
728
704
782
714
730
768
836
850
852
606
364
698
466
282
252
564
338
496
834
772
826
798
772
750
746
704
436
322
258
498
298
490
296
452
282
466
284
504
338
392
264
432
342
274
354
382
252
564
786
782
832
754
698
750
714
690
416
262
666
634
704
548
328
672
686
448
304
280
488
310
468
282
518
316
434
282
466
750
700
700
652
732
766
768
618
564
468
882
818
818
780
766
832
784
768
800
782
766
704
696
752
748
748
752
752
798
732
718
748
754
750
800
746
766
784
788
666
932
804
794
864
774
788
758
814
738
746
818
634
416
536
322
488
772
816
784
778
758
764
796
736
452
286
296
482
804
482
350
704
684
788
826
814
788
746
652
452
386
256
418
254
406
258
432
668
716
718
770
748
784
786
482
350
252
560
788
534
320
848
800
782
516
314
852
768
784
816
836
782
764
736
800
834
834
500
364
866
870
868
804
842
792
484
344
836
654
946
754
466
450
316
532
320
532
350
418
330
436
330
482
802
804
782
916
884
644
386
604
362
372
252
498
742
578
346
684
766
818
798
754
452
362
254
484
290
490
298
506
304
522
768
788
764
782
770
794
726
650
396
500
752
764
782
772
552
332
762
740
664
430
484
302
480
320
464
800
766
786
800
770
582
350
650
396
434
768
766
816
802
834
800
750
734
848
784
650
468
434
284
516
310
546
724
752
732
734
