674
900
900
900
793
697
739
740
697
782
821
731
845
827
827
801
759
740
802
4294902585
819
870
870
751
900
747
753
857
870
828
739
874
865
833
870
764
864
830
810
740
740
783
785
748
841
808
740
869
785
757
827
673
838
827
735
831
669
768
732
760
689
784
739
845
766
817
900
856
914
871
784
775
882
828
827
741
827
847
898
750
900
899
848
813
738
891
827
784
740
829
731
872
795
733
900
893
349
391
701
653
894
4294902634
128
886
964
903
900
896
904
888
884
862
871
909
877
698
909
902
888
912
900
895
827
805
768
784
784
828
793
716
891
872
828
872
736
850
805
745
876
829
696
785
785
788
828
714
769
731
838
872
832
758
898
901
901
900
876
829
829
697
742
785
784
920
737
901
891
909
879
832
780
785
790
734
806
684
833
677
872
626
902
4294902608
764
765
759
812
789
746
777
776
797
703
780
720
893
829
788
786
829
675
764
736
746
719
768
766
891
910
835
784
778
834
748
741
697
746
688
649
757
654
688
755
737
774
716
619
769
698
633
724
654
654
647
666
704
751
900
786
714
834
724
741
786
786
741
774
758
756
787
713
839
758
725
678
722
711
772
785
786
724
840
751
742
741
742
785
785
886
4294902503
77
785
830
729
854
758
729
784
773
837
741
778
785
761
900
837
663
807
693
786
712
779
858
763
901
888
913
879
785
736
737
683
680
746
741
742
771
808
691
872
833
836
760
890
786
724
710
664
655
741
829
829
672
899
881
841
770
742
784
781
868
799
698
742
786
741
768
894
882
864
829
731
900
845
757
786
823
878
840
771
880
830
873
4294902311
1064
735
903
897
828
839
732
872
699
789
785
756
903
873
873
897
808
742
824
747
787
741
775
756
776
838
663
865
786
749
783
717
853
742
742
742
746
793
734
368
280
835
665
689
666
647
698
742
655
699
740
764
855
873
917
955
900
895
876
786
829
814
888
912
794
830
877
799
856
873
962
909
900
899
1048
885
768
833
835
917
916
4294902295
1135
865
699
873
917
911
900
899
901
900
900
879
1073
933
848
767
1011
785
886
865
872
830
742
906
902
816
823
762
897
879
873
877
912
873
845
901
743
900
900
786
822
792
787
830
783
898
899
881
909
912
839
917
873
829
699
786
757
901
879
786
733
902
823
675
889
873
834
706
792
708
807
691
751
751
898
902
4294902709
55
810
836
785
694
705
698
834
873
874
955
923
917
856
802
748
786
716
682
742
693
902
899
902
890
1092
921
961
455
433
860
918
873
835
762
899
901
802
830
768
897
787
830
786
876
771
893
918
922
840
780
900
900
900
899
900
830
835
736
794
838
919
909
892
748
900
900
848
831
830
791
850
806
925
918
918
892
905
4294902635
844
900
787
716
781
700
700
787
874
857
879
938
918
831
733
841
831
730
850
836
869
875
875
795
827
876
869
831
794
903
900
900
844
892
901
832
848
783
900
885
831
835
744
902
804
874
875
744
838
822
925
721
897
782
705
705
655
621
647
832
756
900
822
850
875
743
908
885
805
827
785
900
842
875
832
751
870
708
692
4294902416
664
648
685
850
874
689
798
700
902
900
900
900
853
809
730
773
718
786
831
800
861
892
947
900
895
905
900
900
883
787
830
787
831
807
775
870
831
699
892
857
874
834
743
875
831
786
743
656
835
830
744
873
826
810
789
771
786
825
792
728
753
747
881
873
787
759
772
824
804
824
676
722
707
787
779
905
900
898
885
917
4294902496
1061
738
792
709
820
834
953
885
875
917
874
742
879
832
874
715
858
831
873
738
840
781
777
901
1038
912
928
874
748
869
787
879
743
786
737
881
912
907
899
898
890
830
756
773
827
726
900
901
1066
874
760
900
897
856
787
918
935
904
703
827
830
875
829
836
873
882
780
764
861
887
857
824
775
900
866
743
789
4294901900
1498
855
645
835
840
830
795
823
829
875
773
891
787
830
787
781
724
900
789
711
863
830
781
699
727
812
743
707
736
742
760
791
683
625
685
743
883
909
863
846
772
899
820
699
699
674
655
693
736
725
804
693
813
858
732
900
1034
830
699
703
743
787
904
897
401
376
685
718
699
699
712
700
704
725
741
748
744
743
737
661
751
701
649
368
239
749
4294902327
1005
743
840
733
878
622
777
787
742
694
840
918
830
699
875
742
723
674
792
800
782
734
782
837
789
699
685
758
742
900
899
741
760
858
830
712
818
842
963
909
875
918
830
878
745
743
777
884
787
731
892
1136
919
743
803
815
791
788
757
743
775
698
631
773
700
636
676
694
705
700
700
704
698
701
656
665
685
706
652
658
662
699
700
634
4294902394
626
628
631
657
611
613
568
613
1758
1796
299
437
663
693
704
720
683
739
678
679
655
657
699
834
766
897
903
891
1136
966
907
1099
968
933
900
1072
905
874
919
825
798
868
939
899
836
831
734
757
743
788
700
830
826
755
873
788
738
902
853
831
879
831
806
900
899
896
900
905
899
901
860
876
858
896
710
898
841
870
4294902662
814
911
883
870
837
869
894
904
914
843
786
790
785
794
788
743
876
877
838
880
869
874
784
902
897
880
919
876
920
907
844
836
832
876
813
894
906
894
906
890
1095
920
899
900
919
876
876
885
850
779
820
690
798
702
788
701
805
707
857
836
872
876
757
901
900
862
832
921
930
924
866
919
877
933
898
888
4294901954
1646
921
963
881
875
921
964
876
884
916
924
872
920
889
878
866
921
875
877
876
934
905
838
877
789
1008
797
872
876
877
832
877
766
900
900
900
900
898
877
883
762
770
789
834
787
900
899
881
877
834
877
884
874
774
900
900
891
833
798
778
840
876
790
877
817
854
876
834
833
803
863
807
727
708
701
4294902287
902
765
736
802
698
833
654
800
701
746
766
784
716
766
734
714
785
849
870
902
855
878
834
812
899
882
834
835
745
904
900
894
774
878
747
906
897
835
922
878
835
878
876
782
892
901
897
908
899
878
834
879
878
878
751
905
896
810
858
879
757
900
894
906
899
901
900
878
834
887
864
737
894
882
923
829
796
4294902592
22
828
869
747
912
889
913
888
832
885
835
747
790
697
753
706
791
774
895
835
873
826
773
878
831
831
879
781
900
870
879
844
864
742
794
703
845
703
792
834
730
828
672
762
659
785
792
883
861
857
879
878
966
880
859
858
781
846
835
878
931
870
740
1023
879
791
879
926
879
880
791
747
878
767
732
834
836
758
868
4294902633
795
884
914
888
810
817
787
900
816
753
801
781
747
899
902
884
835
880
791
751
761
734
747
791
791
736
895
835
873
697
848
835
815
801
805
879
801
816
889
795
893
865
758
825
836
736
903
870
572
307
844
695
879
795
835
792
747
748
698
665
749
794
879
923
704
904
900
881
792
792
835
836
835
848
777
886
918
900
996
804
4294902496
1028
910
880
781
901
900
896
835
879
837
733
722
760
867
923
924
923
900
1040
962
929
880
903
854
842
791
836
835
836
793
900
900
895
904
872
902
880
756
696
688
764
704
639
772
660
668
828
661
703
712
695
771
730
836
661
844
783
776
812
844
742
902
820
817
763
881
786
733
814
879
884
880
924
836
881
801
773
630
660
4294902420
714
864
899
898
854
923
924
881
924
895
913
880
890
914
880
889
919
926
879
836
880
778
810
792
749
903
900
900
899
891
880
836
748
793
871
843
738
835
854
924
880
845
870
553
371
842
826
890
841
836
836
919
931
918
846
924
924
881
754
742
757
738
714
700
753
876
924
885
836
776
896
836
787
781
817
788
793
4294902640
758
900
900
900
899
885
915
846
835
854
766
850
881
836
880
752
880
920
899
867
925
909
899
836
882
924
836
880
880
764
870
836
837
908
719
803
788
749
689
763
723
816
974
925
900
900
1066
924
880
925
880
881
884
749
880
924
1110
916
972
881
880
704
749
881
903
818
793
1100
924
881
988
864
882
836
880
4294902332
1043
899
767
900
900
900
891
845
877
880
837
770
898
898
872
837
881
850
764
900
897
903
886
880
880
825
847
887
792
837
882
835
747
878
845
749
793
837
857
732
611
666
573
616
793
793
759
900
898
881
792
729
768
709
745
778
767
655
678
868
753
2246
748
748
660
671
656
703
705
704
705
787
744
851
831
711
792
793
748
4294902472
110
635
660
661
617
616
661
639
682
664
712
643
841
631
703
749
788
788
841
749
705
705
793
867
721
919
843
836
837
782
895
837
881
881
836
929
924
845
774
891
881
925
841
880
925
882
835
925
928
876
798
804
870
831
828
780
900
893
1030
776
901
900
889
880
837
880
881
841
969
948
902
881
881
840
875
755
836
832
886
787
4294902495
899
799
703
707
792
885
880
838
836
762
834
739
766
779
782
804
793
787
894
789
882
880
881
787
903
897
852
832
798
821
898
796
705
881
837
837
743
843
797
762
779
715
821
755
749
752
793
749
750
761
736
660
704
754
793
719
734
777
809
691
810
793
705
692
762
793
745
802
791
904
771
732
809
797
749
714
739
794
798
800
700
790
4294902325
881
668
618
660
630
689
749
710
794
782
900
829
797
837
837
881
793
837
789
889
911
890
842
548
328
935
881
749
749
837
882
925
879
881
931
881
881
925
885
768
896
684
693
792
838
796
793
810
859
799
743
891
903
906
900
859
831
509
266
777
793
705
794
748
749
699
665
799
837
749
882
881
885
925
926
919
900
902
895
881
837
4294902369
241
869
837
802
762
816
884
838
749
915
901
900
900
900
1040
880
779
900
901
900
719
697
723
779
682
728
757
786
729
768
732
853
843
838
749
917
849
354
439
838
820
898
838
822
895
798
838
797
790
699
725
821
838
710
371
396
764
674
685
684
705
687
679
705
793
882
930
793
783
891
749
760
809
771
811
775
734
853
838
709
837
748
793
706
4294902392
117
749
805
741
793
706
841
789
705
674
741
698
711
662
610
711
617
723
779
882
881
881
890
859
755
761
793
837
838
793
778
900
837
793
770
800
721
841
763
774
799
699
799
700
758
882
764
900
1024
924
929
969
945
907
902
899
901
898
1029
926
969
498
445
867
926
942
900
889
911
1133
965
900
902
900
900
900
867
882
793
4294902685
713
886
769
720
705
705
699
715
786
771
865
893
801
817
766
648
610
624
615
573
705
783
900
876
882
925
836
749
705
665
660
618
660
625
667
690
744
798
754
744
886
882
880
938
916
880
920
900
868
815
777
704
733
736
699
668
900
895
881
808
716
900
831
669
751
749
837
652
803
837
752
794
837
788
843
655
754
748
768
731
797
845
874
783
4294902498
818
750
787
799
744
886
885
838
793
793
838
838
729
899
774
729
899
732
749
619
707
661
733
809
882
872
850
787
844
788
754
749
757
790
661
749
784
753
710
750
797
914
761
739
803
705
750
709
749
784
802
695
275
484
706
761
742
749
786
887
912
901
880
881
837
706
794
924
886
837
750
881
881
758
785
840
838
793
827
848
881
783
4294902700
1625
759
902
842
812
743
807
653
713
653
749
841
881
882
926
925
926
902
865
792
750
705
662
704
841
881
745
842
837
926
857
733
896
779
837
788
227
528
722
731
666
729
902
899
871
834
845
751
872
813
861
754
882
918
889
910
896
905
863
881
793
707
787
749
920
896
282
512
837
749
801
703
792
838
788
1057
1020
925
885
915
4294902496
1200
900
900
1083
969
948
899
1063
929
837
772
859
926
915
895
1059
969
925
794
838
820
859
801
740
899
1042
759
899
813
808
780
838
836
798
793
793
739
805
793
805
900
898
832
888
925
882
836
739
817
786
794
903
899
890
911
897
749
660
701
670
719
824
778
817
829
756
897
775
728
816
753
789
749
793
842
846
4294902628
880
882
848
801
874
794
899
864
889
878
881
837
882
925
876
760
881
926
882
881
925
915
896
1058
926
981
920
918
881
799
720
793
735
798
660
882
926
1102
969
929
905
902
1015
925
970
930
959
901
1048
926
964
802
756
743
750
837
925
949
900
843
883
837
836
798
881
881
794
705
723
688
797
832
1019
782
4294902829
868
899
882
699
711
705
716
766
726
661
661
674
692
617
617
705
969
900
1043
970
970
915
902
1051
970
923
927
927
885
916
901
900
897
1061
926
883
918
931
920
935
926
889
829
838
881
885
781
851
836
926
838
732
719
766
783
719
736
749
823
718
798
706
888
830
662
888
785
881
888
778
897
903
897
903
871
794
787
799
4294901947
698
964
851
785
838
882
831
733
814
799
794
909
898
841
661
706
704
656
667
652
714
701
846
654
896
830
793
781
766
793
764
734
750
693
717
709
661
749
679
685
716
652
603
591
662
661
761
705
649
661
691
733
739
776
855
794
748
820
771
792
706
748
838
881
894
752
901
895
881
807
715
900
799
703
837
795
749
721
693
705
661
661
617
617
743
751
4294902605
881
876
842
739
804
673
653
661
705
705
660
706
733
901
900
901
842
882
891
845
736
905
857
934
873
884
927
925
900
1083
963
954
1009
955
882
919
892
888
741
728
785
824
748
739
851
881
750
837
837
882
752
881
794
882
888
741
874
849
749
705
706
793
738
861
696
793
926
924
896
898
899
904
903
837
793
926
937
4294902678
825
1069
1028
903
893
1059
969
925
954
900
1059
837
793
750
761
814
676
837
882
926
880
927
928
876
799
749
904
859
886
836
882
925
926
837
751
883
861
770
699
712
792
836
728
732
669
697
705
812
869
873
799
749
914
795
803
717
741
832
843
837
732
840
660
851
843
837
900
907
886
919
755
265
485
749
756
742
797
838
770
4294902492
1009
794
748
666
617
702
840
837
871
915
951
953
898
881
920
879
717
749
750
807
900
1063
935
970
925
904
853
887
846
833
784
884
887
926
885
837
882
749
661
656
622
703
606
716
667
706
748
765
886
1438
661
662
660
661
618
699
670
794
650
892
793
705
