# R wave intervals in milliseconds per line
# start time: 2014-03-16-02:15:56, 1394950556.08
756
778
800
784
808
820
806
792
756
746
766
746
706
720
766
788
776
778
788
790
754
722
734
748
742
746
776
784
758
696
694
686
658
668
646
620
634
640
614
638
676
686
666
680
686
688
668
654
680
708
736
712
702
784
756
796
722
746
748
738
702
728
778
784
770
830
820
770
742
754
752
786
710
748
768
770
728
766
760
778
776
730
728
730
688
690
656
702
758
794
760
764
798
812
790
746
750
714
672
672
672
654
686
718
732
774
792
792
780
782
832
780
720
720
734
764
784
754
792
808
828
782
716
730
762
780
784
768
776
750
686
614
626
608
610
652
698
710
766
842
868
838
824
830
790
768
780
808
816
758
774
764
786
736
756
762
742
704
736
796
822
808
802
814
806
788
786
798
822
830
808
824
808
772
734
756
774
772
762
780
788
756
686
712
740
748
690
700
736
768
748
764
786
754
708
732
758
762
730
758
788
792
762
706
714
720
754
768
736
772
762
770
734
722
738
744
728
730
748
762
758
736
718
726
738
724
682
682
694
698
682
678
710
736
754
770
792
794
774
750
724
700
664
640
628
612
616
600
600
614
650
706
752
784
742
738
742
732
708
658
718
698
684
660
636
674
700
680
762
810
818
780
714
724
732
736
712
678
672
630
634
604
608
606
604
612
620
578
562
570
568
564
570
570
598
606
606
612
636
658
690
700
690
738
742
658
766
706
648
638
636
630
626
602
598
642
664
640
628
662
712
772
768
678
668
714
744
758
774
682
708
728
722
718
630
638
638
670
708
636
644
740
752
746
724
730
744
752
710
730
806
812
778
728
752
786
770
748
800
840
832
714
698
726
682
684
726
770
740
768
808
810
794
698
770
762
780
746
696
740
774
796
758
772
796
792
752
732
750
744
700
734
766
798
756
762
752
668
690
706
692
680
722
710
720
714
686
676
660
638
628
612
602
606
602
616
634
662
762
736
786
826
822
714
744
734
752
702
732
786
820
770
756
784
692
718
716
772
800
726
704
674
746
728
718
784
810
846
814
782
798
774
716
694
714
704
670
702
786
848
838
850
856
796
774
804
770
720
646
726
736
732
718
762
788
850
770
746
776
786
764
702
766
722
746
758
778
776
722
754
752
772
734
704
730
760
730
728
782
788
746
696
736
758
762
736
778
814
798
738
762
756
798
726
782
796
752
708
726
736
754
710
728
732
718
688
666
716
746
758
720
754
800
800
762
770
826
772
782
738
800
810
780
782
826
816
770
800
800
720
710
704
744
764
730
680
734
776
812
788
748
774
768
708
682
710
748
768
726
746
802
794
734
782
782
716
734
714
710
736
676
722
784
822
794
782
772
720
664
674
682
684
630
622
650
646
700
670
686
736
728
680
650
648
680
706
698
696
778
784
788
814
838
834
766
778
784
772
698
666
658
646
668
680
694
756
768
722
684
674
672
658
626
592
638
632
654
664
674
716
738
748
706
730
746
760
734
688
706
710
696
664
674
692
720
696
728
746
754
722
718
734
758
730
744
778
792
750
754
780
782
734
742
776
786
766
792
816
762
718
732
728
704
646
718
734
712
674
718
776
800
826
758
760
800
750
670
670
738
778
768
728
772
804
856
842
856
870
864
800
792
804
798
752
778
800
864
796
778
792
850
796
774
806
814
792
778
812
816
758
746
772
764
762
736
770
776
684
704
722
734
700
730
800
824
780
792
818
810
752
766
812
844
784
690
660
652
640
652
628
636
688
732
718
694
728
752
722
690
710
754
790
750
768
816
770
724
798
838
834
810
786
820
798
822
750
744
796
790
780
804
812
756
716
778
774
682
744
748
762
762
738
768
778
730
712
736
736
694
662
696
738
762
718
752
794
798
752
760
774
744
690
692
772
758
696
702
726
750
698
698
712
706
684
662
664
668
680
680
688
724
714
686
654
664
672
652
650
686
686
664
674
708
734
728
694
712
700
684
726
780
806
790
746
754
792
758
720
752
800
824
778
842
822
834
770
748
770
762
706
692
756
792
786
800
822
784
716
746
756
750
704
762
804
814
774
752
814
814
774
760
764
796
698
686
740
728
728
712
750
768
750
744
796
796
760
718
726
742
738
696
702
754
782
782
754
786
804
802
764
742
760
764
736
686
698
710
684
662
656
702
752
768
748
794
800
770
704
720
718
726
680
742
718
782
756
686
704
722
774
728
672
674
716
686
640
622
638
674
730
726
736
766
742
688
658
652
712
726
724
762
792
770
768
782
754
716
732
742
698
674
682
696
688
712
756
774
766
762
744
748
742
708
704
718
742
762
728
748
748
812
724
724
710
722
712
676
690
738
720
728
672
714
754
792
768
762
766
820
766
728
726
760
756
726
716
748
788
746
750
786
796
742
696
724
734
698
686
774
790
780
764
820
786
776
718
728
726
708
680
736
796
810
768
772
842
806
716
742
738
714
716
758
786
772
742
772
780
736
730
784
778
748
760
788
796
750
752
772
782
744
756
764
726
672
680
702
724
708
682
730
740
706
684
716
748
776
708
734
756
766
770
758
778
756
684
704
708
710
686
702
750
766
718
700
692
648
626
598
618
672
740
790
760
792
786
810
814
784
750
784
816
836
840
854
860
858
866
848
818
826
810
854
782
782
852
836
782
716
760
816
824
760
748
818
762
696
726
756
750
688
650
660
692
706
732
700
756
754
782
714
722
776
764
710
730
766
778
742
754
796
806
776
748
778
788
780
734
732
750
752
710
692
780
786
756
710
758
744
686
688
700
722
702
708
760
786
778
702
688
720
724
682
628
610
632
702
730
742
744
744
726
720
684
662
656
660
638
670
646
662
688
724
738
794
766
740
670
640
642
652
676
708
776
816
822
824
874
830
788
724
694
694
684
664
670
696
716
732
718
654
710
674
740
708
674
692
704
700
668
624
596
650
654
660
670
714
742
758
716
750
744
690
704
664
672
660
696
686
732
744
768
786
800
768
694
776
770
772
776
760
684
766
728
730
714
722
728
726
716
734
772
806
818
746
774
766
788
758
728
752
766
758
770
746
762
766
704
746
752
774
752
730
738
736
688
696
706
686
708
678
696
782
742
692
762
744
732
692
696
718
726
714
674
690
702
716
688
660
688
754
762
748
776
790
776
730
684
692
712
744
782
790
812
824
824
744
716
766
742
750
694
766
762
776
750
732
756
760
692
680
644
640
632
622
608
584
628
578
576
598
580
568
550
596
558
600
510
532
568
544
538
562
562
574
594
624
646
662
676
696
678
660
630
622
644
654
648
682
736
790
828
804
792
782
774
738
736
718
782
752
736
732
736
720
674
680
730
740
742
672
696
678
700
688
738
796
774
784
822
830
814
790
804
776
760
738
740
714
768
724
732
728
770
798
792
800
816
808
734
766
758
748
668
704
698
700
670
676
744
744
754
716
724
734
718
680
728
740
758
748
776
774
798
794
764
750
762
766
774
760
758
770
792
764
766
742
730
736
726
758
736
728
718
768
778
782
788
720
788
756
788
698
714
702
704
684
738
754
762
716
640
664
660
684
718
702
726
726
756
790
796
794
760
760
768
770
758
772
766
738
706
734
728
694
718
756
846
826
810
780
782
774
752
742
734
742
692
648
606
696
752
800
816
838
854
846
824
792
766
750
756
772
776
712
756
736
756
764
764
754
754
756
756
752
742
684
656
634
614
614
616
636
646
626
630
650
684
718
762
808
816
820
782
788
750
704
716
728
732
724
772
742
722
652
666
678
696
736
756
756
744
696
640
638
646
628
662
640
676
688
692
674
694
712
712
696
676
680
686
704
714
700
668
660
664
674
686
732
688
690
704
714
744
766
788
764
708
692
712
736
750
720
698
716
696
712
760
784
796
782
804
806
780
776
718
734
734
728
712
748
788
820
826
814
810
774
752
690
678
672
638
608
614
640
664
700
764
818
844
828
822
800
774
706
726
722
760
774
746
766
802
824
738
764
740
744
704
680
676
736
740
724
774
792
802
786
772
770
752
714
680
700
742
794
808
802
830
842
816
788
814
812
740
674
714
720
754
758
720
764
792
802
786
800
798
766
752
774
766
754
694
690
716
738
742
704
716
762
792
812
782
732
748
756
786
774
750
780
802
794
768
720
690
704
738
730
742
708
736
764
746
728
732
740
678
626
678
686
706
696
688
728
748
730
734
774
804
800
760
754
772
788
788
772
764
748
714
714
686
716
752
794
796
744
720
780
728
700
694
720
754
776
744
732
696
730
680
668
642
642
668
698
702
750
810
826
748
750
728
710
712
696
664
674
690
684
688
656
632
632
668
688
668
718
676
640
636
662
684
702
718
690
682
710
740
762
788
782
770
794
806
810
788
770
780
776
754
732
746
776
768
742
730
772
810
800
750
774
810
824
792
740
760
764
712
658
636
654
620
630
656
692
734
716
752
758
710
664
658
670
672
698
714
678
676
714
730
734
726
754
772
756
690
656
634
632
676
724
772
770
702
664
658
654
652
678
722
762
698
696
716
704
750
718
694
690
668
676
684
704
728
712
674
648
634
644
662
678
708
708
766
696
704
668
648
614
678
692
712
782
782
790
802
878
810
796
820
810
734
730
752
762
704
672
710
734
822
756
688
746
722
796
754
704
708
810
796
790
754
792
794
786
770
760
772
740
714
702
704
702
688
660
722
724
700
674
694
684
720
730
688
732
690
676
700
726
764
764
726
770
740
742
714
742
774
790
794
798
776
698
700
648
688
740
776
746
802
814
828
788
708
744
750
770
754
698
696
708
718
698
656
696
726
748
730
694
670
680
634
634
632
636
628
616
612
594
616
662
662
664
672
722
780
822
816
796
776
758
662
648
628
642
668
690
746
774
770
706
742
806
838
826
828
782
716
660
630
654
672
714
726
688
662
674
712
774
828
790
742
788
776
766
744
724
714
704
728
776
800
766
776
778
782
798
806
802
810
820
814
796
776
812
842
854
818
788
828
822
710
700
714
696
640
634
688
732
842
790
786
810
782
746
738
736
764
770
766
772
762
798
754
722
716
762
720
702
738
772
792
792
760
768
774
756
732
728
788
748
732
772
792
798
778
740
752
750
750
724
762
768
766
724
726
766
770
734
688
708
706
758
710
726
734
702
648
640
668
666
712
680
724
752
770
734
740
738
714
724
710
746
738
744
708
744
724
736
754
752
724
712
708
696
746
686
706
744
780
796
786
792
806
800
760
708
730
738
700
654
610
604
656
660
660
640
758
784
802
788
760
768
726
722
638
672
652
644
666
712
704
756
780
858
820
754
710
734
726
696
668
716
754
800
788
782
814
792
820
800
792
794
732
768
760
740
732
714
776
796
850
776
766
738
794
752
718
730
744
824
740
780
818
830
800
754
784
788
732
688
724
740
812
754
720
782
764
744
710
712
780
756
720
714
742
718
742
766
796
786
766
786
786
772
716
688
748
730
704
676
720
786
818
762
780
824
814
780
760
784
778
738
714
760
744
680
720
760
776
766
768
790
788
786
756
758
768
784
778
760
778
782
768
728
756
778
758
710
764
752
708
664
708
684
638
616
676
696
734
700
730
772
760
728
684
710
716
736
714
706
754
790
812
786
744
764
772
792
756
730
750
742
718
668
662
728
770
800
774
744
758
772
770
734
680
672
690
702
722
718
676
696
742
788
816
814
790
808
820
814
796
766
776
778
792
768
782
804
794
742
736
760
780
766
714
728
726
742
698
674
712
736
726
694
726
760
788
752
744
772
780
750
696
720
742
756
736
696
708
768
736
704
726
752
778
786
764
762
786
770
714
722
742
752
742
728
786
770
730
710
716
708
676
646
632
678
704
686
684
744
792
812
766
750
772
778
748
682
768
802
826
800
780
786
794
730
722
702
726
732
740
730
776
804
786
764
778
778
762
738
754
782
764
724
746
752
736
778
724
746
746
716
676
692
720
738
728
708
750
754
744
700
674
748
756
788
764
734
770
756
732
710
660
764
800
826
820
796
748
754
742
718
700
722
660
666
688
702
718
700
676
722
800
790
766
706
708
708
712
680
676
716
752
762
734
686
736
756
774
772
726
776
780
794
798
758
662
674
720
722
768
800
812
780
794
794
780
776
726
704
776
790
806
822
860
838
862
786
798
802
786
736
772
824
830
812
806
868
850
794
774
794
788
814
730
766
790
810
750
776
768
748
758
684
700
738
742
714
748
838
820
774
788
788
764
788
748
752
802
760
742
786
808
850
784
704
750
766
766
716
732
814
806
820
778
808
822
782
732
768
776
802
736
740
794
852
802
796
802
824
794
712
740
730
778
700
744
790
814
760
660
702
722
776
828
784
772
770
756
710
708
754
794
818
778
808
802
728
646
696
678
708
786
812
756
738
786
760
722
732
752
762
740
722
738
784
780
732
768
738
708
688
704
728
762
746
692
692
748
760
744
746
692
702
706
726
740
714
720
720
780
752
756
722
746
758
772
764
764
788
788
750
714
736
754
766
746
800
816
828
790
764
786
792
788
754
764
786
818
788
754
786
800
792
730
766
762
728
658
674
704
720
742
774
734
760
792
786
732
718
728
732
704
722
766
760
714
768
762
806
736
732
760
732
686
728
756
760
756
708
724
740
768
780
756
786
808
794
720
730
754
756
714
748
738
732
692
708
760
784
756
746
762
758
720
694
722
744
734
692
702
738
712
734
724
724
664
648
634
648
674
698
706
656
666
706
738
746
690
708
730
730
732
694
706
692
678
674
698
720
696
722
782
806
800
768
732
748
770
768
714
632
680
672
668
682
696
690
686
672
656
642
640
638
638
648
636
588
1162
698
520
618
720
732
726
718
730
734
728
684
692
662
674
714
732
788
820
806
814
764
758
702
664
656
640
630
616
620
614
624
640
660
700
704
702
694
690
702
690
674
642
666
654
648
630
632
630
632
600
630
624
622
594
600
614
646
696
710
654
730
750
768
720
746
762
760
710
732
740
724
724
738
736
674
686
712
734
744
706
726
746
756
726
724
748
746
698
684
692
702
724
710
672
698
724
768
748
692
716
752
748
708
716
708
698
732
680
630
636
644
652
668
656
654
678
684
624
632
646
634
720
676
642
700
650
670
634
630
660
640
642
634
692
670
624
620
666
628
624
632
672
640
690
694
724
722
710
650
650
658
648
628
624
610
648
606
660
642
642
634
668
672
730
716
810
808
792
704
758
738
740
752
676
624
684
678
680
734
684
736
784
780
718
670
656
650
626
654
640
686
712
726
696
686
680
670
634
646
668
664
630
622
658
678
672
812
826
854
806
732
698
722
742
772
776
728
716
692
690
670
672
688
720
744
790
694
630
684
684
740
732
692
648
718
738
742
740
730
694
700
708
710
670
624
682
674
684
674
646
648
668
718
724
702
730
742
762
760
700
708
716
720
718
678
704
726
720
732
684
766
766
704
700
752
778
768
678
724
698
764
734
696
704
694
668
696
630
672
726
790
788
738
816
816
770
670
664
746
736
770
676
734
742
748
698
722
752
736
678
648
642
618
614
604
634
662
654
690
738
760
796
824
824
794
770
728
748
716
684
672
694
694
700
628
612
650
626
608
590
586
592
632
672
702
706
688
732
648
614
628
692
714
700
714
756
848
824
754
700
772
772
770
722
730
786
758
708
666
746
752
708
656
720
736
750
690
674
702
744
702
670
644
670
700
724
680
704
724
728
696
700
732
754
730
736
752
760
736
722
748
750
758
702
728
734
718
716
732
766
770
728
734
740
750
724
702
686
700
704
686
690
744
772
762
698
706
710
708
678
634
650
668
684
692
646
658
682
716
762
738
690
724
724
714
678
644
666
640
670
648
628
638
710
710
686
692
738
776
786
728
724
748
764
736
676
688
700
700
672
640
670
692
674
644
650
684
706
694
674
718
742
726
674
702
708
708
672
660
692
736
778
744
750
780
748
674
706
728
746
700
676
718
734
740
666
660
722
734
766
744
716
754
750
742
728
698
720
742
758
748
704
732
738
710
698
664
668
604
600
618
576
614
570
630
644
698
740
708
714
710
740
688
644
658
668
664
684
656
658
704
742
764
736
702
742
756
732
672
688
710
712
784
692
738
772
780
778
726
670
724
698
662
630
646
666
706
704
694
752
818
836
806
776
778
766
718
716
752
788
790
708
714
762
742
684
688
738
734
654
628
670
682
664
658
686
736
752
728
712
730
736
724
690
676
642
616
666
646
636
696
740
778
794
788
794
772
774
694
702
700
702
682
718
784
812
784
766
842
814
732
732
718
744
754
694
696
716
754
752
692
720
752
778
724
694
738
762
726
752
780
800
740
688
746
732
702
726
718
774
796
782
748
752
748
740
688
700
712
696
666
698
740
780
796
780
784
784
722
696
748
696
708
740
768
766
740
766
754
724
648
698
710
728
700
682
700
672
630
624
642
664
682
684
752
790
818
788
778
790
778
722
700
672
660
660
704
736
686
726
688
728
662
674
694
704
698
698
738
752
756
684
658
686
702
738
738
746
778
784
758
714
734
744
732
692
700
732
764
768
738
762
768
754
684
684
714
716
712
720
738
748
734
692
698
714
714
696
644
634
652
676
704
740
726
718
744
736
710
686
706
728
744
744
718
734
726
692
648
678
694
716
758
744
828
838
838
758
756
762
754
676
694
686
712
734
748
692
690
704
682
628
588
628
642
672
674
650
658
682
680
654
672
690
696
696
660
668
672
688
660
622
696
656
656
674
708
720
680
682
704
704
702
676
624
660
680
710
730
734
694
702
716
704
662
644
674
692
708
728
720
704
742
764
758
742
730
736
744
734
692
692
752
728
716
680
680
732
704
678
670
700
722
738
698
672
690
706
692
672
702
720
706
678
676
698
710
720
694
690
718
732
738
696
694
704
704
670
674
726
690
668
694
694
748
694
712
734
730
718
684
712
720
722
710
674
706
710
720
710
684
700
710
702
686
662
690
726
746
708
648
656
682
704
706
692
664
686
700
700
682
648
646
688
710
758
746
724
756
750
750
702
656
678
688
708
712
678
708
722
712
710
648
680
708
734
740
696
704
736
732
734
718
646
648
668
686
706
732
728
684
684
720
700
682
698
718
732
710
724
734
712
658
650
688
698
680
624
636
660
684
692
676
714
752
766
720
692
676
650
662
640
608
636
642
650
680
702
684
720
742
750
726
682
676
690
662
684
634
624
670
682
684
702
756
822
838
830
786
746
752
722
674
690
682
692
682
680
700
780
802
732
728
748
800
750
718
704
762
736
686
708
750
730
730
732
744
740
736
670
708
712
680
652
694
704
772
732
738
754
722
690
652
676
640
700
706
660
722
740
766
750
774
736
784
796
784
766
780
776
748
714
754
776
800
702
746
758
782
768
716
732
740
746
716
708
742
768
784
756
742
766
772
694
706
736
724
764
704
726
784
792
782
716
740
740
748
700
732
718
752
768
786
792
806
802
796
764
776
776
756
710
734
764
784
770
716
746
752
734
684
710
724
734
690
686
728
766
780
706
736
742
738
698
684
696
680
654
632
660
694
700
668
698
776
788
806
788
788
796
784
762
746
740
716
762
724
738
756
772
724
740
728
754
730
672
716
732
744
694
662
702
722
710
686
712
746
768
766
744
766
772
750
714
726
724
704
650
680
714
716
694
706
780
786
734
738
766
762
724
674
700
710
716
718
726
726
712
744
678
650
694
682
698
678
672
714
734
708
648
662
686
700
720
692
686
708
708
730
718
714
758
768
764
734
672
694
720
726
754
696
742
772
776
722
716
734
736
696
692
732
736
726
702
732
752
758
758
710
734
758
760
754
718
714
734
746
730
694
720
722
666
640
682
716
750
750
692
714
736
730
680
650
666
672
664
662
668
626
664
686
714
728
688
648
694
660
618
638
672
692
730
716
764
722
762
696
744
692
722
696
684
678
692
682
688
664
682
668
656
654
676
696
680
702
742
736
730
684
700
716
704
664
692
718
750
728
714
756
778
788
758
726
730
736
740
710
626
648
558
694
692
670
690
716
742
758
760
754
756
718
728
686
738
726
710
714
736
762
774
786
792
800
810
822
816
786
768
724
756
716
716
700
684
702
710
722
716
702
742
758
746
690
694
702
696
656
696
726
726
754
760
820
828
814
778
798
810
748
722
776
816
830
764
790
810
794
746
752
780
802
782
760
782
786
734
720
798
808
796
736
806
802
806
728
712
736
750
736
750
812
810
770
734
750
770
742
780
770
776
724
716
678
748
712
688
692
744
660
706
660
708
650
644
658
650
670
628
660
680
678
658
688
706
786
716
658
666
700
672
664
654
692
722
750
764
712
690
726
710
688
722
756
774
792
838
752
762
776
794
764
720
742
760
776
732
756
772
770
708
768
802
798
736
720
718
778
804
766
762
802
794
730
778
786
722
726
746
750
702
678
676
708
720
678
684
680
732
774
740
778
752
746
804
758
720
724
762
790
882
808
804
800
862
768
756
764
736
696
754
782
770
764
812
834
778
804
824
804
708
704
734
762
730
716
764
760
732
772
818
822
762
762
786
796
750
758
760
720
672
708
760
804
756
778
790
852
774
836
816
818
764
768
782
812
766
798
778
742
668
668
764
812
800
778
816
888
850
802
826
812
828
762
776
792
750
700
732
738
728
694
762
744
708
700
678
650
678
688
690
648
656
706
688
682
676
718
750
776
764
778
790
784
684
718
716
720
672
684
668
694
762
744
738
788
824
730
716
720
714
670
650
648
670
644
708
724
806
774
730
724
728
696
720
760
782
756
766
786
760
752
780
756
702
706
744
780
758
786
756
758
792
778
762
778
782
724
704
748
792
776
768
778
818
816
720
744
742
702
698
766
754
700
714
772
774
768
708
750
778
732
712
742
782
742
684
768
756
706
674
720
748
754
702
760
788
786
760
784
814
768
774
802
824
796
796
818
830
788
770
776
806
826
800
784
816
822
824
746
784
816
824
786
796
808
778
738
762
784
736
704
710
718
748
678
734
756
726
726
790
818
788
804
842
798
800
772
744
726
654
692
690
738
702
738
748
718
644
714
702
682
640
638
630
628
692
668
752
760
812
796
840
836
752
750
734
724
684
640
638
694
668
640
652
672
712
692
744
782
752
704
754
740
704
652
670
634
624
674
638
664
714
730
734
742
764
744
732
708
728
660
652
656
674
650
636
612
602
600
596
578
566
590
562
598
568
568
620
588
568
556
606
592
584
594
600
606
602
600
606
614
608
594
598
610
636
668
702
686
642
666
664
670
716
792
812
800
786
726
692
708
722
706
764
732
680
718
702
702
700
704
682
712
646
660
670
682
714
718
668
686
706
726
690
644
654
704
660
636
636
646
666
686
710
680
674
698
692
740
686
674
686
690
672
644
652
666
684
686
664
690
662
678
664
650
696
632
602
630
592
592
612
620
624
666
700
738
750
756
750
724
710
684
670
644
672
682
654
628
648
700
736
752
756
762
740
714
708
690
694
656
616
692
682
692
654
636
650
652
734
674
704
716
798
744
682
698
698
676
632
614
620
654
650
632
698
686
682
652
646
628
620
592
596
608
648
692
756
756
820
776
712
722
676
708
594
588
606
618
650
684
650
618
626
608
648
636
674
710
772
832
732
712
764
762
766
716
722
740
732
736
730
688
658
704
680
780
740
740
828
796
720
678
726
708
702
654
630
668
692
704
744
606
738
716
784
744
756
744
788
696
634
652
638
624
626
600
1394
1104
662
564
584
612
646
694
806
794
756
706
770
756
718
784
774
774
760
686
636
658
646
636
664
706
708
702
686
666
648
616
618
644
652
644
674
714
772
768
754
710
666
656
702
668
640
642
656
668
628
628
652
670
652
642
664
670
676
644
620
638
646
660
648
628
646
672
678
644
624
650
702
636
638
638
634
620
604
598
580
576
570
552
534
552
572
618
696
686
718
754
816
854
874
872
820
788
746
752
750
746
748
704
648
634
620
614
606
610
610
654
700
696
656
650
658
664
652
626
622
618
618
620
612
602
618
620
604
586
598
612
626
612
592
606
608
622
636
628
636
636
620
606
600
598
588
588
574
2146
1288
1124
674
624
588
624
594
588
836
538
# end time: 2014-03-16-03:20:23, 1394954423.76
