# R wave intervals in milliseconds per line
# start time: 2014-06-14-22:38:05, 1402799885.05
632
656
648
692
692
718
712
768
712
788
768
748
654
808
704
664
626
676
684
862
888
934
618
824
824
844
800
770
714
734
690
708
634
774
558
674
748
716
682
728
758
768
726
750
730
758
812
832
622
626
756
814
820
746
918
716
784
784
796
770
798
884
880
884
852
784
808
796
798
852
840
782
760
752
728
798
722
752
798
816
780
786
748
816
800
764
718
744
760
852
796
814
848
856
784
786
774
816
738
750
816
606
708
792
854
858
784
786
776
824
764
784
810
834
820
834
780
818
818
738
712
784
766
714
714
688
722
726
784
750
700
684
736
716
698
652
670
680
764
766
716
772
758
790
774
730
730
714
704
658
634
654
648
692
606
652
682
712
786
810
740
744
728
692
754
698
796
720
742
734
700
638
668
682
720
720
696
714
678
700
720
722
682
680
636
716
726
722
708
742
686
634
634
632
710
726
780
752
732
798
772
786
742
682
710
702
718
714
688
670
668
728
720
724
680
622
640
622
612
588
676
724
800
852
832
776
836
802
846
702
654
682
716
828
820
796
858
852
898
614
708
648
784
846
816
820
810
790
880
786
776
804
832
788
798
870
830
816
754
764
766
766
784
832
840
812
846
834
816
720
712
716
702
666
672
664
732
684
648
704
718
726
744
786
656
720
754
700
640
718
670
726
650
674
682
702
700
676
780
788
798
518
540
612
626
686
652
660
756
766
766
736
750
622
650
690
730
700
798
504
606
650
570
610
812
836
858
810
798
800
796
804
742
794
800
832
818
814
850
804
520
590
750
798
722
514
758
722
784
798
784
788
778
806
674
736
734
734
580
656
628
792
792
864
818
818
568
676
664
730
650
600
628
646
676
698
652
608
606
634
590
654
644
676
634
690
636
640
744
628
622
632
654
634
662
670
662
576
588
624
616
710
788
756
718
694
800
654
662
670
664
644
726
718
648
554
626
646
590
690
708
838
828
766
716
734
744
734
740
664
738
710
688
712
738
708
688
776
508
780
768
546
738
682
682
652
682
694
666
726
810
812
840
794
804
834
768
874
768
738
726
746
772
778
702
644
658
662
700
606
626
682
652
602
666
698
736
742
718
636
610
642
662
666
656
696
616
508
786
730
800
806
778
716
718
728
688
700
696
726
724
686
750
764
730
672
698
748
716
668
644
658
610
586
634
716
688
748
750
714
716
684
692
586
656
586
650
660
592
604
610
664
694
700
732
706
768
806
742
748
642
656
590
674
702
702
798
732
770
794
658
678
638
706
706
688
762
676
676
678
722
756
744
678
668
664
640
694
672
660
684
680
668
720
702
718
728
754
794
720
560
602
734
778
706
730
764
506
642
774
668
762
722
718
746
682
720
676
758
696
722
750
652
644
646
696
762
746
744
778
762
664
698
682
534
530
634
694
704
670
616
632
600
706
716
728
768
766
766
736
728
696
704
698
644
660
536
682
730
784
700
780
736
724
678
682
732
682
756
670
648
668
664
684
716
616
868
732
684
840
616
604
618
596
704
682
702
750
700
668
614
616
634
666
678
644
638
662
556
804
644
774
592
636
646
668
700
650
666
620
600
664
682
662
660
510
758
758
762
506
514
616
632
652
634
700
682
650
634
666
634
582
700
596
602
664
684
670
704
706
658
710
636
600
618
610
612
628
648
636
600
798
614
638
618
646
716
756
804
764
696
636
846
666
698
688
664
616
618
634
692
636
768
774
756
664
672
830
732
726
664
808
674
680
688
668
746
788
746
732
766
798
798
702
700
542
724
700
722
694
768
748
816
700
750
738
764
664
764
742
922
596
652
652
698
716
746
736
698
800
760
792
810
766
704
734
716
696
714
636
716
678
686
718
698
918
832
782
502
570
698
698
672
596
664
632
618
638
644
720
742
772
682
698
684
716
730
738
732
748
698
666
718
638
594
638
680
696
636
734
702
648
650
604
642
612
620
618
666
664
682
670
698
716
738
678
634
704
660
670
648
630
586
664
698
658
644
684
702
730
736
708
638
714
714
740
750
632
680
656
632
686
688
740
760
684
700
718
700
732
600
650
628
616
604
684
732
750
702
720
666
712
714
706
662
664
690
744
734
734
534
528
642
634
708
754
650
696
724
746
600
632
714
700
728
700
602
664
684
684
670
646
682
718
732
732
684
700
734
768
748
670
650
628
666
682
820
746
666
764
590
628
630
560
646
666
690
762
688
734
610
688
722
508
780
756
730
752
768
696
736
770
774
756
734
736
742
662
652
682
724
816
770
758
752
750
766
526
702
816
798
816
774
794
864
818
828
774
894
858
844
886
814
830
788
758
702
648
692
608
806
782
674
534
786
780
754
774
756
784
694
744
780
816
802
780
798
502
630
688
616
740
744
710
658
766
766
834
720
924
752
746
752
788
550
690
842
690
530
556
786
798
684
502
622
714
516
756
690
806
804
818
748
818
804
802
842
754
762
594
552
780
750
800
800
800
748
820
550
584
698
736
696
516
756
710
720
692
736
758
696
608
626
664
746
724
770
730
746
720
686
730
650
598
674
658
684
722
730
752
730
718
744
588
836
710
718
734
782
752
720
716
734
714
654
744
722
718
778
736
684
636
696
690
678
702
680
784
752
748
716
624
712
648
618
668
678
640
696
684
682
702
670
722
724
752
682
738
746
714
650
666
704
682
710
688
702
750
532
614
712
728
766
628
614
652
668
650
714
622
610
606
666
652
684
700
712
756
754
694
654
662
660
674
682
586
614
654
694
722
706
768
732
762
738
668
648
708
722
710
646
772
792
788
726
754
728
770
678
736
720
768
662
640
684
706
710
684
670
730
728
706
686
758
746
694
688
630
664
636
652
680
692
660
724
562
616
652
700
650
620
716
700
646
652
720
648
898
752
734
732
782
766
702
698
700
718
716
666
668
700
800
782
770
748
754
764
734
650
662
654
632
614
584
622
660
686
700
800
784
750
666
736
684
694
688
638
646
650
634
618
712
664
672
720
794
730
684
740
584
666
658
646
862
698
630
648
610
652
690
556
684
682
590
744
740
730
714
750
720
742
642
882
630
682
706
688
756
516
760
804
788
742
790
526
582
664
646
630
792
624
648
804
846
846
804
848
856
828
768
714
724
690
590
716
718
794
788
734
828
830
592
628
676
718
782
734
698
666
668
750
510
768
840
866
534
620
548
594
726
546
800
728
708
758
524
610
516
770
546
602
502
514
618
716
516
784
504
586
808
642
530
818
532
620
790
700
510
522
622
514
786
520
600
742
574
770
744
720
702
678
632
688
510
750
688
736
730
748
652
706
712
754
712
688
728
774
742
636
698
718
736
780
752
692
722
754
730
720
680
718
666
634
652
668
730
718
668
648
672
698
670
730
646
668
652
652
636
616
672
622
586
596
620
520
630
612
620
594
660
634
602
546
584
816
736
668
644
668
652
650
630
644
708
506
562
698
664
658
684
656
666
612
622
594
650
604
658
608
620
650
638
620
644
644
608
622
618
600
622
578
630
656
632
648
552
680
652
698
668
662
640
634
856
630
636
642
690
706
720
650
734
706
728
718
736
646
646
654
652
612
710
512
614
682
634
726
622
702
522
586
614
584
714
702
730
676
680
694
762
772
708
690
668
668
686
702
780
730
670
786
582
868
660
688
666
682
650
662
648
672
714
716
688
698
704
516
764
718
796
820
782
722
702
628
522
732
664
678
720
524
700
644
734
602
882
714
686
732
732
706
620
726
716
798
696
664
732
760
748
666
702
712
706
670
642
718
734
656
628
736
746
768
696
722
882
716
618
664
686
686
684
682
682
718
730
668
728
554
750
632
708
736
620
666
680
702
678
682
704
858
592
706
638
582
700
696
708
678
716
718
732
714
848
716
616
714
686
696
702
590
744
756
780
720
554
734
668
708
672
622
648
744
736
702
714
702
682
766
706
666
714
754
714
704
646
734
750
750
700
730
768
714
630
772
688
744
744
744
708
896
596
518
716
722
762
782
656
698
718
776
702
732
824
810
514
668
656
708
754
674
702
718
720
680
596
644
672
638
700
632
616
564
604
688
546
582
604
764
834
752
834
810
800
830
770
788
604
510
738
702
742
770
766
834
768
744
782
722
768
738
754
740
714
754
714
632
666
664
688
734
714
744
694
736
746
714
746
724
516
724
630
636
652
652
696
752
726
674
728
718
722
606
886
684
670
762
738
758
586
814
658
798
614
596
750
656
660
636
652
648
650
634
632
714
716
760
736
692
764
770
716
658
656
640
712
736
884
832
848
902
868
788
712
766
782
802
818
766
796
676
638
640
684
682
668
748
818
776
676
668
712
722
730
672
678
650
700
702
716
730
626
628
668
616
698
668
618
702
664
768
696
684
734
732
736
682
652
698
702
658
722
718
734
682
650
604
666
666
662
620
660
610
616
830
626
642
720
668
650
650
614
620
822
662
674
682
730
736
732
688
692
656
704
716
746
586
850
682
682
634
650
636
706
738
782
770
832
846
802
786
782
770
814
666
700
588
688
784
722
760
792
702
696
668
666
652
874
598
712
700
780
748
706
718
516
752
530
586
654
544
802
764
688
684
710
722
782
792
756
818
816
756
506
708
726
800
754
580
870
684
718
690
750
734
730
670
702
696
700
718
670
796
684
898
648
636
702
662
640
678
684
684
714
686
700
650
720
624
606
620
602
684
660
736
618
638
664
652
730
736
640
716
714
734
702
712
688
702
860
534
646
650
672
710
716
668
700
668
874
552
670
680
668
604
874
600
614
608
514
564
572
596
540
516
518
604
664
736
700
864
852
852
748
818
800
786
714
534
710
600
588
650
716
770
752
796
754
584
808
698
780
836
734
730
672
648
748
748
788
816
868
604
516
672
608
652
668
764
772
792
518
516
630
780
526
796
770
700
728
690
732
782
762
758
750
844
786
766
682
784
766
822
776
784
570
754
706
760
748
768
564
684
546
728
722
736
664
702
744
752
738
712
702
728
738
748
674
712
688
512
564
722
778
702
772
714
684
744
700
750
650
766
620
632
546
752
564
768
816
798
750
636
722
614
724
714
694
696
622
696
770
632
744
706
584
652
698
718
712
718
844
614
524
748
688
694
718
738
778
720
716
702
726
816
826
844
784
766
782
752
716
684
782
764
732
538
658
732
772
788
716
700
664
668
648
700
534
702
634
666
666
648
600
568
618
616
666
800
690
526
762
752
720
716
712
636
662
650
638
698
712
688
616
912
784
758
812
748
748
654
696
646
606
664
654
636
762
784
812
802
774
776
734
686
750
700
732
760
752
722
768
778
786
748
716
716
768
750
750
800
828
820
748
856
768
778
732
718
550
566
666
702
738
728
686
746
750
700
668
732
588
646
670
710
650
750
770
690
636
706
674
742
784
696
778
760
714
506
710
710
706
670
722
630
612
700
698
698
656
630
718
770
708
714
696
694
684
682
686
752
730
700
734
736
698
650
618
638
592
634
620
614
624
660
616
616
600
586
598
586
650
646
684
666
632
602
636
630
650
634
664
702
798
720
766
786
814
750
744
522
582
674
690
758
790
612
690
732
716
922
648
690
550
664
732
534
562
562
606
556
566
602
562
570
546
658
516
596
816
514
504
654
598
662
604
638
696
782
770
764
766
650
674
624
604
712
652
632
604
616
622
734
700
642
628
688
746
702
686
764
750
540
876
684
720
660
670
706
734
680
742
542
718
664
702
958
720
612
664
620
620
668
860
600
622
632
662
674
592
702
652
666
702
682
640
628
666
630
622
594
608
608
660
680
732
666
682
716
902
564
772
714
666
668
732
634
676
744
804
830
872
544
718
828
566
696
822
606
774
502
770
746
704
714
654
612
684
506
564
776
754
514
786
748
700
716
666
636
632
736
732
730
756
794
762
624
796
502
564
620
534
750
592
626
620
532
714
544
608
716
564
820
732
714
516
784
836
930
884
918
846
770
752
720
622
758
604
682
746
794
728
770
802
800
798
772
762
750
700
736
552
516
518
700
798
788
796
702
684
682
700
698
734
734
732
680
702
764
738
514
622
640
738
700
668
728
722
744
704
732
782
524
606
726
542
802
528
602
748
584
784
816
884
866
566
728
778
648
548
642
692
662
636
612
600
636
766
796
788
522
606
554
830
770
762
752
698
716
754
568
600
732
778
756
714
682
702
782
816
766
782
820
816
750
728
722
780
798
802
812
786
732
786
796
848
850
816
834
864
884
834
848
802
700
746
752
670
810
850
518
826
834
882
866
816
832
836
780
766
766
736
698
700
764
736
712
784
768
798
766
786
862
844
756
752
746
716
670
748
550
764
866
582
602
800
682
900
540
626
748
784
716
772
666
698
648
696
656
662
600
648
652
682
832
600
502
780
698
732
702
668
698
748
766
532
588
700
696
692
660
694
502
754
796
704
728
702
728
636
688
716
734
744
718
718
698
686
682
600
634
664
682
688
502
584
762
794
754
772
642
670
664
682
748
638
696
746
706
774
678
742
676
664
650
616
666
748
750
748
724
690
670
700
694
644
630
634
668
682
632
652
698
716
652
664
698
670
716
638
614
682
666
632
570
594
574
732
580
604
632
644
634
670
728
730
608
702
568
722
684
642
630
602
714
520
748
672
750
914
754
732
750
748
732
718
778
624
548
780
766
752
766
734
518
580
732
622
662
724
648
528
702
684
734
750
750
704
698
712
654
648
698
502
570
780
516
714
752
802
548
584
684
694
706
746
656
746
736
502
780
736
764
788
782
746
732
786
686
648
702
684
762
720
652
702
666
762
548
582
754
802
730
746
660
666
656
626
692
704
654
652
614
616
618
652
740
660
650
648
696
754
752
666
716
600
648
616
550
516
552
734
620
618
600
564
586
614
602
660
582
580
654
634
622
630
614
616
606
628
638
678
768
784
752
786
798
784
806
752
758
694
690
722
750
750
646
682
672
702
784
808
724
684
690
700
710
658
734
654
646
686
610
620
622
616
644
648
616
644
590
734
730
802
752
752
694
622
832
634
634
654
510
752
644
690
748
752
# end time: 2014-06-14-23:14:17, 1402802057.54
