# R wave intervals in milliseconds per line
# start time: 2014-03-16-04:01:01, 1394956861.72
512
646
610
598
622
626
640
604
596
650
666
704
644
644
662
676
660
606
620
646
670
656
610
648
678
700
666
676
706
704
690
638
640
662
690
712
660
708
732
744
714
660
688
696
718
702
662
678
668
716
708
716
738
760
798
802
762
754
732
650
626
626
644
686
686
660
722
746
766
706
740
762
750
722
742
724
694
644
650
662
686
686
646
674
672
692
652
654
668
684
666
626
658
682
688
674
660
704
722
720
668
674
644
640
644
666
708
666
660
684
718
758
772
708
704
724
720
754
690
666
700
716
740
700
698
780
760
702
674
714
738
764
716
738
762
774
738
716
740
754
746
692
716
732
740
688
684
720
756
756
724
768
784
742
692
736
754
734
686
762
766
726
686
708
736
772
726
688
726
696
704
690
678
642
642
638
584
584
648
602
616
586
570
572
590
586
606
682
746
816
800
720
750
774
718
736
762
782
798
752
718
730
722
710
700
734
752
788
758
746
772
790
720
666
690
704
720
686
748
788
838
848
790
788
794
782
732
732
746
732
678
654
672
660
648
662
656
624
658
684
714
670
646
684
694
718
684
698
738
756
740
680
702
732
756
784
746
752
768
780
742
730
758
768
770
710
736
762
756
690
692
726
752
756
740
776
798
788
688
694
698
674
636
632
668
712
756
734
776
802
824
782
778
772
752
704
686
720
764
786
750
794
820
752
702
742
788
814
798
736
736
734
702
670
708
732
712
776
818
818
732
742
756
742
688
696
732
762
738
700
738
748
738
700
738
764
754
676
690
678
650
640
616
602
584
592
572
582
580
600
574
562
554
566
604
676
710
818
850
876
840
834
848
836
790
760
764
740
674
670
676
696
698
684
706
722
714
708
702
698
724
730
710
702
684
688
676
662
624
604
608
614
612
618
648
694
750
718
742
720
750
766
724
696
704
708
694
686
706
700
710
682
698
706
698
686
666
712
700
652
626
634
626
622
644
644
632
616
638
648
640
638
620
636
648
664
656
642
660
674
682
660
648
666
628
632
610
612
626
592
612
622
628
608
588
606
626
652
624
606
610
624
668
722
728
724
746
702
704
732
746
724
724
718
704
718
694
680
686
686
670
652
648
640
638
634
626
640
638
664
624
630
638
640
638
606
584
592
614
626
652
618
592
652
652
648
626
626
664
696
744
708
724
734
730
688
698
734
766
736
694
738
766
754
692
714
750
768
722
688
746
772
742
674
686
716
732
688
676
726
750
728
670
694
712
708
682
704
770
814
800
782
808
788
688
700
704
718
682
672
722
770
814
768
696
726
746
714
746
772
776
728
706
730
734
722
686
694
706
738
742
690
716
730
754
736
694
716
742
740
696
704
722
722
676
686
714
726
704
696
738
764
718
690
722
728
682
694
722
708
662
676
688
696
660
658
694
724
714
708
734
748
716
664
684
702
712
682
668
702
666
656
614
664
700
746
734
730
772
792
798
734
692
718
724
722
684
680
712
732
776
742
766
794
794
734
666
694
712
724
694
726
776
792
720
738
714
728
700
732
780
796
772
696
724
756
762
726
742
758
778
704
744
768
750
688
714
732
730
698
724
752
734
692
720
724
704
680
696
712
722
692
688
714
718
688
684
720
762
744
718
754
744
688
668
692
702
708
660
662
680
656
630
618
656
704
770
766
712
748
748
748
784
806
778
718
666
704
700
716
722
694
718
776
838
842
808
786
776
756
716
668
686
722
750
756
712
742
736
690
638
660
660
686
662
642
722
758
798
736
750
776
766
710
696
734
756
768
712
744
784
760
714
668
718
742
732
692
732
766
764
704
696
732
748
738
672
706
722
734
696
726
744
740
692
674
706
724
700
698
726
738
690
654
740
734
700
716
742
774
750
694
718
730
732
702
650
670
688
684
706
686
652
674
698
712
720
# end time: 2014-03-16-04:10:54, 1394957454.25
