# R wave intervals in milliseconds per line
# start time: 2014-04-08-15:45:59, 1396986359.54
# Ran with high intensity, Recording seemed faulty with many false beats
666
586
566
768
532
634
618
618
630
668
600
602
646
636
648
652
582
652
598
586
650
602
630
584
634
582
602
620
548
698
632
554
648
634
636
614
636
614
602
650
596
700
602
630
618
636
650
652
628
618
634
632
650
618
600
652
582
566
650
670
530
652
634
666
632
632
600
618
634
614
636
648
634
586
632
634
666
582
616
618
732
566
652
552
664
682
550
636
632
632
618
550
632
618
614
602
564
650
634
586
600
614
634
568
616
600
598
618
648
536
598
652
566
584
602
598
582
602
598
504
732
576
582
568
640
530
532
620
548
548
616
584
602
670
578
582
604
604
610
588
580
616
586
600
584
600
614
600
584
600
600
600
602
600
630
602
630
602
616
634
618
616
614
618
600
636
598
616
634
632
632
618
616
636
632
616
616
602
630
620
584
634
618
646
614
618
604
632
634
616
604
612
602
614
602
598
606
578
566
584
598
600
586
598
588
630
632
602
600
616
600
634
600
604
594
590
644
588
616
600
614
616
618
602
600
616
630
602
616
600
616
618
652
568
600
604
612
584
584
602
600
612
586
628
614
584
636
618
596
602
588
634
578
600
654
562
590
562
596
604
618
596
566
602
598
584
600
638
564
602
564
548
598
572
598
582
600
600
586
614
602
614
584
616
602
598
600
566
602
600
632
566
594
508
584
620
534
616
550
600
600
604
584
614
586
704
570
604
626
582
594
578
630
582
570
602
566
702
728
550
584
566
602
602
612
634
568
600
614
616
638
598
634
582
568
614
600
584
570
598
598
600
634
630
604
618
618
632
628
614
604
648
604
630
608
610
634
618
630
616
606
670
608
570
614
614
606
646
568
622
610
620
614
602
632
632
618
598
618
614
616
604
582
616
612
622
598
598
598
586
634
620
630
602
600
616
618
612
572
612
606
580
600
598
600
662
596
640
612
654
650
600
582
634
600
602
612
584
618
614
594
610
596
602
632
600
598
600
618
636
610
618
616
632
600
636
598
604
630
614
588
618
594
618
620
614
618
612
634
616
624
596
630
616
624
548
624
558
628
582
592
614
596
616
582
600
584
600
602
578
574
608
554
582
574
574
588
582
618
550
550
610
586
586
612
570
568
596
654
546
536
578
572
582
582
584
596
592
610
616
604
616
596
600
600
586
600
598
602
598
584
602
612
618
600
602
614
616
634
614
590
612
616
618
630
600
568
634
618
610
588
650
1802
1130
680
520
534
554
598
532
546
566
554
596
538
562
566
566
566
568
568
614
602
600
598
570
582
614
598
586
600
600
586
594
572
614
586
594
588
630
582
616
568
596
634
602
602
628
618
604
630
584
584
598
604
578
568
568
582
584
588
612
598
602
630
634
618
598
620
634
616
614
616
600
616
618
600
598
602
616
600
602
614
616
604
612
590
614
596
600
568
598
588
614
566
582
586
612
602
584
598
584
602
600
566
534
664
724
694
588
594
522
660
554
610
550
604
584
600
602
552
598
586
600
550
576
588
604
578
552
550
552
552
566
546
568
566
550
550
598
550
522
664
518
606
508
582
570
542
608
836
520
590
554
550
682
570
548
614
570
564
618
558
624
536
636
564
614
570
616
582
568
616
634
566
580
656
538
576
532
580
556
598
574
596
614
584
566
634
554
552
596
568
586
614
546
586
556
598
598
560
590
532
546
588
598
568
634
516
650
550
586
550
564
620
626
554
582
606
532
618
528
568
532
556
596
614
550
618
650
604
628
566
738
504
564
548
532
682
562
590
542
572
582
592
608
600
656
580
714
722
584
596
586
582
602
600
600
596
624
596
626
604
598
618
600
622
612
566
620
636
564
566
604
602
604
590
600
618
600
600
596
636
600
618
580
556
584
600
596
590
578
616
582
598
602
616
600
582
574
582
630
570
602
602
578
580
552
584
564
570
612
600
590
578
602
630
618
616
616
584
620
626
620
582
600
584
632
610
576
634
554
596
568
598
578
590
596
606
616
610
604
590
640
602
598
600
636
582
602
580
620
602
562
602
628
570
570
588
602
572
584
554
598
580
572
548
600
598
586
604
598
610
592
626
584
598
602
600
620
564
594
522
572
546
552
552
562
572
576
554
548
584
608
576
578
586
616
606
616
600
644
590
598
612
606
598
592
572
600
624
608
566
584
586
632
620
554
588
538
838
736
530
558
856
712
536
534
536
516
586
512
870
526
576
542
544
710
742
534
572
550
528
554
582
576
588
574
604
624
636
618
630
634
648
588
644
568
600
604
598
574
566
556
550
564
586
582
568
582
600
622
612
580
602
586
602
602
596
572
560
616
582
586
584
600
630
618
596
608
614
612
632
572
598
614
600
602
618
562
552
592
598
596
566
536
584
560
654
532
784
548
586
548
588
504
524
604
552
548
610
504
568
550
614
734
800
636
504
502
772
550
728
572
780
752
564
520
568
780
700
534
566
784
718
570
524
554
616
616
604
614
602
612
586
644
556
692
502
590
546
602
564
572
568
578
556
578
554
582
578
582
602
598
618
616
616
618
630
584
560
602
568
624
576
600
602
566
566
570
602
570
568
610
566
584
584
600
596
600
564
608
562
598
588
544
556
612
578
588
564
582
570
600
582
576
590
600
574
588
576
566
566
544
586
582
568
588
614
614
636
598
582
598
602
600
574
560
582
568
566
552
552
590
568
574
598
566
600
604
622
540
604
600
528
568
768
532
550
570
562
638
644
638
664
620
646
586
684
548
536
600
614
652
584
616
632
638
574
700
526
632
580
630
536
596
588
568
614
670
574
626
542
536
598
588
614
564
582
596
596
606
584
642
558
610
576
566
600
590
548
580
564
618
602
598
614
618
618
634
620
630
596
622
564
600
534
550
554
578
586
578
602
604
598
648
618
616
618
568
614
634
600
600
586
598
600
602
598
600
580
602
732
632
552
636
618
580
592
610
566
666
680
550
556
582
564
582
600
598
640
566
630
604
598
618
582
612
606
612
604
620
614
618
632
646
618
614
616
640
598
582
628
586
600
618
614
656
552
580
568
616
578
558
564
562
536
602
546
606
548
614
536
532
600
564
566
608
558
584
570
580
554
586
576
568
582
552
604
596
584
568
580
602
586
582
596
598
584
632
564
640
616
582
596
590
566
598
574
530
528
558
560
532
536
598
596
588
550
564
538
580
996
598
518
568
812
752
568
750
720
568
946
534
548
548
566
570
544
556
546
550
532
584
552
520
582
512
570
950
592
638
998
568
562
600
788
514
520
516
618
550
510
534
566
584
686
534
564
566
608
610
582
568
678
514
636
502
564
518
534
572
734
546
552
598
648
634
652
644
634
600
570
598
622
510
560
812
512
532
570
560
568
568
566
552
566
564
590
552
550
508
556
526
506
514
536
562
530
536
602
536
546
584
514
626
590
542
686
586
708
562
532
570
564
600
568
600
566
584
546
538
580
534
566
566
534
534
568
526
572
532
564
568
536
580
564
558
546
600
568
564
568
570
564
564
566
532
546
568
536
552
584
566
564
552
596
568
650
516
514
704
998
598
770
552
762
646
518
514
504
680
632
520
842
922
932
964
964
868
620
570
714
530
538
702
530
516
782
716
530
966
518
518
586
516
528
568
540
526
532
546
522
598
782
702
552
538
512
516
532
520
804
740
530
590
512
584
784
702
512
530
522
514
522
536
562
844
726
546
512
566
512
594
814
514
564
506
558
550
552
534
600
536
600
534
544
670
614
526
534
588
532
562
556
534
552
568
534
562
578
536
516
600
548
534
568
568
570
640
560
528
534
602
528
600
548
534
554
532
582
536
552
518
556
588
716
594
774
506
572
602
666
554
568
782
512
538
544
536
530
534
548
592
508
556
548
584
532
530
566
540
580
530
536
574
526
746
534
666
528
710
536
574
562
590
552
592
556
560
570
596
572
568
636
532
620
522
580
548
562
600
574
610
534
548
574
586
526
676
536
604
538
576
506
590
504
596
540
650
702
516
600
530
586
518
530
516
586
548
524
564
538
576
546
548
526
628
504
530
584
518
510
560
532
516
534
532
516
816
524
542
580
586
596
572
582
598
592
624
552
564
584
582
550
566
568
548
598
568
552
584
516
572
542
570
548
536
576
514
562
748
534
532
516
588
510
504
552
546
554
578
538
606
560
568
548
584
562
536
586
550
516
568
798
514
506
560
522
538
600
532
524
584
548
594
542
586
516
586
530
520
550
568
514
566
534
550
734
548
508
810
518
598
550
752
650
518
584
786
542
560
702
552
784
502
566
514
588
542
542
628
608
626
584
592
594
576
568
640
562
534
568
602
532
536
586
548
588
514
598
538
524
538
564
546
534
572
966
602
646
502
962
966
516
504
536
502
532
568
534
812
534
506
530
552
544
540
642
732
582
782
702
534
966
502
554
536
568
568
568
600
562
822
512
564
522
708
514
586
514
588
734
586
784
506
510
558
538
574
526
510
556
534
532
516
566
534
586
536
600
736
586
516
584
526
534
560
570
546
604
540
510
620
516
820
750
566
534
596
568
598
566
568
652
528
802
534
572
564
700
536
528
556
546
530
574
538
568
608
560
536
586
568
582
550
584
536
520
630
552
530
548
550
550
580
568
548
602
584
584
620
574
592
582
572
566
564
582
698
518
554
564
556
546
552
558
554
564
542
790
518
530
566
538
584
550
588
560
604
548
558
592
596
572
596
538
716
684
562
558
528
570
514
536
532
562
562
544
548
526
644
578
520
568
792
506
558
556
752
562
508
582
530
548
566
658
778
592
510
546
668
710
556
536
528
554
518
570
788
506
556
748
566
514
602
998
552
564
552
552
550
598
534
518
584
578
536
574
540
578
508
860
744
626
506
560
608
582
596
656
550
530
598
536
564
534
552
576
540
560
538
516
584
552
548
552
550
554
568
554
570
554
578
584
572
596
2052
1304
790
554
546
546
554
548
586
540
542
572
560
574
592
568
550
640
556
704
534
518
568
802
548
600
594
610
634
626
598
580
534
568
600
552
548
568
532
538
534
602
518
580
546
562
600
516
586
550
548
604
530
572
510
560
516
570
522
596
538
544
602
620
582
532
568
570
602
530
590
744
550
798
524
570
676
550
598
548
606
530
580
590
748
580
554
528
570
544
566
538
600
600
600
598
606
624
578
616
576
626
546
594
548
586
548
586
538
548
554
578
564
558
560
566
560
592
544
582
572
548
588
544
624
780
508
622
508
526
622
516
520
592
548
666
708
558
530
576
546
552
568
566
576
556
566
564
564
536
574
562
530
586
514
608
508
586
538
608
552
534
568
548
586
580
566
580
572
620
512
578
524
542
556
590
516
616
530
584
518
582
528
604
514
600
966
606
562
552
582
564
568
598
568
616
556
594
582
582
622
558
660
768
562
552
554
628
542
574
640
556
534
632
558
560
604
542
642
564
518
562
604
548
586
548
516
598
582
568
568
552
568
562
562
552
586
718
524
558
522
586
524
518
536
656
548
584
844
532
582
552
534
566
548
554
588
506
606
544
578
600
544
562
566
606
582
534
586
582
604
532
584
526
590
546
670
734
532
584
578
564
602
548
570
552
582
582
558
600
514
586
528
658
504
740
518
596
512
602
708
506
568
504
546
554
560
586
550
552
586
518
598
514
514
594
860
732
636
748
524
608
528
584
520
536
668
732
524
564
580
564
570
570
604
608
534
584
514
546
570
544
556
788
736
510
550
564
592
562
602
576
588
604
618
546
588
586
508
556
580
566
552
582
536
586
512
602
528
570
776
506
514
560
692
566
548
602
558
592
574
558
536
628
560
660
862
522
552
586
544
580
658
556
658
606
594
520
566
546
552
562
570
588
564
586
630
656
558
568
622
588
602
560
582
584
558
574
588
560
658
546
516
658
514
602
560
566
550
654
562
510
604
572
594
558
566
548
608
576
538
658
566
542
880
502
604
702
548
634
746
554
554
596
568
668
564
600
582
604
582
538
608
588
566
668
512
602
560
556
608
550
608
592
582
548
592
562
580
552
608
556
510
558
606
508
606
532
586
610
618
632
600
604
598
544
660
600
716
608
606
570
544
570
574
530
572
772
626
512
572
528
568
550
534
584
534
580
536
578
510
516
596
608
580
584
582
588
664
562
524
594
568
548
598
552
586
672
748
618
514
572
544
616
518
586
556
544
616
538
566
564
600
564
552
568
560
640
532
580
538
598
582
554
506
606
572
536
568
596
556
530
632
532
578
524
534
568
596
522
564
540
546
566
580
552
582
598
512
598
530
582
532
532
572
540
576
532
658
966
580
566
620
518
746
536
676
706
568
542
556
556
564
574
558
598
574
598
576
570
540
594
566
506
550
532
538
798
564
514
598
554
586
626
656
658
504
556
604
598
566
552
556
584
582
554
612
746
698
514
604
534
566
518
598
566
618
588
596
618
730
534
656
656
778
604
562
586
572
606
538
574
606
566
554
602
596
600
582
580
676
504
564
548
506
616
598
504
606
606
606
516
698
556
592
580
606
548
582
584
602
506
554
658
606
558
618
592
524
566
586
584
618
568
568
614
600
584
618
562
568
586
604
564
572
598
584
612
560
560
600
582
570
536
664
512
520
564
550
548
548
556
572
560
590
552
582
630
552
584
550
550
614
552
598
542
628
520
538
588
604
584
602
578
582
598
554
602
534
550
534
580
570
506
570
508
752
562
550
634
632
624
632
568
884
596
590
596
568
578
620
584
598
578
572
580
652
550
582
570
566
566
566
548
550
520
558
558
550
562
584
600
588
634
566
602
584
548
584
600
596
568
566
544
578
514
620
506
520
568
568
596
640
600
654
664
582
582
602
546
554
592
588
590
576
602
518
618
534
602
600
562
558
634
576
534
590
528
628
554
580
568
568
584
570
578
572
568
578
672
542
536
582
578
572
596
588
620
564
566
602
598
598
588
602
614
598
568
584
580
582
566
574
582
582
600
598
584
584
598
572
602
560
568
584
582
554
584
534
578
552
550
598
586
604
562
570
598
602
598
578
560
562
596
574
618
530
582
564
538
584
536
600
568
564
572
568
592
586
566
568
596
556
632
544
536
568
568
568
562
570
670
590
552
598
586
600
564
600
572
582
592
610
536
596
550
586
552
560
582
582
586
580
582
586
604
568
596
570
582
556
598
576
562
562
608
566
568
606
586
548
570
564
538
568
562
566
564
556
604
562
554
600
530
584
588
548
568
562
554
576
570
550
550
566
602
516
534
550
548
538
586
512
560
508
534
566
574
576
580
554
584
582
536
574
528
534
580
566
584
570
586
614
586
662
586
524
624
552
578
576
630
560
572
574
654
566
580
554
596
568
578
600
574
608
554
590
602
534
568
584
610
624
586
612
600
634
588
640
518
606
732
586
616
558
606
594
674
560
550
582
592
594
572
614
580
638
546
514
566
550
592
544
586
534
584
504
580
526
574
524
594
506
544
566
566
660
604
600
570
632
616
616
568
518
602
582
576
570
704
612
622
550
648
586
618
652
608
572
596
550
534
592
590
582
602
566
592
592
584
572
612
602
694
574
612
598
570
614
608
546
582
546
586
532
508
556
540
572
542
656
562
652
608
626
602
618
532
572
544
518
602
518
524
570
534
572
664
600
586
616
614
604
684
652
664
732
592
652
584
620
548
586
560
568
604
566
570
576
594
592
632
624
594
582
618
540
672
508
584
562
568
602
566
550
600
548
582
548
552
584
548
584
604
516
586
510
570
532
572
518
524
554
566
584
516
568
530
550
584
536
584
544
564
574
602
560
552
600
586
604
554
582
582
610
564
540
562
602
564
548
554
568
602
552
578
544
560
532
550
552
534
532
620
508
564
596
624
596
616
648
654
578
652
586
606
530
616
520
530
616
602
564
586
596
668
602
578
618
634
618
598
584
568
618
582
566
584
570
616
576
604
618
564
564
574
614
582
604
560
564
604
588
582
616
568
578
592
610
552
646
586
546
560
594
536
580
544
642
734
558
556
536
588
562
564
566
598
540
518
578
556
574
618
552
552
574
574
586
582
566
586
584
602
614
630
620
584
584
596
586
598
586
580
580
626
556
572
600
584
586
584
612
582
584
554
582
558
628
576
556
596
586
614
610
556
506
656
558
554
578
550
544
536
574
564
514
538
576
522
564
538
562
554
576
554
566
550
570
580
570
598
570
600
564
604
548
548
562
568
536
532
562
538
534
590
544
502
568
618
552
530
580
554
584
638
546
516
596
558
614
578
568
620
596
604
694
536
600
584
602
582
602
684
796
538
570
626
632
522
612
568
628
568
592
544
584
552
584
566
568
654
562
566
648
566
550
604
548
584
558
582
612
564
582
570
606
608
598
584
568
592
602
590
584
530
592
548
664
718
578
584
656
658
638
650
656
646
650
632
588
596
602
580
598
574
598
550
564
582
552
564
584
586
568
546
586
596
584
592
612
570
578
600
570
598
566
566
568
546
584
540
530
578
572
600
614
636
630
652
584
618
570
644
570
546
536
600
602
582
652
628
502
606
512
520
568
526
550
634
702
720
662
618
632
620
650
620
608
566
580
576
580
584
588
544
580
590
580
646
590
602
596
600
600
588
636
588
558
598
550
566
582
570
568
568
582
594
570
590
586
558
604
516
566
626
538
514
554
588
566
560
572
600
646
604
634
698
670
660
614
628
612
600
616
586
576
556
564
570
600
596
636
584
650
620
630
668
652
600
620
602
612
596
572
580
590
596
584
568
572
592
598
590
610
604
656
612
646
568
616
566
686
582
584
566
586
532
550
536
532
550
538
580
532
618
624
678
696
632
652
618
682
560
708
518
570
530
622
510
582
590
620
514
558
576
612
590
566
846
552
578
572
606
608
608
630
632
634
658
640
640
630
598
608
584
698
566
602
578
610
712
666
554
574
570
600
566
534
582
554
582
580
556
572
594
520
596
532
584
552
564
584
598
618
632
660
610
588
640
606
568
586
578
568
600
534
602
560
556
572
578
608
610
584
582
600
586
582
586
566
562
566
588
580
566
592
548
556
572
584
612
554
574
582
594
570
602
568
552
580
562
560
598
532
520
552
554
564
578
584
618
598
582
608
620
544
520
598
570
598
612
608
658
652
652
618
622
628
598
554
664
586
564
568
586
568
582
582
570
562
604
798
738
562
532
554
600
712
724
698
700
650
668
600
616
640
596
604
612
602
608
604
654
536
546
600
572
566
580
568
584
552
598
550
598
546
614
512
548
588
554
590
552
578
576
530
564
556
516
566
604
514
546
552
588
546
548
582
570
756
716
550
580
570
574
584
584
586
550
604
564
584
584
552
618
598
614
556
678
538
574
540
636
564
582
552
614
532
518
672
544
536
592
586
602
612
590
578
638
554
584
544
600
580
656
548
602
546
536
596
598
570
580
584
602
558
564
576
564
568
550
588
592
586
548
662
528
588
550
602
550
536
534
612
514
578
534
582
536
610
710
740
656
606
648
532
554
610
540
554
512
650
538
544
536
582
536
564
630
608
560
564
608
518
582
620
528
584
536
584
628
520
618
608
606
606
776
632
612
654
602
634
720
714
604
576
554
562
590
546
532
598
590
656
624
616
600
598
636
636
532
582
582
598
600
624
862
608
600
584
600
660
564
548
592
586
578
596
614
618
586
606
598
600
624
598
578
568
590
596
572
560
584
550
614
566
538
580
554
610
544
578
558
572
576
540
562
538
548
620
746
622
764
530
586
580
570
578
586
550
586
606
566
600
530
670
534
564
548
588
578
564
570
562
582
644
622
684
624
608
514
642
504
560
600
518
556
580
538
582
544
592
514
576
586
582
584
614
570
538
516
596
582
586
548
584
606
548
548
572
574
566
558
580
568
580
550
568
582
570
600
526
556
578
574
566
582
564
558
552
602
560
596
552
530
654
548
842
526
594
752
534
600
582
538
594
616
600
602
584
564
586
670
528
588
542
536
584
582
584
570
566
560
586
566
618
552
548
616
564
588
584
610
602
582
552
588
546
552
548
550
528
550
526
570
544
598
532
536
580
582
582
536
564
558
598
564
560
554
560
604
570
582
624
558
554
560
604
562
554
586
574
592
558
550
554
566
568
566
564
608
578
570
576
608
564
550
656
774
594
550
540
582
598
618
602
584
604
576
574
596
564
554
566
614
586
550
564
634
534
580
586
536
566
554
662
552
600
566
566
580
586
568
582
540
606
550
526
562
550
600
566
586
598
602
582
582
566
584
600
568
570
564
552
562
568
548
548
698
740
508
574
608
638
582
584
586
716
514
568
518
586
534
544
558
542
584
532
532
568
620
634
616
632
584
600
600
614
700
796
528
514
596
570
546
604
594
538
584
606
582
600
582
694
584
548
598
552
580
688
704
560
534
566
566
612
572
532
584
566
648
606
664
632
568
770
812
536
566
584
666
524
670
542
580
534
646
580
552
582
572
602
580
550
584
564
634
748
658
796
532
584
548
586
528
536
582
570
520
594
556
564
582
564
552
600
544
506
656
742
606
506
524
608
512
532
582
598
554
548
566
582
518
618
518
514
554
530
518
534
532
584
802
748
604
512
768
600
750
580
652
686
528
560
728
534
562
552
534
536
550
582
534
584
782
534
582
552
616
552
598
600
550
580
616
536
578
586
564
582
568
606
550
548
568
514
538
530
546
538
550
590
526
534
566
568
736
710
746
726
518
530
522
570
550
560
572
614
602
600
546
570
584
592
540
532
538
566
550
566
608
620
608
596
606
608
606
580
564
568
566
638
562
842
564
592
588
624
602
676
628
584
634
630
568
550
584
546
520
584
706
568
600
600
596
568
572
530
530
584
572
528
576
536
506
766
548
584
600
650
636
618
568
638
530
730
566
520
520
610
566
590
514
576
540
550
556
576
562
544
530
592
528
564
504
542
572
600
578
576
614
614
584
574
616
636
638
558
614
602
586
538
610
550
552
528
572
544
556
560
584
568
584
652
618
634
600
598
594
568
524
512
720
570
614
596
618
630
622
634
632
566
608
634
580
616
598
608
610
602
600
582
596
576
610
568
584
582
588
632
872
748
534
534
816
504
538
530
586
570
616
506
612
620
586
538
576
552
582
566
568
534
550
550
546
560
582
618
560
658
564
644
670
554
632
596
628
560
616
584
586
600
612
586
596
704
564
604
612
584
632
570
550
586
598
738
740
570
568
620
634
546
564
616
588
692
574
622
614
584
614
582
598
604
592
556
592
548
576
584
630
650
672
606
600
592
522
618
612
544
618
618
722
510
620
630
648
620
636
630
632
566
622
594
586
618
582
580
570
594
588
600
570
594
600
606
612
588
598
620
608
544
624
582
556
610
566
574
594
632
616
590
596
636
604
616
566
562
608
508
616
554
580
564
550
584
614
642
632
624
634
610
608
668
618
580
562
586
606
618
610
584
618
614
618
518
700
598
614
604
588
582
616
550
560
614
542
614
566
602
564
592
574
600
602
586
576
602
598
588
614
600
600
600
586
596
598
572
580
624
578
604
578
552
614
600
624
544
522
592
570
608
558
546
568
586
568
616
558
554
586
596
640
528
588
562
570
592
604
598
570
608
590
586
598
556
608
604
582
566
596
586
600
586
566
600
582
600
596
584
550
604
584
584
580
568
586
594
606
558
654
534
582
584
582
568
564
566
552
554
548
594
556
568
646
598
670
912
516
602
506
562
566
650
550
520
588
592
616
566
584
570
614
594
628
544
616
600
556
576
600
570
566
604
614
610
608
586
602
530
684
756
530
582
504
608
580
582
536
598
594
634
526
602
598
586
694
548
610
642
612
664
508
644
550
556
532
570
620
614
564
620
630
664
610
638
690
646
518
532
536
542
556
634
608
618
610
664
658
626
600
602
612
618
612
586
550
546
540
572
574
584
586
646
620
616
634
800
634
550
648
504
616
564
650
636
582
636
504
626
620
650
616
552
580
638
596
620
562
608
646
652
680
640
666
628
650
678
654
684
558
652
654
630
670
638
676
636
582
616
792
622
648
636
644
654
630
654
598
582
598
600
644
706
564
580
648
618
626
580
600
754
540
608
566
650
600
650
686
716
602
632
604
644
636
600
618
634
630
714
620
650
698
788
614
636
652
682
636
630
600
618
668
616
620
618
666
686
648
630
634
650
638
530
746
568
614
632
570
582
544
602
616
636
616
614
632
622
630
568
690
584
518
598
598
604
730
620
666
634
598
664
638
632
606
628
608
628
614
610
582
640
582
602
614
632
638
600
648
602
616
632
602
634
548
660
606
618
596
710
566
594
620
600
582
600
616
586
640
564
564
622
598
614
586
632
600
620
564
584
600
568
582
578
588
600
574
630
580
630
606
584
582
552
604
524
552
594
554
592
552
532
684
546
516
582
534
572
600
730
538
532
520
548
816
746
564
552
588
600
616
598
596
600
616
586
564
570
820
720
568
780
504
550
516
584
796
554
516
516
700
534
696
534
518
630
702
738
830
868
750
800
684
620
530
548
518
588
534
564
582
618
650
536
798
654
830
772
528
504
612
588
562
546
570
566
584
588
628
624
680
668
666
604
590
576
544
650
582
590
598
600
604
600
630
634
570
646
600
618
602
628
572
582
620
604
598
584
614
612
606
614
616
584
616
610
524
652
502
646
600
602
602
664
650
654
664
632
668
652
602
600
648
600
582
602
630
586
582
600
604
614
586
692
598
586
844
734
564
546
572
550
600
568
618
616
664
616
600
600
618
634
632
634
632
602
656
628
570
602
594
602
632
650
672
664
630
572
646
592
646
600
616
572
560
600
618
580
590
612
586
570
630
634
602
614
518
568
580
538
536
546
502
548
550
534
518
532
530
536
538
548
586
530
536
564
540
578
562
570
536
650
502
554
566
568
594
568
584
582
598
608
576
590
598
616
584
620
564
606
560
638
506
520
602
570
584
600
664
638
594
604
566
520
664
532
504
512
520
514
518
668
784
648
902
752
828
502
620
530
772
734
666
698
766
540
630
516
814
818
784
768
718
620
630
616
586
644
620
648
620
618
602
648
630
550
904
580
586
600
568
560
552
594
606
624
560
550
610
576
628
602
598
614
616
628
562
570
594
590
618
682
562
656
630
638
562
602
598
568
682
568
632
634
752
680
668
616
620
650
648
634
616
602
630
584
592
624
616
616
620
730
614
616
634
632
616
626
546
568
616
648
620
616
730
714
630
556
586
514
582
648
582
618
602
714
620
636
600
612
612
600
618
580
686
564
566
618
610
636
650
650
586
630
598
604
634
598
536
600
610
614
616
604
632
614
656
622
622
600
568
602
586
568
626
570
582
576
610
562
582
610
690
556
550
598
548
550
616
580
566
558
622
508
702
554
586
586
564
600
600
602
592
584
554
586
546
538
526
624
550
628
568
604
560
584
584
656
580
604
624
536
574
528
616
620
614
632
598
666
558
584
610
550
570
664
660
714
734
696
658
660
590
670
550
548
666
536
644
650
618
632
616
650
668
682
616
636
632
618
766
586
570
596
632
598
586
632
584
570
624
642
702
650
812
606
676
632
600
650
538
580
608
564
644
758
594
670
762
620
680
616
602
710
626
518
692
638
652
678
536
650
618
648
618
698
628
654
638
622
626
602
618
650
616
534
586
732
564
636
648
702
738
580
796
632
586
616
552
632
600
650
612
658
630
664
616
606
596
582
584
552
752
522
594
518
598
582
620
582
568
616
588
696
588
532
576
570
674
668
572
604
662
620
584
650
600
616
616
568
666
616
586
630
632
620
600
598
666
650
584
636
598
838
558
622
534
598
600
602
632
634
584
622
636
666
632
616
620
628
636
572
610
792
604
596
650
612
606
610
632
636
600
606
596
600
628
604
598
568
600
600
650
618
600
636
630
600
652
632
586
530
602
534
582
552
602
606
542
584
682
568
616
636
632
666
666
640
596
600
582
598
620
830
628
628
644
696
674
676
650
618
602
600
650
612
616
570
566
604
626
650
664
622
598
632
622
598
598
618
568
532
572
614
532
528
586
604
584
612
622
618
594
582
620
582
620
628
536
574
512
570
582
614
650
708
710
684
666
686
678
604
852
594
634
654
666
664
604
600
562
634
602
634
602
602
666
632
602
588
646
616
618
678
580
578
642
596
574
604
606
654
570
546
616
562
534
560
574
600
550
606
578
584
616
604
518
550
588
576
588
684
566
570
584
628
620
586
662
616
600
638
616
618
680
544
602
582
584
602
612
590
598
650
654
630
616
622
630
670
600
614
582
606
548
582
618
532
566
636
586
676
720
634
632
700
670
520
646
582
584
564
708
582
680
552
646
636
632
626
658
580
600
554
544
568
566
722
532
602
732
554
534
560
578
586
604
540
582
580
586
552
630
534
534
582
586
598
614
556
596
570
596
568
554
564
566
550
536
548
566
616
668
620
582
602
628
602
602
600
598
668
564
602
588
580
604
628
616
616
568
536
548
566
602
664
654
634
584
596
582
556
562
546
542
584
564
638
642
700
604
666
616
670
544
536
600
550
582
552
564
570
580
598
584
600
602
616
584
566
638
544
534
572
578
572
594
590
566
594
582
562
556
586
550
596
568
534
602
546
552
600
600
550
600
550
514
586
538
598
566
596
614
604
604
596
618
568
666
536
510
516
504
512
754
508
638
616
606
614
646
618
632
586
562
576
566
598
600
626
610
610
616
566
588
560
604
582
622
596
584
620
550
594
586
564
564
586
566
584
618
616
638
730
684
632
636
616
634
600
598
570
580
586
612
602
586
630
602
636
636
664
698
604
662
602
600
598
572
612
596
586
614
604
588
596
580
608
612
614
602
550
618
566
568
580
568
602
616
548
584
616
566
552
616
598
586
598
608
690
572
600
534
518
616
580
602
600
634
614
554
562
552
598
540
578
518
536
568
598
598
632
636
598
600
648
600
588
580
668
550
570
532
556
568
590
596
652
634
656
712
716
700
650
550
504
504
510
506
558
702
558
590
568
620
580
584
614
634
718
616
836
516
564
730
554
566
732
686
630
620
544
736
678
606
602
614
596
608
582
578
606
626
606
564
604
580
632
584
570
600
598
592
558
548
564
566
586
586
614
# end time: 2014-04-08-16:52:14, 1396990334.42
