# R wave intervals in milliseconds per line
# start time: 2014-04-05-15:10:46, 1396725046.24
504
616
808
750
810
712
544
616
752
592
822
654
966
746
722
810
828
802
706
682
568
520
516
606
628
552
536
780
502
594
678
700
650
740
714
524
682
632
644
624
510
738
690
700
802
506
728
700
670
564
506
548
624
550
576
808
888
864
868
886
758
678
522
534
634
714
804
838
826
844
738
858
622
582
696
740
730
738
770
510
624
1050
648
664
738
784
790
752
748
702
700
756
760
772
530
806
802
754
720
742
788
844
866
810
832
668
1080
890
892
806
770
618
702
636
664
698
672
746
860
854
852
768
918
762
756
682
666
660
714
720
738
716
702
742
720
688
698
638
724
754
802
760
788
712
692
680
748
690
688
704
776
734
734
694
774
668
752
800
768
732
734
738
768
654
618
666
688
744
716
704
788
834
654
934
736
506
584
578
750
600
668
730
752
818
752
756
774
692
638
650
620
686
522
750
720
756
814
784
758
720
786
746
780
744
718
634
652
506
656
682
744
776
778
750
602
1332
800
614
724
732
762
722
778
796
828
812
604
742
640
726
764
576
726
716
752
1610
968
630
786
714
738
700
646
666
666
664
754
754
724
724
740
716
680
684
716
680
730
756
706
750
2104
1438
862
648
642
712
754
792
754
724
708
696
724
764
514
692
822
846
874
774
780
718
776
738
712
786
1548
932
560
740
702
674
694
706
682
634
686
628
648
620
654
724
794
758
772
798
756
786
740
710
760
748
728
686
740
736
664
732
782
796
780
698
724
742
760
810
836
832
570
628
842
844
818
720
746
686
692
734
836
586
700
758
828
812
742
732
772
768
774
758
748
750
818
826
826
746
838
796
810
812
740
720
698
680
666
782
728
746
790
714
980
796
758
820
620
772
742
748
820
852
688
974
808
826
732
710
784
794
766
736
780
790
800
836
754
780
766
746
700
718
728
794
774
786
736
794
544
804
618
672
698
732
746
748
744
790
716
704
680
702
724
712
666
710
768
806
764
762
772
760
750
678
756
772
812
816
724
734
734
752
614
856
728
784
762
654
846
706
734
768
796
784
782
792
612
940
778
770
838
764
700
730
718
688
684
694
734
786
814
798
702
760
792
798
768
722
760
804
820
742
768
786
820
760
780
722
800
756
660
674
668
714
814
802
716
736
782
746
738
786
784
704
754
560
666
752
798
790
786
752
760
824
818
834
792
848
836
834
806
748
782
802
820
816
770
830
818
812
776
530
658
694
756
820
796
814
850
852
870
810
806
792
736
758
554
650
632
658
662
724
712
764
824
838
850
766
832
706
720
736
742
758
708
766
842
830
864
802
830
834
786
750
814
806
764
794
798
812
800
836
810
822
828
798
806
812
810
764
602
1020
800
792
808
800
590
952
796
808
782
818
814
832
800
794
806
782
792
736
756
758
728
656
734
730
756
802
726
656
678
646
664
698
762
792
786
826
710
794
760
782
764
706
740
798
756
742
768
790
786
624
932
766
776
750
748
796
786
700
794
778
790
826
620
902
800
818
800
750
768
740
816
718
704
800
700
670
664
704
756
826
790
892
868
842
506
794
794
786
786
750
798
760
740
754
732
818
810
856
814
820
818
808
532
604
720
760
774
736
790
774
790
748
562
630
742
778
732
728
790
754
718
714
776
748
676
760
754
772
712
696
692
720
786
812
768
738
726
788
732
710
736
734
758
688
740
702
668
668
516
640
564
702
786
844
802
790
810
824
770
746
772
776
790
722
770
828
822
794
808
834
820
792
788
792
762
812
752
792
816
818
674
934
848
544
788
754
780
760
730
694
712
746
768
768
718
740
742
776
652
622
600
662
770
776
768
714
704
694
746
724
688
714
670
656
664
680
656
668
712
804
760
756
744
720
726
686
640
622
708
708
750
782
802
820
834
854
856
816
776
764
676
696
654
660
716
728
738
686
648
650
668
690
758
636
882
700
702
702
704
664
664
698
718
730
760
756
746
714
678
692
722
760
790
802
758
786
792
742
748
786
790
796
800
788
772
798
802
744
680
686
698
712
790
706
710
768
828
782
746
726
756
792
780
750
690
792
752
758
664
650
636
600
620
624
634
642
684
694
686
690
710
712
732
750
724
746
784
786
782
782
674
660
628
644
642
692
756
844
802
816
852
806
812
794
732
660
720
672
664
764
794
752
674
684
700
766
832
868
814
782
800
782
756
732
810
810
812
820
808
862
826
766
684
696
684
716
734
800
834
796
798
788
742
698
690
710
706
720
738
710
736
778
756
726
784
722
716
766
810
782
810
848
844
840
754
728
712
738
764
782
776
800
802
790
764
740
684
634
636
654
706
760
814
880
904
884
860
868
832
792
778
732
682
690
692
672
752
812
866
828
808
820
792
796
762
750
744
722
688
676
726
782
746
740
750
692
688
666
672
708
728
666
750
732
792
766
710
678
754
794
834
806
830
796
790
768
814
782
736
732
764
788
766
768
764
780
868
776
790
566
654
738
742
720
648
684
716
728
848
824
764
820
816
800
744
750
788
784
826
754
770
804
812
778
716
724
694
736
782
732
734
828
828
788
756
798
812
802
746
756
804
846
824
738
782
790
810
824
774
818
840
840
800
744
780
796
784
730
708
738
804
820
784
796
830
804
754
688
670
714
758
774
778
690
544
528
674
664
670
752
768
816
720
740
780
768
718
684
694
748
736
672
696
746
760
744
772
786
790
746
672
646
640
646
660
708
754
830
788
776
818
816
770
680
702
728
720
698
692
664
688
666
636
578
702
768
774
804
836
832
814
822
814
810
820
754
694
706
770
792
796
790
720
704
678
710
654
634
618
638
580
610
590
588
600
628
640
694
756
742
774
772
778
754
806
736
680
642
648
620
606
630
718
808
862
868
844
796
790
812
800
796
772
706
698
730
762
734
726
804
716
774
714
720
740
762
756
760
738
756
750
720
710
696
706
662
638
698
720
728
718
752
762
694
666
718
652
600
650
664
712
764
806
782
768
760
720
674
700
720
724
678
696
736
756
762
712
728
724
744
574
948
750
782
760
730
716
694
626
634
640
622
608
664
668
672
656
738
712
712
710
696
740
786
798
748
714
698
700
690
662
634
652
708
710
664
694
710
760
722
682
734
768
790
730
734
706
726
720
690
710
752
760
688
764
768
796
742
698
730
752
752
606
622
676
716
784
814
754
774
744
760
792
804
794
764
830
834
824
840
688
990
738
758
774
780
814
788
782
782
782
738
680
826
788
808
746
770
770
730
734
756
762
738
764
774
794
732
676
812
758
780
728
712
772
760
768
730
740
758
730
680
692
670
684
678
786
822
788
716
730
742
764
776
780
752
698
752
726
708
908
782
788
802
802
742
784
788
816
788
818
840
824
774
730
712
678
682
748
784
842
806
860
858
848
790
780
802
782
766
674
714
736
794
780
758
504
802
752
756
700
698
718
768
798
742
740
768
818
768
706
682
506
606
646
748
776
720
706
724
740
740
662
708
660
650
648
664
706
754
728
750
766
778
796
790
732
750
738
762
740
682
710
754
800
782
710
708
702
718
770
808
784
820
824
816
770
760
776
800
756
774
824
830
800
784
822
832
844
812
806
828
826
826
766
764
810
822
806
722
718
768
774
722
696
768
818
866
816
804
812
816
804
750
732
764
778
790
752
742
750
690
696
704
700
710
748
800
784
680
682
700
686
686
814
858
886
878
776
790
808
800
750
726
722
756
760
802
832
828
810
818
810
786
800
828
828
802
748
748
752
764
754
734
788
832
810
754
700
690
748
760
848
822
796
802
828
810
752
700
702
728
724
734
754
800
784
750
714
742
758
766
718
684
680
668
704
762
754
766
840
856
840
758
806
792
788
764
718
750
772
778
778
824
846
794
752
780
802
810
798
780
804
828
796
784
812
800
756
778
806
802
794
796
810
796
784
792
808
792
762
794
770
726
740
770
722
656
604
738
816
786
768
714
666
670
642
674
672
690
660
630
616
622
638
700
788
844
852
866
868
862
840
810
774
800
802
788
806
802
790
804
766
756
780
802
796
796
802
824
828
824
788
760
798
788
784
772
694
752
764
788
754
738
760
774
738
716
728
802
624
644
652
624
622
612
624
662
676
742
736
688
642
622
616
610
624
654
692
714
758
794
780
788
764
800
808
740
768
764
750
740
718
674
636
626
604
614
578
582
606
634
732
786
750
804
814
856
852
868
860
848
734
692
708
708
736
832
792
758
782
814
828
800
774
752
732
730
824
772
770
794
800
778
714
666
706
650
698
720
722
752
756
724
738
730
690
688
676
666
666
630
670
658
668
680
710
732
694
684
738
758
748
668
694
668
750
810
832
766
708
780
786
784
778
716
662
650
632
650
652
670
726
844
848
776
742
786
804
794
752
748
780
788
744
722
730
740
748
670
692
698
606
872
732
742
674
644
612
624
648
720
778
810
812
796
780
778
730
722
616
664
606
712
770
818
828
816
804
790
744
712
700
676
676
608
640
686
770
810
792
700
712
730
732
802
798
708
508
562
678
706
700
680
608
672
612
628
660
698
746
732
758
750
754
778
724
676
716
750
818
806
778
764
802
818
780
786
782
506
572
748
732
768
802
818
772
850
792
792
790
722
706
712
684
702
768
778
796
824
818
880
576
1012
762
724
710
648
724
628
672
708
754
856
870
858
816
908
844
778
692
726
696
724
766
802
774
734
730
736
516
700
722
764
742
746
774
748
788
764
784
782
578
928
688
710
702
740
682
682
722
762
806
762
760
768
772
606
886
762
780
776
834
818
832
788
812
786
772
744
508
664
608
686
710
706
760
772
814
798
770
768
776
738
698
704
728
752
722
734
730
800
782
730
730
742
776
790
794
744
712
506
758
734
728
712
608
952
818
804
762
782
826
820
838
782
832
786
666
750
672
674
710
750
860
874
890
854
842
816
850
822
732
704
680
750
728
710
656
622
622
636
618
632
614
624
614
652
670
746
736
706
690
672
678
672
668
634
620
640
688
766
828
806
800
808
804
752
696
680
718
724
714
786
838
844
822
826
832
836
788
820
828
810
780
756
798
826
824
812
732
762
740
684
684
712
722
742
776
802
810
756
762
786
816
824
786
792
802
816
806
790
750
772
800
768
772
800
756
742
710
682
746
752
748
756
764
752
778
792
794
764
786
788
764
776
840
834
814
782
764
728
742
742
768
794
792
794
778
796
722
710
740
780
798
810
782
788
810
822
804
768
772
778
766
714
682
684
676
714
820
852
854
818
820
832
818
806
734
772
756
766
728
738
756
804
818
848
808
842
862
860
846
774
788
776
782
758
788
822
798
800
748
778
804
816
804
780
792
796
776
704
694
702
694
726
784
820
808
808
818
820
806
794
740
748
738
748
720
728
772
806
808
796
802
812
766
734
756
762
740
716
746
780
804
764
776
706
666
672
682
710
718
716
764
802
884
804
788
810
814
822
794
800
828
848
806
772
842
858
844
828
838
858
858
814
810
838
854
866
806
772
772
816
808
774
760
758
688
700
696
678
656
694
738
764
788
768
762
806
780
726
704
718
758
772
802
838
820
812
842
854
822
780
798
800
788
750
786
818
794
768
734
732
766
788
678
876
768
806
774
724
682
708
712
768
832
804
842
860
832
784
750
770
786
794
808
814
846
848
830
842
848
848
832
756
836
804
760
780
806
844
808
792
816
822
752
696
746
770
802
774
774
790
816
830
796
766
778
806
802
768
802
822
810
788
804
830
820
778
792
808
780
758
786
754
716
764
788
832
762
784
770
812
764
798
822
808
778
798
816
780
752
772
794
766
752
820
830
800
762
792
810
782
758
794
770
756
774
794
798
772
818
850
822
776
780
724
664
664
706
828
830
810
844
846
812
760
838
830
834
788
790
806
848
810
806
836
846
816
782
832
834
798
738
804
718
912
764
788
814
804
780
808
830
814
794
818
824
760
716
760
770
818
766
802
832
808
738
788
786
792
722
710
712
716
762
716
682
700
734
736
682
700
712
724
694
682
730
772
818
780
774
804
808
794
802
806
826
824
782
790
786
756
718
772
852
906
896
852
856
830
780
782
792
810
818
812
818
842
814
800
814
834
832
794
808
830
824
716
840
814
790
738
764
812
810
776
812
802
746
688
696
644
644
684
738
768
794
850
856
826
798
840
842
852
806
794
822
834
814
796
808
762
778
772
804
776
768
788
794
762
750
798
826
826
800
818
816
836
780
770
800
810
804
720
696
704
706
700
658
684
738
820
872
818
798
806
824
830
820
740
692
678
708
750
780
800
802
796
600
994
756
736
720
730
780
778
764
744
720
730
682
680
714
738
770
818
830
798
750
780
802
836
842
790
814
820
870
842
824
832
880
788
808
820
842
808
748
780
834
830
792
828
792
830
840
822
824
842
846
826
828
812
816
770
748
818
790
728
756
820
858
874
798
806
808
818
814
770
810
812
844
802
860
822
800
758
764
780
842
802
806
838
828
862
808
826
812
814
778
794
756
732
740
758
774
818
862
852
824
794
820
810
818
786
784
818
848
822
794
860
842
814
818
836
832
818
844
838
836
814
822
820
740
718
774
808
740
746
736
824
832
820
788
814
814
808
790
810
866
820
794
834
864
774
754
788
814
788
722
752
808
834
792
770
798
822
832
822
802
806
804
776
806
796
772
798
832
856
804
816
826
806
790
810
800
730
702
652
642
678
712
704
750
778
800
786
784
788
780
754
754
768
816
788
782
820
842
802
824
852
732
810
806
824
776
816
846
870
850
808
840
868
842
810
842
858
862
802
824
834
830
844
840
870
866
834
866
864
822
816
834
816
790
816
840
828
812
848
832
878
780
730
762
798
828
792
688
636
872
572
740
770
784
742
698
688
694
704
794
798
810
788
822
726
716
684
680
656
652
674
720
794
846
856
824
790
792
758
742
786
752
752
782
802
798
772
770
766
774
776
802
760
796
814
824
810
796
806
804
754
744
774
818
802
770
764
794
782
756
780
792
784
802
764
804
798
766
786
804
808
740
700
726
708
820
756
774
810
842
650
544
846
818
812
788
706
692
680
694
734
728
752
748
816
786
768
758
788
806
798
778
790
814
782
728
758
718
654
706
654
664
622
628
606
626
594
582
606
612
622
638
618
630
656
624
616
640
632
612
624
598
630
666
726
782
742
678
672
680
730
764
752
812
796
802
742
702
722
728
720
788
808
756
778
802
748
736
768
782
722
768
812
802
726
782
768
794
798
808
806
806
786
784
742
698
748
786
684
706
762
656
688
668
642
596
620
612
694
738
792
776
758
732
784
790
848
810
792
808
824
782
758
774
716
826
748
748
736
732
750
660
728
744
766
730
722
696
748
796
820
824
834
832
790
760
758
752
734
724
652
664
702
748
746
736
742
766
782
846
864
882
814
832
844
752
762
770
782
780
824
796
800
770
760
736
732
678
650
700
756
748
868
906
900
824
852
608
788
670
690
758
794
824
764
812
852
778
742
810
752
714
804
810
756
732
756
706
738
784
824
696
900
816
604
726
714
746
796
816
794
744
732
732
752
754
790
746
718
774
822
776
742
776
760
754
752
744
738
506
706
708
796
776
778
736
780
678
680
696
756
786
730
606
994
864
880
810
854
846
782
762
764
722
730
780
804
800
836
852
824
836
846
844
808
798
732
738
734
824
792
810
826
760
808
822
796
830
858
836
754
796
752
726
724
786
770
762
808
814
778
718
734
748
748
772
708
810
808
790
722
756
768
732
760
754
788
722
664
650
682
684
732
756
762
830
798
778
734
742
744
698
674
718
710
692
728
700
824
798
748
802
726
700
676
736
764
776
750
766
800
794
766
800
822
808
810
724
746
768
818
832
772
756
792
776
756
784
832
820
796
808
836
804
726
842
742
744
682
702
694
716
706
702
770
738
774
794
824
716
808
634
502
734
704
764
770
760
766
834
792
826
872
838
736
762
774
710
722
750
780
774
720
728
712
632
866
814
830
802
714
722
744
758
772
728
746
750
764
710
724
808
556
832
832
862
872
802
504
606
812
792
756
780
800
750
734
710
790
856
854
844
864
872
856
822
822
846
768
732
750
810
832
848
802
766
742
680
730
664
680
708
818
786
824
862
852
760
812
836
722
724
696
708
722
742
788
792
822
840
794
840
648
904
666
640
676
724
788
784
738
818
838
814
708
876
824
790
744
606
998
818
806
804
836
840
790
772
762
780
690
674
734
714
756
806
784
836
828
806
818
830
786
766
772
838
752
748
766
796
770
744
798
760
692
742
792
786
728
800
716
710
784
796
752
834
788
504
768
772
812
794
724
758
784
802
842
768
780
788
674
570
628
712
752
760
746
756
806
808
788
792
752
712
702
664
638
638
680
682
678
728
686
746
754
754
800
770
504
654
754
700
722
696
700
716
668
750
722
838
866
888
886
880
888
808
776
760
710
682
662
708
840
782
824
880
896
856
890
896
856
770
808
824
726
716
722
766
808
836
816
564
782
808
838
836
712
714
742
686
728
702
736
684
670
666
634
606
602
608
598
604
662
716
770
798
790
786
606
504
766
668
652
696
740
780
752
750
798
850
868
778
768
794
808
836
808
818
810
826
794
810
818
762
788
846
670
1012
784
806
816
760
740
698
746
838
784
836
794
822
836
758
770
806
722
698
736
772
728
750
768
728
670
696
780
726
658
726
758
730
674
686
662
704
784
810
808
786
764
742
642
638
598
644
726
854
894
856
896
892
856
850
834
790
788
712
698
760
782
752
826
874
878
864
804
792
770
780
796
816
850
772
708
686
664
660
694
680
692
730
708
692
698
776
744
798
810
758
778
786
788
742
780
800
738
794
832
764
812
848
846
786
832
844
784
742
768
764
742
662
664
696
740
710
704
680
678
732
744
720
742
782
762
728
762
776
806
742
726
708
686
724
742
700
740
800
808
750
774
810
776
732
788
810
774
820
754
786
800
740
690
760
774
712
660
744
804
802
806
854
806
790
798
806
758
750
780
816
790
804
824
822
752
734
694
684
742
726
800
858
864
794
848
812
752
722
766
832
822
794
830
890
816
820
838
804
772
820
850
818
808
866
786
796
836
828
800
820
820
764
762
798
738
764
814
828
766
790
798
778
750
790
820
754
716
760
752
698
694
756
764
738
798
826
780
750
754
796
714
680
714
688
680
730
756
728
774
832
834
792
798
816
802
744
718
756
792
798
788
830
854
568
758
794
806
756
712
778
812
782
804
868
868
852
818
852
852
752
734
788
736
734
818
872
860
814
846
820
672
766
762
790
772
802
834
846
820
782
814
842
838
794
788
748
784
856
804
722
718
766
822
844
866
886
888
840
808
760
800
790
874
826
814
828
842
806
764
802
832
834
760
738
780
778
740
764
804
816
772
712
772
804
766
792
812
820
804
734
716
724
702
680
696
772
748
696
742
738
706
718
658
660
628
670
714
686
648
690
736
714
746
800
816
730
696
708
716
752
760
760
774
756
764
754
750
750
754
754
674
704
714
736
794
806
778
770
784
816
766
780
758
830
756
772
790
834
754
770
768
776
684
642
688
690
672
676
674
674
736
706
800
818
838
762
758
820
780
698
722
774
780
770
712
698
716
618
710
628
702
778
844
800
818
858
862
780
684
656
662
668
744
838
862
834
832
858
798
742
742
688
666
716
820
806
858
860
820
762
806
768
732
750
788
796
776
796
806
764
700
656
686
650
636
682
690
708
782
830
804
738
728
716
720
728
766
766
732
734
846
738
696
644
680
638
610
586
676
740
708
692
650
642
636
636
670
662
630
622
626
632
642
652
644
646
652
682
730
768
782
766
736
652
620
626
650
688
746
774
790
760
646
848
714
694
738
772
820
824
838
832
836
818
814
790
792
774
756
716
648
648
626
634
630
634
706
772
770
712
670
674
668
722
702
692
676
708
722
734
770
756
736
750
792
762
740
766
728
722
752
804
828
842
796
812
812
804
818
824
808
826
828
808
764
766
776
742
764
766
796
820
736
786
816
786
776
760
732
672
770
752
684
676
656
632
666
660
638
606
588
618
634
662
712
684
696
766
648
700
730
754
736
698
702
742
736
746
738
758
764
788
814
794
764
772
736
802
692
720
684
664
700
736
754
778
768
770
756
740
708
628
672
688
708
688
700
770
814
778
754
724
706
720
708
748
768
782
772
724
748
726
786
702
698
720
746
744
782
768
794
800
754
764
802
822
814
766
776
792
760
776
794
818
800
760
786
792
798
766
762
770
786
770
738
736
634
816
756
794
784
734
732
784
796
772
748
812
768
748
752
766
730
672
682
700
710
718
716
758
782
730
722
748
750
758
712
738
738
728
762
690
696
714
762
750
732
748
766
714
704
718
756
714
698
728
552
612
668
714
762
772
792
760
738
754
756
732
696
702
668
700
754
780
770
768
790
752
680
756
752
770
766
744
772
768
734
690
720
754
784
778
782
768
798
690
654
656
698
738
750
734
802
790
812
814
800
784
790
754
738
732
740
686
648
638
680
744
812
816
782
790
842
798
802
722
720
728
734
730
708
704
720
786
764
718
758
704
728
644
642
676
728
736
764
730
700
696
696
712
700
662
658
664
682
690
712
752
758
738
798
814
842
790
772
780
800
810
814
778
790
802
774
670
684
708
722
736
696
698
746
754
770
630
888
656
588
704
596
534
618
600
586
632
598
620
564
556
600
608
592
612
600
582
594
618
608
612
640
696
780
794
798
802
804
808
784
770
724
666
646
636
618
604
596
612
640
710
656
606
692
606
556
572
574
582
630
706
808
824
836
860
846
880
838
820
584
644
734
718
700
704
692
718
782
812
830
826
606
714
728
788
792
758
716
718
754
694
682
658
678
734
804
800
796
844
786
714
682
658
668
712
654
750
746
738
766
794
824
816
740
740
716
696
658
686
634
586
578
568
630
700
766
758
742
792
760
746
568
910
776
774
770
744
694
682
606
832
774
814
812
802
862
824
806
734
714
694
704
748
798
788
776
808
792
798
780
738
772
746
734
704
678
670
678
710
748
734
730
556
812
686
700
718
664
716
716
760
794
852
812
794
760
758
728
756
646
676
678
760
780
790
802
820
808
770
726
714
696
724
766
764
758
676
654
670
658
602
616
650
680
652
622
604
614
636
730
768
792
812
814
796
780
774
738
714
708
710
734
708
680
760
732
732
752
748
738
716
738
684
612
620
642
714
612
714
718
830
608
732
814
844
800
820
506
794
702
704
696
800
770
748
784
806
782
730
768
762
760
714
782
804
778
774
784
774
714
750
766
764
768
754
770
784
794
786
770
682
674
664
700
654
702
758
798
822
812
824
776
776
710
786
560
628
682
756
722
736
770
818
566
882
662
674
706
702
774
792
818
822
816
804
764
760
782
680
594
702
728
754
706
708
708
818
800
784
810
820
810
788
726
738
752
772
566
980
718
764
790
796
794
776
782
806
824
788
778
786
782
716
708
750
770
658
888
718
726
712
676
648
684
762
778
742
756
782
826
756
774
742
752
706
640
682
660
658
770
782
796
810
778
776
794
764
816
764
772
784
786
722
696
722
778
864
830
834
766
786
776
762
692
656
640
636
704
780
836
836
850
858
854
830
790
774
768
790
736
692
676
688
702
710
752
790
814
800
784
784
782
776
756
712
702
700
726
678
670
694
714
702
718
730
696
694
750
728
702
750
774
782
784
748
700
730
718
732
696
682
680
678
722
688
704
762
776
778
786
840
788
768
774
822
806
750
728
748
746
736
760
764
766
798
834
828
798
850
786
776
766
738
700
674
672
650
680
622
566
594
654
712
796
782
762
772
786
786
716
734
698
682
666
690
728
704
672
724
798
832
856
790
758
738
754
764
758
704
706
740
758
812
798
794
740
742
746
758
760
714
722
760
768
776
816
846
826
816
822
840
824
816
816
814
804
764
770
764
822
740
722
744
744
726
734
770
802
780
786
790
790
766
712
756
794
804
802
752
778
774
776
706
720
758
798
808
792
768
798
772
744
686
698
668
634
648
708
786
890
838
758
732
678
630
602
644
666
676
674
678
662
684
664
636
614
606
634
576
562
592
600
616
654
704
740
766
766
700
752
800
830
806
810
836
794
728
726
718
746
756
746
722
700
674
708
686
672
640
638
690
762
818
764
724
744
776
782
794
750
726
740
764
784
782
762
814
820
784
768
746
766
784
742
740
782
804
778
712
736
734
810
778
754
778
794
760
742
758
774
806
724
810
802
800
782
752
784
772
766
746
766
770
740
744
742
740
694
626
632
676
728
724
720
774
810
816
788
830
810
742
730
734
736
668
604
558
566
698
748
772
736
732
714
736
736
696
670
700
690
680
688
664
682
684
694
672
702
672
676
684
722
704
702
644
602
594
610
624
652
702
812
828
836
846
834
820
810
808
758
712
664
656
648
698
714
710
674
618
740
786
668
678
628
614
660
738
788
768
754
672
672
614
602
578
634
544
508
556
578
716
778
766
788
818
832
830
858
828
834
806
782
794
712
592
608
590
640
536
560
564
602
824
786
632
616
592
608
722
676
662
554
572
562
562
590
614
630
640
606
672
644
636
626
644
622
604
640
648
648
654
660
670
664
654
644
638
640
636
646
616
654
648
670
650
684
674
674
670
660
672
676
664
660
658
662
678
660
652
714
700
712
702
682
636
616
600
580
600
664
792
784
754
652
636
636
632
636
634
620
588
612
586
568
546
564
578
618
694
738
758
768
760
758
762
754
740
690
668
686
712
728
728
706
716
712
684
666
622
616
594
592
608
632
630
654
700
674
682
654
690
668
686
676
686
672
644
618
624
644
670
732
736
766
794
784
798
790
778
770
758
758
740
726
698
664
684
628
620
628
666
722
782
800
802
852
814
816
792
786
758
734
662
638
638
668
724
808
792
778
810
816
794
734
718
712
690
682
678
714
726
728
706
680
690
660
760
740
734
610
844
728
746
740
706
706
712
708
686
644
642
636
618
664
728
780
744
738
732
756
764
766
728
654
662
672
682
654
614
614
600
670
662
684
670
676
666
676
732
746
788
750
694
636
618
614
630
692
778
798
778
806
796
786
766
752
694
694
738
760
832
802
762
736
730
740
722
778
744
754
762
720
704
728
762
792
794
786
796
792
754
718
764
716
692
704
694
694
676
682
666
630
658
618
654
698
760
802
768
822
818
790
746
720
714
666
634
610
626
640
706
774
730
724
748
796
750
710
706
706
728
760
736
732
742
758
756
782
800
728
720
694
640
630
550
632
628
668
748
770
790
748
810
820
824
810
780
748
780
782
736
768
824
850
846
862
844
830
806
792
758
668
690
696
724
674
658
676
736
790
818
824
860
826
808
606
784
738
688
754
730
716
746
748
728
700
616
642
652
750
812
744
766
800
794
538
772
682
794
818
790
764
770
730
666
712
748
806
822
834
802
800
794
756
732
738
764
800
762
756
748
800
780
750
746
812
768
760
790
822
812
794
826
822
788
814
804
782
768
692
682
706
750
784
788
832
818
802
802
766
712
634
604
610
606
630
648
642
706
756
814
744
776
766
788
806
820
802
758
722
698
694
736
788
806
776
810
758
758
806
798
796
750
770
794
806
832
798
792
800
810
776
732
726
758
782
810
836
834
798
780
780
692
684
662
678
752
756
738
724
772
816
890
844
836
840
820
782
744
760
750
800
784
794
792
822
786
782
792
814
802
792
802
806
776
770
800
784
758
740
776
806
804
788
804
822
802
748
766
780
786
754
712
768
812
824
844
824
758
814
796
766
744
832
802
784
754
780
804
810
812
806
760
708
732
766
802
828
794
762
762
742
788
728
766
802
806
830
814
800
808
718
670
686
696
690
714
708
760
748
800
828
864
840
540
822
738
684
682
712
738
762
724
710
688
664
650
640
652
726
808
784
738
774
768
738
710
722
742
750
752
738
782
786
782
758
776
834
816
774
784
802
778
724
696
692
760
832
848
786
732
788
798
796
764
706
658
660
700
734
782
780
808
820
818
774
798
786
780
746
770
700
750
770
802
806
794
848
802
768
722
708
748
774
832
818
750
732
692
650
660
750
802
842
812
748
726
748
792
828
808
770
806
804
802
756
828
780
802
780
754
750
792
802
812
758
818
818
824
804
794
794
798
784
768
828
812
816
792
810
822
824
786
694
680
702
740
800
808
756
832
836
816
830
826
802
804
802
750
684
680
718
718
780
730
798
806
814
768
792
814
822
792
762
786
750
710
738
752
786
718
706
692
690
702
814
820
806
720
670
724
750
776
732
726
780
834
810
842
848
810
750
754
# end time: 2014-04-05-16:29:37, 1396729777.62
