# R wave intervals in milliseconds per line
# start time: 2014-02-27-01:31:17, 1393482677.26
702
666
608
618
624
628
610
648
634
648
684
680
654
652
704
642
736
678
768
818
768
784
586
746
906
776
702
700
700
652
648
616
682
620
654
748
794
794
802
854
832
806
692
906
732
706
630
834
748
718
720
602
564
782
868
726
688
726
686
616
666
670
748
724
710
800
792
742
750
722
762
652
616
664
686
686
698
652
700
736
740
648
658
676
704
712
738
714
702
764
754
766
748
700
686
722
712
732
752
710
722
768
798
786
764
756
764
750
746
720
732
802
790
792
746
750
770
760
736
664
632
644
628
640
698
712
712
758
806
824
732
746
746
718
728
650
668
690
724
734
690
744
756
776
706
662
684
682
672
630
618
634
646
668
690
704
690
702
706
678
708
656
658
656
646
626
650
674
670
648
644
686
702
756
726
692
646
640
654
664
672
690
672
682
696
692
686
672
660
660
682
694
698
688
656
666
666
668
646
614
614
622
610
596
638
638
664
652
674
644
654
670
680
696
680
650
660
670
676
684
654
660
686
682
698
638
648
678
700
710
654
616
608
632
660
692
696
690
658
618
630
644
648
658
634
634
648
664
654
660
672
688
680
732
686
684
698
696
700
704
698
688
686
756
714
656
668
682
686
666
716
678
632
618
668
646
658
632
624
642
664
676
664
660
678
688
680
642
634
648
640
698
696
662
668
732
730
762
736
736
754
726
698
646
610
614
616
630
656
662
652
672
744
786
818
780
786
790
792
770
770
714
668
688
690
692
696
682
636
660
672
676
664
704
682
718
748
750
730
716
724
708
708
674
678
686
700
694
674
704
700
694
670
688
698
682
638
634
662
688
714
704
688
718
738
718
680
632
638
630
606
580
580
596
646
710
768
792
772
746
774
762
694
678
688
686
658
642
666
692
744
794
780
708
654
658
658
668
678
682
650
650
662
676
704
728
720
684
694
684
676
664
628
630
634
640
654
666
658
674
708
688
684
710
726
742
726
688
638
628
628
628
626
612
626
658
688
728
710
662
680
688
690
698
660
628
644
644
646
652
644
626
614
648
640
666
698
716
712
732
748
742
724
662
642
642
626
620
650
666
714
804
828
816
804
800
746
702
714
692
644
646
660
664
688
688
654
672
708
728
736
706
666
682
690
696
724
718
724
760
790
782
748
680
674
680
674
622
624
608
614
618
660
688
682
706
734
754
762
758
696
664
682
676
682
686
658
658
674
690
708
704
682
678
694
692
700
704
686
702
708
712
716
702
686
694
694
680
638
614
618
628
656
708
740
724
696
708
708
700
702
670
660
664
664
666
632
632
662
692
728
732
678
634
634
654
660
670
672
648
632
630
640
664
678
706
716
718
704
694
672
618
634
650
664
680
688
684
726
732
722
732
714
696
720
716
714
714
706
668
680
670
668
660
642
646
642
658
674
674
684
668
686
692
696
700
694
656
662
710
682
676
654
656
678
690
702
700
666
686
704
712
718
686
664
650
666
676
676
654
652
682
694
768
748
696
642
656
654
664
660
690
718
740
746
720
662
652
656
652
624
606
640
674
742
796
782
734
742
726
712
648
650
634
636
652
646
636
652
672
706
734
710
666
692
704
722
728
708
688
716
702
712
672
630
620
628
628
656
654
606
624
638
658
692
666
660
694
714
716
716
680
698
706
716
706
664
666
672
672
650
608
596
588
576
562
684
798
792
794
792
782
760
750
714
684
646
664
658
658
638
614
606
612
616
624
646
666
696
700
708
720
714
696
684
680
672
668
658
642
618
660
644
626
662
624
602
608
604
602
614
644
672
700
682
638
660
658
660
666
666
638
642
656
658
674
670
634
656
648
702
690
668
638
660
680
688
698
666
674
696
696
692
666
650
664
660
658
640
610
652
654
658
734
694
668
692
704
714
694
668
672
678
674
666
642
640
654
656
668
652
646
656
692
638
632
626
638
640
644
604
604
600
612
632
666
704
724
660
698
688
712
722
740
724
726
658
690
698
708
674
646
624
614
630
644
688
720
748
808
744
688
660
700
664
660
626
644
628
646
674
700
682
662
682
688
692
672
644
644
664
680
686
692
674
628
638
644
646
654
648
628
652
664
658
694
644
606
600
582
596
600
612
656
632
608
642
648
624
620
610
638
614
600
596
576
572
580
568
554
592
548
586
576
538
546
552
548
550
560
550
540
566
554
550
562
552
546
558
572
606
628
638
652
702
734
750
752
732
652
618
598
600
598
622
714
768
776
786
790
788
752
730
726
704
676
638
634
634
630
620
628
666
690
718
692
656
644
668
686
702
722
708
696
720
730
738
742
726
692
690
672
670
710
684
666
620
660
660
668
658
616
614
620
598
612
606
622
632
630
692
698
724
722
674
620
622
608
606
612
654
704
782
818
850
818
808
782
718
730
732
710
686
674
658
680
702
750
772
784
760
688
690
690
706
722
762
738
684
724
718
718
726
728
708
672
650
632
650
662
648
644
642
696
684
686
694
698
756
696
680
698
710
668
650
626
620
638
634
652
662
698
682
696
708
712
688
664
654
660
676
652
658
670
708
738
766
764
750
738
752
760
754
746
738
680
684
696
688
690
688
686
666
638
616
634
642
654
682
732
764
792
712
768
750
760
756
704
630
658
640
650
654
628
664
672
708
736
720
738
772
762
760
774
758
730
714
724
738
746
748
752
666
712
682
654
670
656
720
686
648
644
650
640
648
636
636
642
652
700
712
724
718
742
700
700
706
688
666
678
688
692
676
628
684
670
724
752
768
768
746
750
754
742
720
656
622
608
600
606
620
640
706
762
750
786
806
816
802
700
690
672
628
698
680
690
698
698
708
722
706
730
744
742
758
788
678
676
650
642
662
670
662
692
694
684
650
646
646
654
672
668
722
716
720
698
686
696
708
698
680
694
706
686
696
700
720
694
680
686
686
678
640
622
634
642
652
698
688
670
722
720
700
724
640
636
632
680
638
626
620
620
628
642
662
738
742
768
766
800
736
680
646
608
680
660
686
678
688
706
722
708
706
740
710
686
710
664
636
636
628
622
630
620
612
618
652
678
706
714
684
682
682
680
656
634
630
636
644
636
638
712
716
710
710
698
710
704
692
690
686
688
694
686
664
704
662
680
668
654
638
624
608
828
636
654
678
688
680
732
708
692
722
700
648
646
642
654
684
688
736
686
720
636
690
738
748
730
676
692
692
678
668
680
664
700
686
738
676
642
676
650
660
688
756
806
572
650
804
794
788
784
754
710
708
656
634
644
672
652
704
734
776
794
822
792
758
792
744
708
692
656
696
700
712
754
750
738
694
752
734
748
718
764
734
760
756
754
548
624
652
720
706
768
750
682
686
648
666
688
716
706
672
716
700
694
672
648
668
674
686
662
638
654
638
644
622
684
682
684
654
662
666
672
680
680
644
666
666
738
728
702
710
682
704
712
706
696
660
642
660
674
714
764
748
704
672
738
656
600
630
622
606
654
802
798
764
740
740
744
708
728
694
702
694
672
718
682
672
668
644
680
662
666
678
712
700
784
794
754
740
736
724
724
700
704
686
706
662
678
642
654
582
580
600
596
606
666
704
756
712
680
702
638
666
674
692
700
728
754
770
748
760
746
702
704
698
698
710
686
726
662
660
622
662
628
628
650
630
634
614
636
634
582
584
572
596
534
554
542
538
746
532
516
522
542
608
672
692
668
648
642
646
632
602
612
604
600
562
570
588
592
618
674
790
724
702
676
648
650
642
654
700
712
716
658
606
628
634
648
662
672
650
634
648
664
700
744
788
736
676
662
648
618
608
614
644
744
814
834
846
780
714
666
650
650
652
684
664
700
720
742
710
692
696
682
686
698
694
678
622
582
598
580
574
576
614
700
788
820
806
740
700
696
678
726
744
760
740
682
672
678
676
724
772
816
810
790
776
746
666
634
602
650
656
704
770
748
694
672
678
660
704
674
668
680
694
724
734
712
702
720
738
738
704
680
682
658
650
650
680
706
750
748
742
724
682
654
636
684
644
652
662
648
654
672
688
690
682
648
666
656
632
620
612
600
644
628
662
728
786
786
714
698
730
718
780
704
638
644
640
638
638
636
626
662
622
634
656
652
660
640
650
634
664
668
668
726
686
670
642
656
672
692
720
702
666
702
734
762
788
788
710
716
698
688
682
682
684
654
624
672
644
698
630
662
676
704
794
756
786
670
668
624
638
636
640
676
684
648
660
650
642
646
642
626
648
632
638
650
640
596
652
628
620
622
700
680
742
682
666
686
682
688
666
606
612
634
650
674
672
720
666
652
668
636
698
680
632
600
638
664
700
698
754
716
694
658
664
650
656
634
674
658
700
698
754
712
664
706
668
712
686
678
622
682
684
654
672
708
730
780
754
698
694
654
598
652
606
586
652
646
690
668
776
770
752
736
682
648
640
658
622
638
678
724
730
780
692
642
688
674
694
774
736
692
730
702
676
702
656
632
682
668
624
594
662
664
660
734
690
654
728
676
704
640
706
702
684
630
682
640
680
660
656
646
636
686
636
654
616
640
678
718
742
718
700
646
626
590
602
562
556
638
700
766
764
712
722
672
666
752
682
620
686
696
696
694
688
654
660
658
646
644
612
682
634
646
694
756
766
758
696
614
664
670
692
720
736
734
690
694
750
724
634
674
678
694
666
692
646
680
668
702
684
642
686
694
694
652
680
622
616
668
668
668
672
704
694
742
696
650
670
642
702
658
614
650
634
632
608
658
632
662
690
704
618
588
630
634
664
698
676
672
674
702
724
706
658
646
654
582
566
598
582
674
756
784
802
800
774
756
766
700
708
730
776
752
680
664
668
702
690
684
762
700
694
610
670
670
652
676
690
696
718
704
720
682
692
680
700
682
654
674
686
672
694
772
800
792
724
658
676
664
650
658
644
634
628
630
668
666
660
678
708
734
726
752
752
752
758
740
746
698
706
706
690
708
684
720
746
748
718
678
658
722
708
706
650
702
710
710
668
632
644
632
682
664
630
640
666
672
632
626
638
682
648
634
662
708
678
664
656
664
710
686
624
630
614
598
674
698
766
794
774
712
758
738
724
684
642
646
666
714
782
784
790
778
824
792
770
734
654
734
716
714
650
702
718
746
714
722
710
698
778
748
700
702
706
702
702
690
648
694
690
704
678
656
688
700
776
740
690
734
760
706
660
704
714
592
576
650
614
664
648
666
682
752
706
676
654
650
672
674
662
606
640
638
644
656
700
728
688
744
740
712
752
666
692
628
648
666
654
636
610
602
616
626
690
770
790
856
802
766
712
644
672
664
658
738
712
784
766
746
696
700
700
714
728
700
684
680
656
658
686
722
740
694
748
744
726
772
726
684
620
658
652
646
644
642
588
618
588
592
596
618
616
666
656
676
660
634
614
632
628
636
654
648
746
728
710
700
678
652
612
656
632
650
732
744
756
704
672
640
696
688
706
722
710
716
656
626
600
620
578
566
596
618
668
736
750
710
726
690
678
624
654
608
696
692
702
690
680
682
732
720
726
694
702
638
628
680
652
640
636
638
636
690
690
740
716
684
680
666
684
632
624
574
648
566
600
600
622
650
656
710
716
754
772
744
746
728
688
674
664
736
706
716
736
740
700
668
660
708
670
700
670
654
628
674
636
636
666
702
704
752
760
696
688
608
592
638
702
718
736
728
718
678
678
646
608
592
600
620
658
688
728
760
786
794
756
730
748
712
678
686
638
636
638
648
650
712
700
744
698
746
674
624
636
622
594
638
624
690
696
700
754
720
684
714
654
694
654
632
664
662
670
682
690
680
696
660
668
696
684
742
688
676
686
682
684
662
654
678
680
648
662
644
648
704
746
742
740
674
636
648
662
680
716
708
680
688
664
678
652
708
698
676
660
666
676
680
718
648
706
684
654
706
642
622
644
630
616
604
634
596
608
590
656
664
684
682
662
642
706
656
634
656
620
626
638
666
680
676
654
666
670
660
610
638
608
666
640
694
652
664
694
698
678
650
668
664
660
652
628
612
692
676
642
672
690
694
748
716
680
670
638
662
632
624
636
676
724
734
682
728
716
744
704
692
692
674
650
602
624
610
618
624
722
646
688
680
714
704
728
646
634
668
618
598
584
602
642
692
694
734
768
772
822
776
692
682
716
702
694
670
656
676
746
746
726
752
706
752
742
706
706
676
680
746
734
680
656
672
646
656
568
610
582
570
552
624
668
712
776
740
684
636
670
678
700
692
678
642
672
604
586
604
572
546
612
644
640
704
698
678
718
690
676
648
672
644
608
636
612
620
638
682
682
686
718
780
700
720
734
720
780
744
722
706
650
690
682
698
704
736
712
694
646
674
666
692
704
724
736
698
692
696
740
724
690
678
688
686
692
674
644
700
688
660
686
630
638
690
682
686
634
638
682
660
642
678
642
618
664
672
672
646
656
676
662
720
690
650
664
678
664
692
684
638
662
658
626
698
662
626
670
626
704
664
634
678
652
516
556
618
686
668
758
724
710
690
640
680
672
668
644
648
612
724
706
716
686
646
616
566
636
566
570
562
556
542
556
526
568
532
540
512
562
536
550
532
568
554
546
638
508
538
562
662
752
760
810
784
820
812
768
744
738
744
732
736
764
796
762
758
774
724
746
700
736
674
652
640
672
658
646
626
632
650
656
726
698
718
740
748
736
738
686
668
722
686
626
668
674
662
712
700
692
694
748
724
694
664
712
698
668
630
662
638
648
680
712
718
694
678
686
734
706
656
692
662
664
592
582
638
644
650
704
706
672
714
718
756
730
740
748
740
776
680
680
646
696
666
730
738
700
730
750
770
760
728
732
812
812
790
804
752
722
730
734
712
774
734
680
678
694
706
732
710
658
674
724
738
754
744
720
730
720
744
684
684
726
764
808
844
810
840
800
744
740
686
694
682
720
680
710
734
712
688
640
674
678
714
756
740
726
748
684
728
726
796
772
764
776
724
732
690
742
734
734
760
700
714
764
744
718
686
642
728
728
696
700
670
666
734
716
698
768
774
772
690
710
672
632
582
624
606
618
656
730
796
754
786
796
774
696
666
626
662
644
648
652
690
704
764
714
598
776
626
704
730
798
786
720
762
750
716
668
662
642
614
684
714
768
786
858
726
748
746
708
658
686
664
652
640
630
652
632
706
778
830
816
852
834
822
810
762
758
758
738
746
716
692
664
732
730
756
758
778
784
778
792
754
734
692
696
702
770
756
752
778
786
780
706
732
746
792
824
820
768
726
746
734
734
686
732
728
736
720
658
716
704
708
696
678
748
726
780
714
690
698
684
710
738
826
778
754
738
716
874
724
704
736
716
712
754
726
718
682
668
670
692
712
704
684
658
650
664
738
718
760
716
702
716
700
700
670
632
666
662
660
680
662
668
686
700
696
694
680
702
662
664
666
656
632
672
678
648
606
652
642
608
646
630
624
646
658
720
686
638
598
626
634
620
632
696
722
754
768
756
744
664
682
642
638
652
648
650
730
708
692
648
708
706
704
714
660
658
654
650
676
674
720
734
760
752
726
704
704
750
736
724
712
694
682
706
712
708
650
686
690
690
746
692
744
768
686
762
768
754
766
730
686
664
654
646
692
664
772
790
790
810
766
778
762
766
796
736
702
690
706
718
684
654
714
624
760
724
542
780
708
710
692
692
680
712
662
698
718
744
726
746
680
680
658
634
600
664
672
714
702
716
730
750
742
730
668
638
710
690
684
638
696
720
736
756
698
638
690
692
712
710
678
700
668
696
698
718
676
716
684
710
692
660
680
644
636
722
726
736
720
728
730
716
716
686
664
630
648
642
646
768
822
830
876
812
832
738
762
722
738
704
692
646
620
668
680
706
732
780
760
752
724
744
682
656
642
710
734
754
732
752
712
718
718
702
696
708
680
760
750
776
716
760
740
734
682
652
658
642
616
602
672
692
692
742
686
680
618
654
646
690
758
808
764
732
702
732
714
722
786
742
730
726
726
696
730
670
652
614
682
670
706
736
724
726
658
670
634
652
622
592
648
652
646
712
734
762
768
778
722
768
724
698
660
642
642
634
636
622
678
722
740
732
756
672
642
680
654
622
574
614
612
588
596
586
600
654
654
630
648
616
588
614
600
612
646
622
638
700
710
692
752
728
738
722
708
704
716
686
746
718
716
716
722
726
736
704
712
676
718
730
698
740
720
680
708
668
676
664
714
650
694
670
646
648
642
642
628
616
604
638
666
654
660
682
654
672
624
590
648
616
672
612
648
642
690
740
736
750
682
680
662
616
642
662
702
764
746
752
760
808
714
732
680
684
674
678
662
684
724
738
728
728
790
764
758
762
744
672
716
718
688
666
658
692
750
778
734
678
704
726
718
684
688
718
738
722
714
750
734
722
650
700
728
756
702
760
750
738
706
660
714
718
746
710
698
760
760
728
734
770
780
744
724
736
710
660
686
702
726
748
730
722
742
738
702
670
714
724
662
690
748
708
804
764
798
750
802
808
822
738
716
702
730
772
746
762
822
794
728
744
752
738
766
722
726
718
718
736
788
776
748
758
768
728
766
774
792
746
692
728
688
662
678
730
818
796
748
766
752
788
712
720
768
764
704
756
750
736
708
750
744
736
678
700
718
766
768
740
734
776
722
668
700
712
722
726
706
712
714
686
696
692
710
758
698
744
754
752
718
708
704
720
750
750
702
680
706
718
696
700
714
750
732
782
790
796
788
734
716
740
690
674
702
710
794
756
750
730
722
728
700
706
680
646
664
680
692
722
764
824
744
754
726
708
750
690
652
604
660
646
656
664
710
686
742
764
762
716
706
698
638
666
684
692
736
744
700
754
762
756
712
760
844
812
724
716
734
734
716
714
720
764
734
708
780
786
756
768
736
750
830
802
718
762
770
758
804
740
728
772
766
774
728
712
692
716
710
716
784
800
768
700
722
688
686
692
740
700
722
704
730
662
650
666
728
742
736
760
786
782
792
722
744
740
778
728
716
782
820
800
514
692
688
720
692
704
780
812
776
810
878
874
832
822
802
822
820
816
740
722
750
714
722
700
706
680
684
700
762
752
736
770
722
750
730
734
768
762
726
754
758
698
678
716
734
696
704
708
746
696
710
782
782
730
698
764
762
712
760
768
740
702
738
720
672
748
758
728
738
752
818
732
744
740
698
650
672
668
710
696
712
752
786
750
716
720
726
750
690
712
736
784
708
704
724
748
760
800
750
766
788
784
736
730
766
784
766
728
770
768
816
752
758
788
768
800
728
724
776
704
706
714
774
726
680
736
704
658
692
678
708
704
716
744
774
774
810
718
740
690
722
660
668
650
694
718
724
696
764
782
740
746
714
722
720
800
762
760
802
830
800
738
772
742
802
720
708
744
772
788
748
768
792
776
724
706
702
752
732
696
720
760
770
766
706
720
768
744
762
766
766
672
762
726
716
692
716
720
776
748
716
764
756
718
676
720
692
666
710
736
762
734
772
828
816
780
770
778
792
736
746
756
786
772
718
716
780
776
712
710
742
726
754
660
688
682
702
704
664
730
750
788
734
766
774
774
788
724
718
752
718
684
700
750
744
718
752
754
738
736
728
742
802
736
766
778
792
748
746
796
766
732
760
764
802
732
776
774
756
746
724
784
768
746
670
740
716
670
664
654
644
714
678
670
658
674
692
724
700
716
772
752
718
706
702
688
690
758
754
760
794
750
776
776
788
762
808
768
710
748
766
738
752
766
796
800
748
752
776
720
738
710
736
744
694
764
774
744
734
722
744
728
730
726
756
760
780
786
790
744
504
618
758
682
738
762
770
746
716
768
780
756
724
756
788
796
798
756
774
736
740
720
752
706
740
784
806
726
730
790
774
730
726
770
774
748
718
764
734
680
692
720
708
754
770
828
824
774
802
766
776
710
720
736
746
788
736
764
724
788
720
714
670
698
684
684
680
708
742
764
796
734
786
750
696
694
712
756
782
756
746
746
690
664
678
688
690
722
790
838
846
836
768
812
784
752
706
720
734
790
762
738
786
800
786
774
752
778
742
698
698
716
690
682
754
794
820
780
820
826
800
736
758
778
730
710
692
720
690
640
720
720
760
766
814
786
828
806
764
762
778
800
742
728
724
750
696
726
748
742
744
708
686
704
746
792
760
784
816
804
782
784
804
776
766
762
822
784
796
788
780
878
786
788
812
780
756
766
776
722
684
718
750
758
714
770
794
736
762
748
752
724
670
714
720
704
712
774
776
780
800
812
844
756
772
786
750
704
716
734
724
686
734
826
804
766
778
814
796
740
700
764
754
718
712
748
770
782
794
754
832
822
796
756
778
786
780
716
782
776
744
778
560
682
722
712
746
772
742
764
768
746
762
800
770
732
750
686
746
764
756
700
772
780
820
810
770
776
752
730
706
714
814
770
734
796
814
776
742
590
638
614
708
700
750
710
740
698
716
770
718
700
784
720
734
712
750
684
670
646
624
680
698
688
668
710
758
772
756
732
744
758
752
782
704
742
778
798
746
770
766
792
704
668
656
724
778
832
772
722
790
778
768
708
754
756
838
806
720
714
704
692
662
656
668
724
710
714
802
746
792
784
788
730
722
752
754
826
772
778
794
744
728
738
776
780
822
818
766
756
810
748
790
824
824
778
760
826
764
726
780
802
764
702
728
742
746
722
760
810
790
724
704
746
702
674
614
672
668
648
622
664
634
694
708
602
920
766
716
762
758
638
662
612
644
672
734
738
818
824
820
814
826
826
834
832
820
778
742
772
738
774
722
714
732
728
710
690
680
684
626
644
592
636
638
614
600
628
648
620
606
612
618
610
638
668
662
628
602
642
622
648
684
714
750
770
604
916
782
728
744
778
662
662
710
712
704
660
670
642
722
722
752
702
682
710
692
700
698
670
656
662
700
666
682
754
770
742
718
690
714
742
714
768
714
752
764
764
736
698
752
742
776
754
714
726
710
744
686
714
708
740
740
720
668
736
728
704
794
590
632
638
656
676
700
760
706
690
710
762
786
788
836
778
762
770
764
768
756
734
672
692
704
694
772
738
730
730
722
562
792
692
716
734
706
718
792
740
730
716
710
762
716
720
632
880
796
772
718
750
742
728
776
718
686
670
732
724
706
668
712
724
724
676
680
748
722
698
668
686
658
688
698
732
690
712
776
786
598
634
672
664
714
700
746
808
806
834
770
724
762
756
724
732
722
724
774
716
714
704
750
752
800
746
724
750
718
752
768
776
826
800
776
744
758
758
746
736
714
740
766
774
816
788
810
764
806
746
690
674
728
730
710
702
800
812
792
794
798
800
800
554
662
720
768
740
688
686
736
728
716
704
748
770
740
730
736
752
762
708
702
678
742
750
776
722
682
686
648
700
672
664
714
732
766
784
772
730
778
758
758
742
716
764
760
746
714
742
758
800
732
732
754
770
770
724
710
726
730
688
704
720
742
706
672
746
770
778
758
764
738
738
744
708
716
740
724
722
726
752
772
778
744
740
786
744
770
724
740
738
728
702
694
732
780
736
692
740
718
756
696
712
726
686
700
672
720
676
702
656
642
734
746
788
576
648
600
682
664
646
666
672
746
716
694
720
740
748
696
716
684
678
696
716
688
710
680
696
838
734
700
674
672
742
748
698
708
762
772
788
758
734
720
710
710
664
680
766
758
792
712
690
750
742
680
656
696
746
764
804
734
718
770
754
720
720
706
716
720
662
676
714
744
756
778
718
740
780
764
722
770
760
774
756
726
746
764
790
776
754
764
756
732
734
678
690
738
736
666
682
708
696
680
694
638
642
672
702
690
658
672
730
758
734
708
722
778
782
734
696
762
758
818
758
754
716
712
558
590
636
720
752
730
768
766
710
768
760
764
736
724
666
710
692
716
702
696
712
730
720
746
698
672
700
662
690
646
682
700
732
718
684
740
762
780
754
768
678
740
754
770
764
758
746
752
788
746
702
704
740
736
768
686
738
776
808
784
730
666
678
682
682
738
676
756
776
808
800
790
790
766
682
684
690
718
676
698
688
766
760
690
688
756
698
656
704
668
704
674
690
732
744
722
682
704
742
764
768
750
794
808
816
796
774
718
790
766
568
914
724
604
896
726
686
710
722
694
688
760
748
700
746
744
752
706
704
708
782
740
668
688
676
672
658
714
748
752
650
762
754
736
714
654
642
670
670
616
612
670
680
754
796
778
762
822
788
760
718
666
636
674
698
718
798
822
824
782
782
760
726
684
652
622
662
668
742
766
800
734
792
746
768
706
720
746
740
764
718
694
688
748
730
694
706
732
732
732
750
718
700
712
694
692
664
686
650
670
716
762
760
744
760
752
772
770
746
740
746
802
768
778
726
728
782
782
824
756
768
766
750
704
690
760
766
742
734
740
772
770
720
768
776
798
746
758
746
734
748
730
682
738
718
654
646
674
688
726
716
742
740
754
732
762
700
706
708
768
696
680
706
764
742
696
702
678
654
616
612
622
586
576
592
570
552
568
556
586
524
548
986
610
512
680
710
718
720
742
764
784
824
854
832
806
778
826
804
770
736
820
786
800
636
966
788
766
746
710
742
690
652
680
674
690
664
670
672
722
720
710
706
712
716
708
718
686
668
662
680
656
690
674
654
730
752
800
800
810
562
898
718
724
718
684
664
668
682
720
708
800
794
720
730
722
678
676
666
710
720
692
670
680
704
748
740
806
774
750
726
726
740
718
722
664
682
748
754
762
774
722
774
690
684
682
684
692
582
840
660
664
716
728
726
714
754
502
718
702
694
664
688
678
684
712
688
716
674
662
632
648
634
634
600
650
636
648
734
734
764
804
760
596
702
664
658
776
718
684
616
658
656
684
732
768
778
750
576
952
730
720
756
762
738
668
754
710
734
724
730
720
754
766
782
738
748
752
720
550
796
676
702
686
684
692
716
742
746
714
728
716
668
702
712
734
734
732
744
714
750
604
596
610
674
628
676
798
818
790
562
590
700
776
826
796
752
714
734
768
748
710
704
690
748
722
752
710
722
738
722
772
766
782
776
776
786
774
806
768
752
682
714
676
670
656
646
726
764
816
776
702
730
724
724
732
670
728
680
676
690
720
722
720
776
740
682
728
684
694
692
654
698
658
700
736
706
756
728
770
782
772
732
764
744
768
758
720
746
776
778
792
752
772
750
768
774
644
682
750
702
724
732
726
792
734
658
702
668
688
700
716
730
770
812
832
764
828
766
754
720
692
698
690
764
736
692
718
722
764
756
784
762
782
752
658
772
740
764
754
716
730
740
720
758
738
762
760
698
722
686
706
720
714
682
692
710
678
680
652
682
702
710
724
702
712
736
706
716
668
822
698
682
700
760
772
772
680
734
728
700
748
696
714
752
720
730
682
722
754
710
698
708
720
694
660
692
508
664
704
710
748
752
774
730
758
706
722
700
674
680
684
744
724
694
728
748
748
764
740
770
770
742
698
700
702
702
746
746
738
742
744
718
684
698
700
744
748
754
540
752
694
738
730
768
766
754
734
766
740
746
770
748
914
708
562
662
766
684
744
692
686
936
614
646
756
800
806
812
624
1060
744
764
734
742
710
700
714
740
762
752
724
706
718
764
750
782
786
766
766
746
772
780
754
698
754
764
684
710
756
768
734
686
762
784
746
724
700
758
760
714
772
748
796
798
750
750
572
774
706
650
694
872
838
816
862
784
816
800
746
724
736
578
788
706
510
774
788
744
744
794
776
754
730
734
716
742
696
692
734
740
732
758
710
774
710
706
730
702
778
756
780
788
560
664
750
750
702
640
698
696
804
742
730
784
798
752
698
718
700
762
704
700
708
662
720
732
742
736
722
780
772
732
762
748
732
704
728
668
650
678
688
664
688
692
720
758
740
684
754
716
736
696
742
686
748
752
764
718
768
750
752
744
674
754
712
782
770
732
620
670
774
700
666
718
748
772
768
732
728
748
756
728
704
896
736
722
728
698
674
764
736
742
692
734
726
752
734
700
730
736
734
708
640
682
686
692
664
656
740
758
784
732
738
750
750
756
702
594
882
762
754
724
722
736
740
692
712
680
718
696
732
674
698
734
746
784
682
716
736
664
696
592
564
682
704
728
792
788
768
748
772
714
694
664
648
630
612
704
588
564
636
650
714
776
838
570
596
852
828
838
862
808
790
782
758
724
680
732
728
742
750
800
772
744
754
702
718
672
652
586
632
626
630
708
732
756
710
686
700
554
832
670
660
668
678
710
714
674
718
714
714
690
682
668
696
716
732
676
726
722
746
728
680
734
686
742
658
756
636
620
674
692
714
734
688
724
714
748
658
702
686
712
718
696
662
670
700
694
606
680
640
638
648
676
684
678
706
654
682
668
752
744
742
692
696
704
698
684
692
690
704
706
756
720
756
726
720
778
744
698
712
692
674
642
658
668
712
734
754
702
698
748
754
712
652
664
656
656
690
698
678
704
688
714
720
686
690
652
652
648
716
718
832
754
716
744
690
686
676
708
674
688
648
728
678
760
706
720
714
732
742
756
712
706
664
772
622
714
744
656
716
692
664
694
612
646
634
614
668
640
746
746
750
720
770
762
766
706
734
694
548
852
676
654
646
628
676
658
662
618
668
680
734
714
698
686
704
700
726
656
666
648
652
702
712
766
736
734
746
750
738
682
694
694
700
704
718
684
706
690
764
742
734
704
710
728
780
738
668
712
698
528
608
724
746
744
706
700
706
692
728
764
668
630
676
640
652
626
636
596
648
654
660
600
776
800
788
812
748
744
692
508
802
662
582
630
600
620
644
668
730
696
668
646
698
680
642
654
664
638
690
652
676
720
728
610
862
700
698
654
600
664
684
694
660
700
722
716
780
728
720
678
654
670
686
694
716
742
694
638
630
598
620
566
630
648
660
664
720
686
664
692
692
706
710
722
658
644
672
676
734
594
718
726
776
778
758
720
714
748
750
786
710
724
722
700
744
716
732
668
636
738
650
646
652
738
704
706
770
748
696
698
720
722
706
682
682
690
702
714
708
682
698
730
720
766
752
684
690
736
730
746
718
714
718
714
704
734
668
710
762
758
746
778
756
800
766
730
728
662
620
664
624
668
662
728
732
802
778
748
726
714
734
706
654
642
650
614
672
676
686
746
700
658
702
698
702
700
678
696
702
758
690
698
682
746
734
700
682
694
766
740
696
688
712
682
726
664
652
632
684
686
662
724
758
766
756
730
748
760
746
714
682
704
676
722
672
630
702
716
728
736
690
676
666
680
568
660
648
744
698
542
868
686
698
528
692
552
618
636
620
626
618
618
708
726
724
708
732
686
764
734
746
706
680
668
680
680
682
638
684
652
646
638
648
688
724
750
756
720
738
700
662
616
694
706
722
694
630
634
600
632
612
622
710
858
842
844
870
834
720
722
712
710
720
690
690
654
634
588
592
638
668
680
706
706
690
676
630
644
658
656
652
692
658
646
576
648
664
684
704
646
698
682
608
814
746
752
748
718
754
730
704
712
750
670
596
772
678
672
670
682
726
754
748
786
710
724
734
702
662
652
648
514
804
674
684
688
680
724
706
652
652
628
592
636
608
620
640
682
738
750
746
768
748
686
634
666
644
620
662
612
680
712
734
668
654
634
676
658
692
688
646
640
636
628
650
602
584
618
606
632
676
678
714
726
718
734
# end time: 2014-02-27-02:52:16, 1393487536.28
