# R wave intervals in milliseconds per line
# start time: 2014-04-08-13:07:31, 1396976851.69
632
730
616
694
760
510
750
752
702
714
650
682
718
804
826
818
802
782
682
734
736
762
718
620
650
758
600
602
640
624
666
598
632
672
616
622
646
670
632
614
636
652
662
718
634
634
648
654
664
670
682
680
654
662
650
650
796
512
570
606
630
626
664
686
688
680
718
674
644
648
628
636
654
660
708
678
672
614
682
668
600
630
650
666
688
664
618
648
664
676
690
734
672
634
650
686
678
684
750
712
654
632
636
698
698
698
654
648
640
652
744
800
704
580
608
678
660
664
670
620
582
610
602
588
600
676
672
684
682
736
522
590
612
648
654
674
674
664
694
708
768
756
706
688
644
638
698
684
702
680
640
668
678
738
694
688
618
678
682
672
688
626
634
630
656
680
712
674
682
732
734
680
718
552
630
632
630
626
756
634
652
666
668
590
670
632
714
726
756
770
702
646
696
668
670
668
708
688
650
662
674
680
694
636
652
618
646
668
668
678
656
698
658
628
666
628
620
674
612
556
610
632
618
620
636
650
684
710
670
696
784
742
650
710
696
702
696
668
648
616
638
646
652
640
598
660
654
718
664
558
632
632
656
654
704
616
592
626
584
610
602
620
648
698
752
756
760
786
716
732
784
766
738
752
658
624
632
696
736
782
750
672
684
750
730
722
642
656
646
700
712
688
646
674
718
712
654
626
672
688
698
712
638
662
724
722
690
648
686
714
720
720
646
702
692
656
684
632
632
688
732
778
738
662
722
718
698
684
630
620
668
670
696
678
640
680
688
696
736
652
638
696
696
690
630
650
660
694
684
634
634
646
652
634
564
616
586
600
618
646
660
612
642
610
620
614
652
630
608
644
598
600
638
646
718
714
720
700
734
678
658
626
620
638
650
640
600
632
632
652
680
700
662
692
632
644
584
612
608
596
618
612
630
748
768
798
768
682
650
634
618
622
620
620
624
624
616
652
656
728
710
686
624
640
616
590
640
682
730
710
728
718
752
756
716
680
638
662
674
658
700
638
648
690
694
766
736
650
686
684
692
688
702
662
624
630
656
646
686
684
584
700
672
706
686
632
640
632
664
650
606
688
608
588
612
652
652
678
648
602
604
584
628
586
602
644
634
618
682
698
718
734
734
666
702
656
632
704
710
720
696
634
652
762
616
646
650
610
680
670
680
750
748
686
716
718
716
716
698
654
598
636
630
632
690
634
678
636
684
784
802
816
698
668
620
660
668
652
664
670
612
668
668
740
708
668
664
686
652
666
628
652
700
732
708
708
552
648
600
664
672
656
612
654
664
698
716
704
666
730
724
696
726
652
614
716
636
614
664
654
682
680
626
678
620
630
634
648
688
630
618
622
698
736
818
784
766
766
732
716
682
782
566
654
684
782
754
728
718
734
750
698
606
644
602
682
652
604
588
606
602
652
688
790
670
718
662
684
732
710
658
642
648
672
630
606
636
600
598
568
582
602
626
638
632
630
640
712
706
704
700
650
634
648
656
648
696
650
654
680
698
654
682
648
656
678
636
582
648
634
650
666
652
682
668
694
700
650
602
632
630
600
590
564
636
812
752
784
780
786
740
802
744
704
734
732
770
734
780
752
732
730
686
668
680
620
710
630
550
584
602
568
584
658
676
700
704
726
734
656
676
636
652
662
650
586
586
598
616
614
684
632
666
652
712
738
734
698
642
640
656
644
666
630
590
614
648
622
594
602
646
598
614
656
646
666
634
600
618
628
600
602
586
644
602
580
620
582
536
584
536
700
596
616
634
666
598
598
634
668
702
700
700
632
798
646
652
654
664
648
648
624
594
620
584
598
626
654
650
634
666
684
666
654
610
600
614
630
644
562
712
648
822
616
696
732
734
686
604
678
664
654
586
644
622
644
750
738
764
748
668
696
686
682
696
656
628
654
630
626
672
650
580
748
590
600
702
702
718
684
664
634
666
652
674
722
748
750
736
718
680
646
686
680
664
632
604
642
696
716
704
668
662
666
686
690
724
646
624
646
652
648
636
626
602
622
630
684
644
620
648
668
634
668
600
602
626
622
682
616
568
598
604
656
696
688
760
638
652
576
644
624
632
600
616
632
670
700
734
666
794
676
530
588
546
616
652
668
668
672
716
682
664
662
678
658
700
700
642
638
660
678
734
716
652
628
668
686
700
714
718
696
618
650
688
682
712
700
636
648
634
666
650
684
648
634
668
668
702
700
662
622
648
652
678
668
632
638
662
684
696
674
666
616
620
636
660
688
628
648
634
682
668
638
632
668
600
668
664
668
684
666
632
632
696
724
712
688
748
716
652
636
630
666
650
622
664
700
708
704
668
700
754
670
646
602
618
618
634
662
640
680
708
712
746
550
520
680
552
582
634
664
682
704
704
600
630
606
642
620
634
748
768
682
672
712
734
736
700
668
668
664
650
682
676
702
678
724
702
720
668
616
634
666
688
684
698
702
702
730
702
670
594
610
658
638
630
612
602
554
614
588
614
668
636
632
600
604
612
604
598
616
632
644
656
614
634
636
666
668
634
602
614
654
668
698
696
678
726
742
672
666
700
734
702
634
668
602
596
592
580
560
522
590
592
598
680
542
600
694
534
768
752
684
700
636
614
656
680
704
724
730
734
754
716
702
668
700
732
738
698
664
734
710
704
686
684
516
568
762
688
752
736
682
620
602
614
608
730
676
736
754
716
734
668
724
568
618
666
652
634
604
700
634
666
738
568
654
666
634
634
716
568
600
602
582
618
604
702
714
622
600
638
650
682
556
630
604
646
636
602
634
636
710
658
670
674
618
632
630
666
686
634
598
620
648
638
668
636
614
678
678
686
682
702
618
636
716
662
656
646
666
710
702
700
656
780
654
782
700
666
704
702
660
700
644
592
670
676
638
630
650
702
652
668
634
552
650
602
574
614
636
646
650
618
636
634
654
664
682
586
688
624
698
666
650
684
684
650
650
636
628
644
700
668
636
602
800
534
536
584
632
652
664
698
748
784
748
804
596
590
778
656
614
664
624
666
676
544
544
580
714
654
728
666
634
644
574
602
772
628
618
548
622
626
568
618
654
716
684
652
724
630
640
566
632
616
632
600
604
566
588
510
632
616
514
584
546
586
518
536
550
534
524
612
566
578
540
710
548
566
614
602
620
602
664
680
696
592
616
544
602
644
606
600
598
568
594
604
606
668
736
690
634
656
658
652
666
634
600
616
634
666
734
746
730
716
754
666
700
638
590
678
626
610
640
664
668
674
760
696
656
694
650
716
630
590
612
654
682
702
714
810
672
698
746
592
710
634
600
636
634
702
668
634
630
672
624
616
620
616
664
616
618
602
564
586
596
652
600
610
654
648
668
634
734
634
572
600
602
624
604
632
668
678
688
714
672
728
658
678
614
588
660
662
636
788
582
668
650
616
632
650
636
668
668
646
668
712
646
690
600
600
634
644
606
586
614
586
646
664
686
650
598
620
628
608
612
618
600
634
534
566
604
592
620
640
686
686
724
694
634
768
638
664
698
670
606
660
698
700
712
704
682
652
668
670
734
734
728
700
744
774
794
708
760
602
666
602
700
650
616
664
700
782
720
678
668
734
654
652
694
656
716
636
666
696
650
588
606
666
668
682
700
768
736
698
670
636
700
650
654
674
684
666
690
716
642
654
648
602
616
616
616
636
642
666
734
706
674
694
642
668
602
660
536
566
584
584
602
634
568
568
768
670
626
664
562
598
620
566
522
610
572
636
634
648
688
668
640
696
654
622
628
600
600
602
604
598
602
666
776
504
556
636
774
794
788
656
694
736
702
768
694
502
734
698
680
700
750
718
734
686
716
664
672
698
706
694
632
608
662
700
712
704
666
716
686
714
716
666
610
596
638
642
660
636
666
556
634
614
636
692
676
736
730
728
668
614
666
652
680
736
736
798
772
708
728
736
734
704
736
596
602
634
602
616
616
632
750
780
814
700
604
866
736
696
604
598
614
598
588
610
634
736
800
566
670
734
532
746
744
682
604
620
614
686
684
750
750
736
702
734
764
738
768
736
718
686
718
682
702
752
762
756
680
656
672
618
580
602
588
612
664
640
692
652
716
780
788
746
638
662
638
648
646
610
628
614
644
622
664
702
758
674
702
664
702
716
602
666
666
696
740
514
766
728
708
722
576
728
698
648
624
712
692
760
654
722
738
720
712
652
670
678
652
964
750
598
598
616
636
682
734
798
502
602
776
722
700
836
684
684
634
664
608
706
700
750
800
734
668
748
716
734
650
632
636
602
594
586
662
584
530
618
574
556
620
638
542
548
606
600
602
630
632
600
588
626
622
648
666
666
684
668
648
664
672
666
664
634
634
666
686
730
734
686
662
650
670
670
712
666
602
616
602
616
734
754
696
668
782
618
716
698
654
652
632
696
688
628
620
632
684
684
702
502
748
580
686
694
698
654
652
598
536
596
570
638
630
682
682
668
684
684
648
650
632
622
630
618
602
598
618
634
684
730
752
716
666
670
668
662
652
632
632
636
666
702
684
734
762
702
688
714
666
716
684
682
604
598
616
618
666
684
714
702
666
684
668
666
650
650
648
636
632
636
634
696
686
668
632
634
652
684
698
682
618
602
652
648
666
648
620
636
614
654
546
600
600
600
624
632
600
664
696
702
716
602
616
618
616
634
636
632
598
600
618
636
650
664
650
652
650
702
566
600
632
666
682
588
598
548
706
548
614
700
672
646
650
650
636
646
652
618
618
682
684
732
732
788
798
736
684
634
612
602
618
632
634
672
746
786
748
686
602
698
636
630
616
586
614
618
652
648
682
666
654
636
680
636
650
620
628
634
672
648
648
616
604
648
666
652
682
700
770
750
700
670
646
652
682
654
598
766
734
750
772
680
716
686
714
722
762
702
638
648
680
686
650
768
670
678
700
678
656
670
614
634
634
648
636
638
666
696
736
746
686
666
666
668
652
632
634
634
646
654
636
632
630
618
650
664
654
666
634
604
652
646
614
634
612
620
620
598
600
588
632
648
632
600
618
648
650
622
680
634
614
588
580
584
584
598
582
590
634
630
616
652
614
618
652
664
654
680
686
632
650
614
560
640
672
678
666
666
630
690
700
650
616
634
664
650
668
666
668
634
698
684
666
684
616
634
638
662
652
652
630
650
668
714
702
716
636
648
666
668
680
672
660
652
648
654
598
654
664
634
634
648
650
634
634
600
600
632
636
616
632
620
680
666
670
694
654
664
684
684
752
708
674
684
684
716
714
700
650
690
736
742
754
698
684
680
688
714
682
638
678
686
716
718
666
664
668
670
678
652
630
634
668
648
652
700
716
668
686
632
618
628
618
614
634
636
648
750
732
768
632
670
666
700
746
736
802
580
652
732
714
650
682
688
680
714
638
618
646
648
618
616
586
568
594
602
634
686
844
802
754
830
732
656
660
668
634
682
652
614
634
614
620
632
652
670
710
766
750
656
662
650
682
702
732
738
692
702
734
768
734
652
612
638
660
684
698
652
640
674
716
720
750
732
666
666
686
696
700
656
612
670
678
700
666
700
666
688
684
778
684
668
682
698
716
720
698
652
680
682
700
682
650
672
714
714
698
624
630
596
604
628
600
554
596
572
596
602
614
666
654
614
614
632
608
628
616
598
600
602
634
630
648
634
648
668
634
668
614
634
652
668
666
662
618
600
632
630
638
686
646
616
620
634
650
646
602
646
640
646
682
638
626
620
650
616
632
632
650
650
618
652
632
618
682
648
620
630
616
634
586
598
614
634
650
652
616
584
582
600
598
604
616
598
584
636
652
694
688
698
680
652
598
682
642
678
664
636
620
614
632
632
602
614
620
584
598
602
582
668
698
684
670
662
648
654
772
514
614
566
586
594
570
550
598
618
614
654
616
598
584
670
778
504
516
516
520
548
532
586
516
516
534
736
546
554
996
518
534
550
618
682
718
656
908
666
652
566
698
518
798
754
664
714
716
736
798
782
756
744
768
702
746
700
652
634
632
654
580
648
720
748
770
746
786
800
702
678
670
708
662
682
714
698
668
618
646
620
602
602
594
584
586
618
614
598
620
668
616
646
720
746
748
754
700
666
630
638
616
652
604
676
672
650
712
684
702
616
604
616
634
678
700
654
632
668
648
636
664
652
604
662
588
612
616
634
648
686
700
766
752
764
736
698
666
650
684
682
668
634
688
712
700
684
634
616
616
616
634
664
720
732
784
702
664
688
682
712
732
700
718
784
782
734
734
736
762
770
724
704
718
734
740
712
734
764
796
720
732
768
748
702
628
592
616
614
582
638
662
716
718
716
732
750
754
762
704
646
620
614
600
566
602
550
586
572
606
634
570
662
620
646
654
534
714
586
610
620
620
634
680
634
648
668
686
702
746
684
682
702
700
700
648
584
632
620
630
620
614
636
604
680
634
648
618
634
632
602
634
598
584
598
584
570
614
568
600
570
580
584
598
618
670
666
696
674
664
696
656
648
650
634
648
634
606
626
634
650
654
630
634
648
666
670
718
664
650
620
664
620
596
602
648
702
716
820
782
766
736
696
692
698
696
666
634
648
658
664
662
616
666
654
684
664
622
630
620
666
600
580
602
598
600
584
552
614
620
634
644
656
650
648
590
582
642
626
644
618
622
596
600
634
638
580
570
628
634
666
638
648
666
682
688
698
700
652
646
634
634
638
614
614
590
650
594
718
706
730
718
636
684
660
622
606
590
586
564
552
606
530
616
636
680
656
646
636
684
700
668
662
652
898
648
682
756
764
804
798
766
734
666
682
700
720
764
764
736
664
668
654
624
596
568
568
566
596
602
666
682
706
758
784
718
714
702
684
700
666
650
598
618
616
634
664
642
612
682
684
688
712
620
662
652
522
664
666
614
602
616
604
664
702
684
664
684
684
698
686
648
622
628
618
748
580
566
602
586
650
686
628
604
666
632
616
518
616
536
550
532
520
560
522
546
534
532
566
566
520
514
506
726
636
698
684
686
730
716
716
666
650
670
718
798
772
750
728
752
770
782
776
738
716
748
768
768
750
702
748
704
732
766
768
704
696
746
736
768
716
700
716
700
650
634
650
668
698
684
652
748
750
752
748
652
700
698
716
720
746
706
696
752
780
788
800
800
882
754
764
756
742
716
684
702
702
748
686
666
680
684
668
632
618
634
632
600
602
620
612
618
618
616
634
634
602
614
626
656
666
652
618
650
632
632
634
600
650
634
684
700
732
732
702
684
682
668
666
650
632
636
680
688
698
732
684
668
666
698
668
630
620
636
646
682
652
704
662
682
734
732
716
652
654
520
662
716
700
650
650
706
680
714
648
650
668
666
634
784
654
596
564
584
552
596
620
666
748
732
736
718
748
666
652
666
666
714
734
570
814
636
680
686
714
716
700
674
614
718
722
762
718
670
644
654
648
714
736
784
766
764
732
654
664
668
684
718
746
718
714
736
748
772
614
832
634
618
616
630
620
634
662
618
650
684
698
688
664
652
680
668
636
682
654
658
622
742
582
566
616
586
598
600
600
652
666
702
720
534
714
716
614
652
684
538
526
602
604
644
670
702
668
766
712
504
632
682
618
520
600
598
684
666
668
566
734
664
652
650
634
666
732
718
734
700
650
728
722
734
700
666
534
628
634
568
732
668
720
712
702
784
684
684
782
522
548
746
702
694
672
752
780
750
704
680
650
648
650
686
750
736
712
684
714
684
636
632
632
652
682
668
668
630
618
618
664
622
664
632
648
654
680
652
648
636
650
668
680
600
550
600
636
680
718
700
698
734
750
766
734
618
764
668
686
716
650
680
700
736
734
750
706
692
732
718
736
698
698
750
750
766
700
670
684
714
734
734
700
666
682
698
734
736
684
732
704
714
668
632
632
618
632
600
588
612
618
616
602
620
678
688
716
732
648
666
654
664
682
654
616
648
620
632
620
626
640
670
664
664
672
714
730
704
682
652
698
706
710
686
650
652
696
700
666
684
650
700
734
752
768
696
684
706
728
750
700
654
712
702
698
638
696
688
734
764
700
684
668
666
682
684
652
648
636
682
654
712
700
670
686
732
664
682
636
650
648
686
702
696
664
628
660
634
680
654
632
704
702
728
704
662
688
714
684
656
646
634
684
652
714
654
680
686
714
734
716
682
670
704
696
682
666
700
718
718
750
682
702
702
682
632
634
664
674
678
716
684
754
746
730
686
668
650
700
602
632
606
628
616
594
624
644
674
670
666
668
682
720
734
716
700
750
776
724
700
712
734
738
762
654
748
718
728
772
778
756
744
704
748
738
732
750
784
792
782
706
704
716
716
712
686
730
768
752
720
678
684
684
682
688
708
720
684
688
750
728
752
652
650
682
696
672
662
666
704
716
698
654
684
700
732
718
666
728
704
728
640
650
700
746
782
772
750
832
784
718
666
696
702
714
668
716
750
754
734
678
734
704
682
668
700
748
768
782
766
752
750
684
648
668
714
720
698
714
736
518
740
734
716
684
716
684
716
698
652
684
716
750
666
674
708
702
700
700
666
684
730
754
732
754
704
726
720
686
650
660
700
652
728
630
634
714
700
642
662
664
652
622
612
600
650
632
586
574
608
598
588
582
634
614
650
666
658
714
634
700
652
650
622
594
604
778
628
714
752
736
732
700
678
596
632
620
628
602
598
652
750
772
730
732
716
720
714
668
666
668
666
738
710
654
712
736
736
748
698
570
732
614
670
600
598
648
620
634
634
648
666
652
652
604
610
600
602
566
566
552
566
550
552
566
568
548
582
584
536
720
528
752
588
528
568
516
548
536
802
530
504
512
518
516
642
542
570
662
700
734
750
518
598
504
614
620
770
576
822
762
566
666
654
664
670
704
640
670
684
550
774
710
700
698
684
652
662
698
752
784
816
762
722
636
632
636
638
624
636
616
630
588
556
562
566
538
546
552
630
670
700
734
738
708
636
614
586
600
600
568
582
584
602
632
632
634
638
580
550
618
632
648
654
634
614
616
586
566
616
518
584
532
552
632
616
600
614
606
630
620
614
616
622
698
750
748
686
714
668
620
614
632
620
630
700
668
684
684
634
648
684
688
680
686
634
652
534
816
598
630
634
604
680
670
700
632
650
656
680
672
626
636
696
704
718
684
650
654
698
700
698
636
696
704
702
678
684
716
720
780
708
726
752
746
672
598
652
584
638
630
664
684
724
594
636
618
634
614
600
610
624
548
570
602
598
598
570
580
566
606
548
550
612
590
580
568
564
620
664
704
718
700
616
616
616
600
568
650
638
628
616
604
632
652
666
648
618
614
618
634
682
688
714
720
630
666
656
680
652
632
602
592
572
600
650
702
766
782
732
686
704
700
648
632
654
712
752
802
814
770
716
682
652
668
698
704
696
700
688
716
814
784
784
734
684
682
686
698
668
618
664
682
700
668
684
700
736
700
716
668
682
684
688
662
650
666
716
720
730
670
632
648
652
684
634
646
618
632
620
648
738
664
746
722
768
748
670
616
614
652
632
730
770
720
778
752
752
766
682
684
682
682
636
634
714
720
728
654
602
664
640
676
720
766
768
714
648
606
628
600
616
618
584
602
580
584
584
588
578
568
582
590
642
702
750
766
816
752
686
662
684
706
746
770
794
720
668
748
766
800
778
706
564
670
636
666
748
722
680
716
750
734
680
656
710
724
714
682
684
734
740
692
650
648
702
732
834
816
622
948
800
582
688
712
750
718
766
748
720
732
798
804
720
794
650
920
764
732
684
684
752
820
832
862
824
744
720
728
706
696
632
588
700
748
836
850
780
782
790
812
768
698
684
686
730
686
666
698
736
766
816
716
752
766
780
752
670
698
698
718
748
702
668
686
762
750
734
818
674
654
710
716
714
700
702
734
798
766
704
712
656
652
732
714
670
698
716
736
748
714
670
698
718
700
666
666
654
658
730
784
682
680
722
718
732
654
652
728
658
702
636
832
684
692
670
680
600
596
636
616
616
602
574
610
576
560
624
708
684
814
674
666
670
684
702
650
652
614
654
664
722
708
666
698
668
716
732
742
764
716
718
698
718
668
642
658
732
742
702
724
708
814
744
622
670
584
700
716
670
646
736
716
686
692
650
644
630
646
618
636
620
848
628
656
730
712
696
714
718
776
754
712
690
698
684
698
718
670
668
718
728
760
728
668
730
690
756
722
618
664
690
662
752
680
652
672
694
674
658
712
592
616
700
686
682
668
656
676
674
678
680
706
726
752
718
720
666
700
666
766
684
618
652
676
702
720
698
668
660
614
678
778
696
654
614
684
836
572
630
676
724
736
720
668
746
718
716
754
732
682
716
732
734
664
636
668
790
748
750
682
716
720
704
598
684
690
832
632
712
738
670
688
750
744
682
682
700
720
772
716
658
652
700
724
744
766
732
716
734
716
708
648
612
746
544
536
584
758
754
802
822
832
514
784
880
602
732
672
776
718
670
730
650
580
632
778
556
648
644
794
664
604
680
636
502
678
698
684
634
702
714
698
696
730
678
660
668
690
680
658
618
686
658
680
668
646
618
666
674
676
574
758
702
670
652
658
660
676
636
638
662
638
612
634
632
652
684
676
654
678
710
714
752
780
700
646
656
698
698
706
728
668
686
732
720
762
720
518
670
716
766
752
684
702
686
746
732
734
666
686
730
758
712
736
680
702
716
684
636
630
664
700
728
720
642
776
754
742
746
680
672
722
590
694
724
712
626
690
704
696
686
702
712
736
702
650
698
706
712
752
678
686
716
718
702
716
666
818
668
692
642
636
662
666
656
694
648
668
702
716
686
650
684
702
698
700
670
686
710
734
702
750
670
666
680
718
698
660
628
698
696
700
672
668
680
618
634
680
620
622
748
610
614
650
618
598
618
640
682
686
732
700
602
636
602
628
620
648
682
684
668
620
684
682
714
716
702
670
714
702
700
762
754
700
688
696
768
752
716
684
698
702
734
764
654
668
746
768
734
720
714
722
732
664
650
650
654
716
696
638
682
736
766
748
682
652
686
734
746
734
668
634
668
700
716
714
650
650
718
718
732
688
642
670
684
666
728
692
652
678
692
694
766
688
650
728
720
702
766
700
666
684
746
738
734
682
650
686
682
748
722
728
630
654
688
734
692
624
660
716
702
666
602
648
634
652
606
628
596
620
680
732
704
702
620
632
632
634
682
640
596
672
678
724
734
762
736
750
800
766
734
650
812
602
700
800
750
660
672
698
736
750
734
668
716
748
734
734
666
660
724
782
662
652
854
632
750
776
686
658
636
654
714
638
616
644
684
736
828
590
502
714
716
716
750
730
668
620
618
630
634
636
686
616
664
668
710
674
682
668
716
684
666
634
656
678
668
666
636
600
612
620
636
648
634
598
584
568
616
568
632
606
680
752
702
762
648
640
616
570
692
670
782
836
900
816
502
754
794
756
734
596
746
784
670
802
744
502
784
768
662
706
750
782
736
662
626
706
690
730
700
716
784
770
800
714
646
688
716
718
700
664
682
686
732
686
650
678
668
652
634
632
620
680
750
786
766
766
800
768
786
728
652
664
698
670
682
686
636
662
700
732
732
682
684
740
762
720
684
660
700
688
666
682
648
684
716
716
746
670
700
734
732
682
654
664
732
718
718
650
650
686
718
744
766
714
686
716
768
718
648
680
670
670
626
624
696
698
780
702
734
784
762
690
700
660
670
670
630
598
604
630
614
638
768
732
692
622
502
554
612
586
846
576
604
640
708
770
780
766
812
736
784
704
684
700
688
656
622
634
648
684
704
680
786
780
850
732
736
748
764
686
662
640
666
706
738
720
664
738
730
726
688
632
686
716
748
736
684
714
732
718
698
640
648
712
722
698
684
700
738
748
798
700
724
722
720
670
680
652
716
716
688
682
708
740
730
732
652
654
694
720
652
748
682
682
670
630
634
600
614
628
606
702
698
554
700
596
644
590
646
648
652
730
768
768
716
748
654
734
662
740
686
710
670
648
670
776
870
630
722
732
616
746
748
768
936
720
748
782
784
752
634
780
724
752
740
684
716
766
766
768
718
712
726
734
780
700
668
720
702
696
636
710
614
664
702
766
684
666
654
632
796
706
716
616
636
668
746
602
680
604
746
622
694
716
710
712
636
666
696
702
666
656
676
684
700
718
680
636
716
612
652
700
720
732
682
686
700
724
724
716
684
650
668
700
722
676
676
730
764
788
846
786
764
734
604
664
670
746
774
676
652
700
750
782
748
686
720
734
752
732
684
694
720
918
582
548
814
772
756
514
612
716
784
644
832
590
656
730
660
678
698
818
834
772
714
816
584
746
520
734
700
690
676
686
678
634
602
604
614
604
628
702
528
586
778
732
508
514
618
778
526
804
502
600
682
510
782
772
782
762
690
730
518
596
506
530
632
788
670
770
742
758
764
680
710
510
750
810
764
694
748
766
768
750
732
668
710
726
764
784
730
688
712
726
680
636
654
670
726
764
716
706
746
768
744
706
680
654
678
704
684
652
710
728
730
752
694
634
634
632
664
694
760
748
718
518
584
528
518
634
518
786
722
514
578
700
504
750
748
698
706
508
746
744
744
702
732
720
812
726
706
722
752
782
770
684
712
768
786
768
684
630
668
668
672
614
770
702
532
518
640
536
524
636
746
778
742
772
778
740
710
634
802
746
756
728
704
816
622
764
722
660
742
512
780
740
686
648
648
682
738
514
598
752
726
778
696
670
624
624
640
710
668
652
698
782
786
534
788
768
502
610
654
784
666
614
584
604
582
616
618
666
534
784
504
580
778
554
790
528
592
648
630
518
518
646
640
616
682
632
694
790
782
536
800
834
700
730
738
780
720
658
642
682
712
738
700
718
770
818
832
794
724
670
868
748
746
652
706
778
800
508
606
506
514
620
684
516
772
766
784
780
700
668
732
732
504
576
758
716
698
774
510
782
704
716
750
766
782
716
668
734
724
746
766
704
710
756
766
782
714
590
612
616
638
612
586
612
602
618
632
618
684
668
676
654
652
610
626
632
630
650
668
598
634
664
674
694
684
622
648
714
734
764
802
702
718
812
736
716
694
704
686
674
658
624
640
680
690
726
692
636
648
714
700
700
650
666
680
686
666
640
658
686
678
722
644
618
666
614
602
696
670
652
616
670
634
662
634
634
666
650
682
668
616
630
638
648
600
596
554
616
652
666
714
668
648
632
664
686
666
634
582
532
650
566
582
514
506
546
520
782
730
602
880
816
716
818
696
518
520
564
534
572
584
594
678
684
728
706
732
750
768
784
746
752
750
752
750
746
744
704
716
722
728
706
642
658
700
746
720
728
766
748
516
612
622
680
654
862
566
564
600
634
748
804
796
650
984
750
718
614
586
666
662
668
870
680
670
756
518
710
632
728
772
582
678
686
702
704
660
664
596
590
614
618
648
658
696
696
650
570
646
642
616
626
666
704
654
676
698
726
700
716
668
626
682
712
750
784
728
734
756
810
766
718
750
766
734
650
670
680
666
616
618
666
698
652
666
600
650
650
734
584
562
590
628
752
668
650
632
630
654
618
662
836
616
584
634
516
602
582
516
562
638
696
700
722
750
510
590
678
702
626
626
602
614
580
638
694
522
766
518
592
538
512
634
788
778
508
782
762
704
712
722
726
708
666
666
712
722
744
702
746
734
734
702
650
680
508
574
618
626
614
626
576
600
582
586
598
652
686
664
666
680
720
738
794
816
802
782
784
748
728
742
798
850
834
756
792
786
554
780
816
764
770
796
768
776
850
828
800
742
754
786
810
786
750
750
826
838
802
736
748
760
690
648
630
660
592
608
686
526
568
506
562
602
702
716
714
686
648
504
528
504
646
566
548
538
564
616
672
660
654
698
542
610
508
760
654
666
790
588
532
680
542
534
648
696
548
832
542
560
642
860
752
652
706
832
816
750
766
798
736
844
694
762
836
702
846
804
586
624
648
670
710
716
670
654
670
646
650
678
634
602
652
600
632
556
642
618
666
684
648
652
654
702
662
630
620
738
696
750
634
616
636
664
682
638
668
720
794
740
792
834
832
754
742
672
536
854
766
794
768
814
822
832
854
740
722
704
696
624
626
652
718
750
684
730
736
786
802
744
544
582
794
802
716
784
528
806
804
796
798
820
734
730
524
696
744
710
734
762
792
780
716
750
766
788
848
716
700
702
688
660
618
656
684
740
770
694
790
782
736
692
642
650
650
700
720
682
750
800
822
830
750
752
756
794
720
682
716
750
648
798
738
714
504
796
718
738
526
588
784
670
786
796
780
684
738
738
716
516
698
634
632
618
602
616
620
634
632
648
632
694
684
644
620
638
594
582
600
580
628
608
638
648
680
704
668
626
674
702
754
752
760
736
740
532
582
750
784
716
716
668
532
524
804
800
812
812
800
794
716
734
772
800
738
714
768
800
868
816
754
782
784
718
680
702
768
732
700
720
798
782
718
686
768
568
638
714
650
660
714
716
716
780
784
792
780
784
750
766
786
728
702
690
812
630
714
750
770
516
548
650
522
514
630
518
526
626
516
798
750
766
792
810
816
686
720
616
652
614
680
554
594
506
548
632
554
568
676
506
512
620
550
818
754
714
750
764
818
754
780
850
868
688
928
834
856
834
812
834
864
822
780
814
786
802
750
786
828
806
798
836
846
800
768
770
846
782
750
854
848
818
732
784
786
784
756
694
714
720
700
664
668
716
702
696
702
700
768
764
716
736
732
718
692
658
670
730
786
832
786
844
816
786
688
700
684
728
816
868
878
826
846
846
806
684
714
720
760
752
732
752
838
590
618
502
784
752
768
760
672
614
684
684
732
706
694
750
734
700
680
668
718
702
680
684
688
782
714
748
756
512
596
518
772
762
782
804
814
750
766
740
676
682
702
764
802
750
832
834
816
766
786
784
750
696
668
770
696
662
670
732
822
828
750
766
834
750
700
716
732
672
636
612
614
660
636
682
800
750
768
734
722
658
636
664
672
658
636
650
682
716
684
670
660
688
680
668
682
732
752
796
702
732
722
730
688
682
712
770
828
782
802
824
908
864
802
784
814
832
742
758
768
798
748
730
774
850
782
800
832
866
850
782
800
806
796
752
750
780
818
772
728
714
770
790
726
764
816
834
764
770
782
750
698
668
752
800
816
768
796
832
738
754
766
782
728
744
758
798
784
720
766
794
516
620
750
718
804
796
798
734
700
736
700
738
764
782
730
706
928
652
746
722
726
622
796
686
668
782
798
720
684
780
766
802
702
666
654
812
570
664
698
768
832
732
650
750
550
638
654
646
600
584
564
586
594
616
704
622
698
712
550
622
694
538
770
564
648
670
764
698
738
736
718
874
642
650
684
548
592
772
590
610
664
614
620
732
734
802
782
634
714
772
510
800
786
766
530
820
816
784
682
680
696
708
734
748
764
822
866
812
804
816
768
730
736
732
704
698
750
800
782
720
730
772
794
704
764
768
750
732
784
818
810
738
744
786
752
700
666
684
600
550
548
666
788
796
738
664
618
668
570
598
702
610
602
662
602
598
606
582
612
566
636
580
570
598
618
630
652
654
682
660
600
680
668
718
710
686
648
670
664
666
618
584
796
792
814
764
798
818
786
744
702
730
722
732
748
748
788
750
748
684
834
630
778
736
708
746
756
684
682
736
782
802
782
812
834
834
736
762
736
800
802
778
750
784
800
752
680
670
890
728
768
730
800
852
862
772
782
784
716
752
664
688
712
768
700
720
754
714
718
636
682
782
710
650
716
748
702
634
616
602
600
566
582
568
582
552
570
656
626
652
684
682
682
648
618
624
598
610
590
582
552
602
630
650
618
664
534
616
702
800
600
612
592
616
600
602
592
606
638
680
798
820
786
746
668
732
814
856
848
868
752
784
812
868
896
874
828
818
836
800
782
670
654
698
744
708
664
748
768
796
604
680
706
748
728
502
688
744
798
756
720
758
770
506
694
720
668
714
552
516
646
776
794
522
810
740
740
768
786
788
704
676
746
756
518
590
684
508
514
618
774
744
684
736
760
760
746
836
792
508
502
616
520
512
632
816
700
514
754
784
800
518
570
658
650
664
670
772
620
632
764
678
732
784
788
680
652
664
806
666
684
666
684
664
688
650
630
652
548
592
614
648
632
620
798
614
572
648
616
666
706
708
758
772
626
650
600
640
644
668
# end time: 2014-04-08-14:28:10, 1396981690.77
