# R wave intervals in milliseconds per line
# start time: 2014-04-01-09:41:56, 1396359716.08
628
630
722
678
654
632
578
686
502
832
596
670
518
564
674
534
514
678
760
512
782
762
722
690
696
754
766
532
784
778
764
734
748
756
750
778
748
716
714
756
786
782
746
678
674
686
726
736
760
776
766
698
722
732
720
652
758
672
652
658
662
738
760
776
808
846
852
834
824
808
790
776
782
750
752
824
820
802
714
808
760
720
712
770
788
764
734
778
818
728
810
784
528
924
554
608
584
550
584
566
626
636
672
732
776
872
852
818
814
754
772
658
688
662
728
784
834
758
712
786
780
840
832
830
798
780
818
800
802
796
798
806
798
832
822
792
734
688
694
700
702
756
854
838
820
882
848
800
796
796
764
732
738
778
812
850
834
746
748
780
746
836
756
704
710
806
798
764
794
838
848
804
784
768
798
814
758
722
736
798
810
800
848
878
894
864
842
854
862
836
810
818
826
800
734
756
800
814
828
800
842
858
800
782
840
846
824
790
804
774
784
676
762
778
822
782
842
832
872
800
796
840
820
734
680
756
786
834
786
804
836
834
774
840
838
832
766
768
820
812
738
782
814
820
862
726
740
770
692
704
724
772
778
606
900
792
806
790
734
744
744
734
736
698
664
666
710
790
824
850
762
800
812
822
800
732
750
750
764
736
666
724
782
824
764
758
818
820
750
734
766
788
736
750
788
810
748
746
772
760
770
682
644
664
622
596
574
600
602
702
804
858
926
950
958
958
918
886
842
816
762
820
830
846
824
838
848
844
886
840
846
834
882
856
800
802
792
822
816
784
762
700
648
634
628
628
692
680
804
906
896
906
884
914
850
822
832
832
768
770
790
840
852
796
816
778
822
762
712
790
800
752
730
770
828
792
808
820
784
756
738
744
676
684
670
700
750
728
770
828
836
746
828
792
760
688
662
688
732
776
780
770
806
834
798
804
816
822
714
812
778
752
718
698
676
626
652
636
656
626
622
758
846
866
822
814
856
828
722
778
778
782
722
814
836
814
836
818
824
846
782
720
788
752
764
694
726
764
780
698
770
784
832
790
790
818
820
750
732
776
794
792
738
786
814
834
786
768
792
790
770
688
726
736
734
708
736
734
684
678
642
622
646
688
744
838
766
826
840
872
872
854
798
810
828
796
716
700
676
752
852
882
886
836
844
892
864
806
812
802
800
776
784
814
840
784
788
826
818
764
710
670
756
694
740
776
834
824
840
848
824
802
794
824
808
812
768
802
802
758
776
786
808
758
796
818
730
730
726
800
792
752
822
858
794
720
790
778
636
818
616
634
632
586
564
646
798
918
934
884
852
824
844
864
828
834
846
866
856
838
828
800
804
804
832
830
782
770
780
834
880
882
810
802
786
788
792
736
672
688
742
784
734
692
698
1350
1230
740
714
602
626
654
694
722
722
724
716
818
824
870
820
760
712
736
704
768
710
678
784
842
838
854
864
846
788
758
780
822
856
864
824
850
892
852
734
706
700
746
830
870
800
816
870
866
822
802
812
832
748
728
804
832
852
814
836
844
770
718
728
756
804
842
808
798
846
848
644
974
816
818
778
722
734
798
766
708
658
710
756
788
794
804
830
834
504
766
748
766
800
808
792
788
794
772
696
736
768
834
854
854
830
746
748
780
826
836
806
824
844
834
822
814
824
716
794
704
672
668
762
832
818
738
836
872
874
796
828
822
820
668
728
1092
656
596
622
608
578
682
738
772
638
622
618
658
524
590
578
526
540
564
538
542
566
572
564
680
782
836
866
866
854
858
830
808
778
796
806
830
832
810
734
726
682
696
662
640
718
810
890
902
916
902
934
832
878
852
826
748
758
772
802
830
724
764
846
876
804
768
804
846
754
752
792
856
788
796
808
800
770
754
838
850
802
784
790
816
802
706
782
792
814
820
756
712
724
776
780
766
798
836
834
834
744
760
788
814
790
1408
872
920
582
562
568
608
700
804
802
800
820
798
886
888
818
792
828
816
782
840
808
842
804
868
872
862
852
820
882
840
778
758
716
746
702
684
658
650
652
636
712
638
662
606
600
598
610
620
666
744
858
810
838
838
824
772
706
616
620
624
572
568
598
650
726
894
934
930
978
964
976
954
936
852
724
692
618
604
642
742
936
948
902
942
856
768
810
830
842
768
812
876
896
806
836
832
786
710
694
766
736
794
860
866
846
766
758
688
666
602
592
756
846
858
926
882
930
924
906
890
852
798
748
722
736
790
744
712
722
720
746
744
818
800
804
674
906
774
762
772
744
762
808
856
874
826
802
820
762
750
740
772
782
762
684
692
682
772
748
754
796
786
810
806
770
796
744
706
760
772
766
704
736
734
764
774
694
748
762
792
758
768
780
776
840
788
750
728
754
804
780
790
814
834
832
766
770
790
812
712
784
510
700
662
736
754
776
732
808
804
832
842
826
830
770
746
756
738
756
718
798
854
812
754
754
722
706
600
780
718
702
738
746
750
786
860
838
800
742
774
782
812
538
630
638
724
570
802
830
860
850
840
788
808
816
796
772
818
812
712
690
650
694
750
784
818
836
868
862
840
812
752
730
700
698
680
698
740
806
766
752
710
736
778
822
788
752
574
734
624
628
676
744
732
672
748
786
816
786
804
812
764
660
692
710
724
748
732
740
718
738
768
810
858
820
730
802
780
750
706
728
732
774
748
742
726
724
734
734
666
890
796
816
750
780
774
736
806
750
740
778
770
790
740
708
534
640
550
626
612
652
614
606
654
642
740
824
822
832
816
720
642
884
552
550
636
798
836
828
806
762
704
770
840
854
850
868
846
834
800
790
790
758
740
742
754
794
820
842
846
840
794
826
812
784
764
630
938
752
748
786
778
806
788
860
848
822
668
690
658
678
768
754
748
698
670
666
748
634
704
794
782
690
648
652
602
570
614
600
580
586
606
600
594
618
634
666
686
732
758
734
726
746
692
678
716
752
722
748
768
802
768
778
810
750
700
720
766
728
686
738
772
792
744
830
812
778
782
780
798
760
738
802
864
840
814
834
836
768
764
804
812
812
834
864
796
840
864
824
720
660
656
648
682
786
866
848
888
916
912
882
854
814
752
782
718
718
692
714
736
776
746
746
766
726
700
684
696
688
760
824
846
836
844
756
682
634
624
600
630
670
710
746
732
740
782
852
768
770
816
862
842
792
788
812
890
884
824
842
812
854
782
808
828
814
814
828
804
832
618
708
688
762
752
762
786
788
786
820
792
748
774
760
720
722
772
864
842
824
864
884
818
784
814
802
726
742
774
764
696
738
758
734
668
674
650
712
736
760
740
800
808
724
734
764
808
798
780
800
814
834
814
768
800
814
836
814
756
788
830
860
852
860
860
874
846
842
834
782
794
818
848
838
798
822
774
698
680
642
684
678
682
658
664
714
706
726
766
720
668
710
660
660
682
714
742
812
652
588
656
596
614
614
650
836
910
908
902
904
914
548
720
702
634
616
600
584
608
666
708
720
784
840
856
848
774
726
726
720
704
642
642
602
738
574
594
612
598
554
630
650
712
696
682
682
664
674
760
796
826
828
782
752
764
778
762
784
814
848
766
788
822
842
750
746
746
684
680
694
706
714
752
696
764
782
760
744
736
736
750
714
664
706
668
682
682
722
736
764
774
782
816
796
814
776
792
780
708
696
648
644
640
684
672
642
706
720
572
602
634
718
548
510
562
542
554
580
582
596
608
634
650
720
672
714
726
760
792
788
802
756
680
728
630
602
602
580
570
544
560
598
646
788
884
884
846
828
860
828
794
792
810
808
836
844
816
806
770
796
854
838
836
826
834
828
812
794
806
820
788
750
772
780
770
748
786
828
858
804
756
796
728
670
672
728
710
722
760
808
816
760
766
818
848
784
772
808
812
768
770
808
786
722
734
748
788
742
780
786
752
702
676
668
618
634
646
676
650
678
724
774
730
736
768
796
782
818
824
872
820
760
720
790
818
816
778
848
876
794
736
642
518
800
744
692
724
844
884
836
878
884
850
780
820
840
834
804
824
872
814
746
704
736
778
810
832
810
868
912
884
818
822
824
820
794
838
880
854
832
816
880
774
752
824
770
724
750
830
788
754
758
746
816
770
768
814
786
764
742
776
800
730
786
838
862
864
842
876
882
830
794
792
830
824
754
800
816
866
780
770
784
806
750
750
826
850
778
816
800
838
768
798
824
806
818
852
854
814
744
746
772
782
812
760
788
820
764
754
804
854
798
774
810
818
746
700
718
748
798
778
788
832
900
800
842
878
890
802
710
732
732
700
690
750
776
868
778
704
678
682
682
684
684
690
758
826
864
626
626
666
660
678
710
784
856
906
836
870
926
936
920
866
802
814
834
792
806
826
856
916
836
812
892
892
820
822
898
814
750
752
826
778
734
808
806
740
742
768
764
740
802
858
826
836
864
862
802
828
852
860
818
744
710
668
708
670
666
728
822
884
896
814
806
794
844
820
786
840
848
846
808
836
838
800
806
836
864
806
828
844
864
794
794
868
840
822
834
844
818
786
796
854
778
804
848
786
796
818
824
742
724
726
836
786
754
872
864
792
800
832
866
806
778
802
832
764
784
818
816
832
778
812
828
784
774
796
802
764
802
796
734
690
692
750
718
696
688
744
728
686
740
750
718
648
750
784
750
732
694
672
642
626
630
616
610
580
658
688
692
674
758
758
738
706
748
772
784
728
792
828
856
834
812
794
758
724
722
802
768
754
782
830
802
758
782
846
846
780
784
850
854
758
742
816
794
714
776
808
826
776
796
866
814
764
786
812
770
746
784
834
804
786
824
788
816
866
886
852
830
826
810
764
840
830
784
662
666
650
620
678
704
708
770
794
880
878
828
892
838
814
816
818
772
830
802
764
816
798
800
782
784
738
712
744
730
742
744
746
716
750
718
712
790
696
668
652
698
662
678
754
702
686
646
622
664
672
738
784
788
688
738
750
766
714
710
710
708
770
712
818
814
770
794
786
778
802
760
772
776
784
758
744
728
698
720
710
730
680
690
734
664
698
708
684
674
646
708
696
716
766
792
822
786
860
836
814
746
796
798
768
684
750
766
762
752
804
842
778
746
786
752
710
788
804
794
784
782
808
810
746
830
832
798
780
816
828
844
750
814
818
798
784
764
772
802
744
792
826
860
788
792
810
838
790
778
834
868
780
822
802
876
786
790
808
794
756
804
850
764
800
836
802
818
826
850
778
746
794
784
844
792
818
834
804
768
794
800
784
762
772
842
794
772
820
844
846
788
816
826
810
760
784
786
838
798
814
826
774
764
790
808
734
734
768
784
772
782
832
832
760
774
770
770
728
694
750
770
808
834
788
820
852
846
766
810
810
816
784
732
786
634
1000
766
768
764
722
732
720
776
818
754
724
768
794
724
766
768
780
692
764
778
800
758
790
788
748
700
768
778
740
786
802
520
586
756
704
800
752
742
790
820
752
740
756
800
804
752
838
764
714
672
662
620
642
642
670
762
836
794
858
786
810
816
752
756
812
816
788
764
842
840
818
730
752
700
760
750
754
814
812
828
782
826
856
854
814
830
808
744
744
780
502
640
792
818
804
700
750
802
862
778
788
848
812
774
718
792
718
690
698
750
818
816
848
822
846
804
808
802
806
770
794
790
796
756
790
816
826
792
732
764
750
758
752
740
854
764
758
788
792
796
752
782
730
744
742
758
696
714
796
846
838
752
742
776
730
672
686
720
750
722
776
838
828
800
788
808
792
836
828
848
858
838
804
812
828
820
758
832
830
862
832
828
854
804
774
782
836
788
754
840
846
790
784
814
810
840
824
838
844
810
748
774
820
788
760
794
832
776
768
766
776
740
696
782
788
814
798
822
818
800
752
792
816
820
774
768
800
804
748
786
834
786
788
796
824
796
746
748
716
520
808
548
638
676
670
676
692
762
816
836
802
750
812
816
836
816
818
818
828
772
740
728
696
720
670
680
734
788
856
822
804
812
818
772
772
798
820
772
700
762
708
660
688
644
650
714
710
748
810
806
744
774
766
758
694
722
776
764
716
772
826
822
748
780
806
790
744
788
828
816
802
794
868
852
816
826
826
852
776
746
802
808
782
790
840
872
814
826
822
868
802
800
816
818
734
712
784
736
676
658
674
654
676
670
712
742
736
706
794
808
800
738
750
752
730
750
734
792
788
756
724
746
820
778
756
784
804
746
780
836
864
816
828
842
810
800
806
832
798
798
788
732
794
816
856
800
828
852
866
772
842
832
832
762
746
780
806
762
776
810
848
780
770
792
742
732
718
730
702
666
700
736
792
784
756
788
840
804
764
778
840
786
798
842
854
888
814
822
842
798
810
802
840
792
770
830
830
810
802
818
866
796
758
836
848
828
818
864
848
742
776
786
828
790
794
802
812
740
750
822
812
806
748
776
798
804
774
790
876
890
872
852
868
838
890
776
672
660
638
654
686
746
888
940
888
906
934
944
884
882
848
832
794
832
900
924
908
898
940
894
916
846
820
854
850
816
834
838
856
844
822
844
878
786
816
838
818
822
778
778
856
802
766
842
822
738
682
764
770
828
790
810
890
856
830
826
850
830
802
762
800
812
826
830
854
812
772
772
846
874
804
846
828
828
788
794
852
878
796
830
820
846
800
792
870
870
822
782
852
840
828
798
874
864
810
756
780
794
732
768
804
790
716
726
796
770
726
778
802
834
796
786
818
828
774
760
804
808
888
864
878
874
838
854
864
884
630
756
834
880
840
852
866
846
852
784
804
886
828
732
804
814
820
764
806
834
810
766
776
832
766
756
770
820
766
716
732
768
706
676
664
716
824
800
776
830
848
848
778
788
790
804
722
752
814
884
838
864
872
878
834
778
852
846
822
832
840
860
784
810
814
872
806
736
802
834
830
802
876
870
802
798
858
838
798
796
828
846
780
806
822
840
790
768
776
796
740
746
756
800
772
736
762
754
674
712
724
716
718
760
792
752
736
726
712
682
692
686
726
792
782
818
870
694
790
690
686
668
832
686
782
862
922
900
866
866
832
822
788
760
830
866
866
794
860
856
808
782
720
802
828
834
762
818
834
872
832
862
828
848
812
852
832
782
786
826
850
834
818
824
870
784
758
782
778
846
776
770
802
816
776
828
842
790
808
798
826
814
798
846
854
832
834
800
780
746
710
730
772
790
750
814
790
804
794
730
714
730
812
818
780
796
834
804
800
752
786
810
806
808
760
836
826
814
804
820
834
796
770
788
790
752
702
700
734
762
820
846
838
706
782
792
744
708
794
822
816
784
722
746
782
820
850
800
826
868
824
858
776
822
828
764
782
788
832
814
822
832
890
802
826
810
790
692
718
730
770
762
838
822
716
712
640
656
660
644
612
624
610
598
600
580
570
572
582
600
610
544
558
566
574
560
548
646
728
786
788
838
854
870
870
920
882
862
824
772
762
656
650
666
632
718
734
756
728
716
678
684
668
696
708
724
722
686
634
674
664
682
720
750
802
824
844
824
800
762
746
716
686
678
658
676
674
682
666
734
506
594
756
730
812
788
778
764
760
782
760
780
798
796
798
804
544
738
740
766
764
740
736
732
684
698
702
738
784
766
738
770
798
738
716
736
778
588
678
670
738
698
658
696
738
720
702
756
780
766
706
730
732
768
732
730
766
804
804
680
766
746
756
734
728
764
782
784
770
706
890
580
736
802
778
802
808
752
750
782
790
798
806
778
828
798
800
802
796
808
792
758
754
794
762
748
752
808
810
762
742
778
804
792
734
700
724
728
668
660
688
740
752
708
712
926
698
702
702
704
786
700
714
704
726
676
698
708
754
778
772
732
786
784
782
788
760
764
796
798
756
718
744
762
800
770
756
774
816
786
742
788
810
772
800
736
754
786
744
748
752
836
848
844
832
836
822
746
702
638
700
570
716
714
766
700
552
830
772
760
800
534
790
782
740
732
782
688
728
790
804
746
688
662
654
640
680
662
588
654
678
786
796
748
694
684
656
644
642
648
676
730
768
828
774
818
800
830
806
800
740
734
756
802
844
818
812
840
868
868
870
836
820
830
820
750
770
784
802
828
772
504
564
798
790
816
746
782
830
874
642
994
804
832
752
810
804
834
780
802
834
838
818
764
792
796
822
780
770
848
854
844
802
822
836
860
806
742
792
778
530
640
702
802
800
814
800
850
844
778
768
856
816
794
738
740
786
766
734
684
882
812
746
798
800
766
714
748
754
746
702
746
772
820
774
754
758
788
798
748
728
744
782
702
666
636
734
668
704
786
732
806
838
858
804
804
826
816
738
732
756
802
828
746
604
684
670
698
652
704
618
710
652
672
664
666
670
698
758
744
718
760
766
672
656
612
712
710
724
762
722
734
626
584
618
686
836
814
770
736
760
702
666
648
636
634
616
814
626
652
614
604
652
652
656
722
722
718
776
754
704
664
676
706
720
722
674
730
746
750
806
732
660
714
712
712
730
704
696
708
752
764
770
774
774
736
716
724
724
726
716
776
732
762
790
836
796
724
758
770
770
688
740
802
866
826
792
816
740
668
632
612
608
626
626
648
600
738
672
686
948
650
668
738
778
750
754
790
766
774
734
710
758
772
790
770
790
814
798
718
692
700
728
714
776
826
848
884
832
814
534
588
816
728
744
734
730
710
708
750
766
700
714
738
774
756
686
714
750
786
736
686
756
776
774
728
742
774
818
778
738
774
728
692
634
692
626
676
678
724
716
746
764
826
754
788
792
780
720
688
682
698
738
726
676
668
702
742
742
746
796
774
828
734
764
774
746
768
746
802
770
812
756
778
806
798
780
816
796
808
698
706
678
714
654
674
652
718
786
834
814
792
792
790
726
750
762
782
748
740
720
736
698
640
636
654
642
696
752
712
730
800
834
826
612
884
766
778
744
802
760
768
776
818
842
834
884
880
872
856
848
826
834
828
826
772
768
764
772
724
684
724
730
808
732
740
786
812
800
764
738
610
890
732
694
750
772
728
740
752
782
706
668
694
708
676
652
674
692
700
726
778
768
728
752
798
794
782
734
764
758
760
728
694
722
754
770
826
772
822
858
862
882
848
846
810
844
770
820
820
764
770
720
768
586
710
730
768
780
812
722
704
728
740
718
746
682
710
744
694
692
720
706
790
712
698
720
806
730
714
662
628
620
660
704
720
786
748
734
734
666
706
670
652
698
684
632
626
628
650
682
752
790
818
838
846
842
738
748
746
768
750
786
724
702
696
740
700
768
694
682
700
740
728
732
734
814
784
730
710
732
720
720
688
670
686
680
732
718
746
822
814
790
714
750
730
660
650
596
650
654
726
790
746
782
854
812
702
706
686
634
622
692
638
608
650
628
652
618
632
642
608
598
636
620
686
646
604
646
628
644
680
716
740
736
784
726
662
674
680
702
674
706
738
802
782
806
778
792
786
738
694
752
766
750
714
706
746
716
730
672
658
680
690
692
716
792
# end time: 2014-04-01-10:35:19, 1396362919.57
