# R wave intervals in milliseconds per line
# start time: 2014-06-11-19:39:45, 1402529985.46
672
650
618
694
658
634
696
716
666
684
684
718
734
750
782
798
794
756
734
684
666
650
666
648
518
640
608
604
628
666
706
734
764
736
802
776
768
700
654
664
638
680
632
684
686
680
652
652
716
714
802
804
744
708
730
762
716
774
788
754
706
656
680
688
702
718
738
696
652
692
672
656
696
676
710
660
698
716
752
716
718
750
788
778
818
766
730
722
716
782
764
766
756
732
764
686
684
714
734
782
812
806
882
850
814
804
768
780
704
718
712
750
718
666
664
702
718
732
666
702
714
718
732
732
690
700
712
718
714
664
622
664
664
704
780
818
850
818
814
798
766
720
666
686
722
750
738
784
754
686
666
732
718
740
734
754
768
768
764
754
776
756
750
766
748
736
744
774
714
704
658
692
652
640
686
680
714
676
676
692
682
728
670
650
648
692
690
714
718
688
716
762
770
768
748
784
716
732
748
748
754
726
660
726
714
696
760
750
736
686
708
754
752
750
750
748
702
700
718
708
704
736
662
698
714
712
694
670
712
782
772
764
766
734
750
768
748
736
696
698
674
694
648
598
638
672
730
824
818
790
782
814
788
696
742
726
714
738
684
678
646
656
668
668
744
750
766
718
730
752
764
752
728
688
620
614
580
650
682
768
822
848
846
820
780
702
672
658
638
666
656
646
664
664
702
734
752
700
696
766
758
744
752
730
734
730
736
768
794
740
746
768
784
804
808
756
672
650
708
706
730
770
714
684
728
760
800
780
796
786
814
802
798
800
754
736
784
762
718
762
684
636
666
696
654
640
646
618
668
710
742
752
690
740
708
738
668
696
686
704
708
676
642
702
700
698
686
656
658
670
664
706
650
612
656
640
638
664
654
618
656
704
684
696
690
640
626
646
672
716
702
666
668
652
644
620
630
636
664
702
684
750
718
682
712
688
680
720
724
712
712
672
652
670
708
716
702
666
750
752
766
764
738
698
748
724
710
720
680
718
762
754
720
748
722
726
670
612
700
652
668
650
620
714
716
736
702
778
720
780
716
668
670
630
712
670
636
650
664
668
670
678
718
750
746
822
800
786
728
750
668
670
714
718
798
788
814
766
782
768
764
734
770
760
768
796
752
738
796
762
738
746
670
682
712
702
722
684
760
720
726
662
728
718
692
712
690
720
750
720
728
700
716
726
680
682
652
730
736
762
748
734
752
716
730
738
734
714
764
744
708
718
714
688
706
722
688
742
722
692
698
676
716
714
752
766
750
704
778
768
764
770
746
740
754
754
754
728
736
748
736
718
696
652
632
670
648
648
652
704
628
702
702
698
710
674
612
634
586
604
588
606
664
648
668
640
662
638
662
600
638
596
632
650
616
604
628
652
668
736
748
764
766
766
700
692
706
704
718
720
696
664
664
668
684
686
652
650
668
728
718
782
732
702
714
706
694
682
626
614
630
604
652
726
768
768
854
766
762
716
704
740
712
782
686
746
718
766
718
716
686
658
688
696
688
662
688
684
734
730
688
746
750
722
548
782
622
618
640
620
584
618
636
678
784
772
700
696
668
684
634
632
614
584
618
622
662
650
648
670
724
724
718
748
758
774
742
716
728
672
612
618
606
624
634
648
652
650
636
634
678
654
642
610
698
684
684
680
666
632
662
656
664
690
718
720
708
742
694
712
676
662
652
598
582
606
644
670
666
654
694
734
770
792
818
786
816
732
720
670
696
632
622
642
620
604
614
618
646
750
750
792
742
784
796
752
696
622
668
634
630
718
748
750
782
782
786
796
804
788
746
786
718
762
684
680
684
686
698
666
620
616
648
634
682
702
698
650
666
668
634
622
644
636
630
652
600
680
668
682
684
684
704
644
668
652
682
670
664
682
734
734
718
700
650
664
670
632
636
680
648
646
656
648
606
664
660
666
664
648
680
658
654
654
680
638
624
700
704
718
706
692
704
704
680
698
650
666
672
666
648
664
638
664
682
666
602
650
634
672
674
654
700
664
668
670
680
658
644
650
656
634
680
634
664
666
668
652
650
702
668
630
636
614
632
624
616
648
650
670
732
680
682
702
710
674
698
686
666
704
632
646
618
616
616
600
588
566
598
570
562
636
682
672
694
772
782
764
702
664
682
684
684
686
684
688
664
684
696
702
666
648
700
668
672
642
668
666
702
704
712
718
682
718
696
686
688
666
682
666
698
686
666
666
684
670
650
684
678
682
704
666
648
668
666
686
700
636
664
652
662
690
598
614
636
674
656
620
616
648
686
660
708
646
684
634
618
632
582
584
600
618
664
718
766
698
722
732
800
784
782
766
736
652
704
660
732
700
704
682
650
714
704
704
700
724
688
714
702
686
716
652
678
684
680
686
668
684
700
714
718
706
678
720
698
738
700
698
652
662
670
680
672
664
680
686
686
732
650
668
664
656
664
666
632
666
618
698
634
702
682
682
684
666
634
652
636
698
684
682
698
670
666
698
638
644
638
644
700
704
712
674
670
680
668
718
676
672
616
652
628
604
620
562
548
554
548
586
664
612
684
610
644
646
602
616
624
562
816
750
518
516
570
778
714
516
502
516
968
604
878
532
520
836
516
542
570
604
632
714
698
686
682
684
668
644
620
646
636
632
714
738
768
730
698
652
700
738
744
736
714
732
734
750
666
686
680
634
588
600
610
632
682
704
746
772
798
806
744
766
704
696
652
710
720
734
740
714
696
636
638
648
650
672
676
702
666
684
690
662
716
700
656
676
670
654
646
618
614
614
620
690
710
732
716
752
766
730
668
666
656
712
626
586
600
568
552
570
596
560
618
636
622
644
652
750
716
666
620
600
600
612
650
706
716
786
744
750
718
734
732
764
752
750
718
686
746
718
730
702
700
764
732
742
782
712
688
684
694
700
654
612
652
654
676
660
660
636
636
680
756
730
768
728
684
682
684
666
648
620
634
632
702
682
716
666
700
700
768
748
752
702
728
704
710
736
714
674
670
744
728
738
684
650
662
654
634
644
702
656
662
736
698
712
640
646
666
668
666
666
668
670
746
718
730
724
646
712
622
600
630
584
600
632
682
716
750
720
700
682
666
650
632
618
670
618
630
634
604
626
588
612
602
582
584
596
618
638
632
598
634
632
622
596
636
646
620
596
620
630
636
646
636
634
600
596
608
644
624
626
602
648
682
702
700
682
684
698
686
668
634
632
680
626
596
650
650
648
680
634
652
664
636
670
664
734
704
662
698
688
678
704
714
716
704
560
836
674
630
694
644
658
596
584
618
630
602
616
608
622
672
630
666
654
666
714
702
680
644
662
666
746
706
680
732
718
704
744
680
686
684
682
632
620
664
672
678
732
684
688
698
748
702
648
698
684
668
664
634
602
620
606
622
640
650
634
620
640
604
602
628
638
650
684
712
720
700
680
702
676
638
674
626
622
648
634
638
692
668
618
664
634
634
600
614
570
582
568
610
620
676
702
652
668
726
702
734
682
666
680
688
746
718
670
674
566
634
714
682
648
700
782
708
664
684
672
874
676
666
638
660
718
688
694
702
616
650
680
634
616
650
698
688
702
760
706
660
668
668
670
734
732
744
698
654
694
670
678
750
768
728
720
700
670
630
622
600
622
590
582
652
632
636
646
638
628
648
596
594
582
570
576
700
742
778
796
802
802
826
792
774
782
756
716
734
744
750
752
748
740
730
768
698
690
660
714
726
710
772
698
680
700
710
724
734
674
690
698
702
702
680
636
696
682
704
700
662
652
646
668
686
702
682
648
656
690
706
734
750
812
774
720
720
654
666
586
628
612
634
638
616
686
712
732
716
702
680
686
652
650
648
642
624
608
604
620
632
670
678
700
652
648
682
700
716
688
744
672
682
684
660
718
682
648
644
700
680
734
752
696
684
718
732
724
674
622
646
680
688
718
798
766
732
686
724
754
734
752
760
726
564
828
734
754
744
804
744
676
732
688
738
722
734
650
676
684
698
698
700
686
640
648
694
668
634
618
636
660
668
680
652
660
690
714
724
744
720
660
716
688
684
680
688
644
670
684
682
698
664
670
698
696
652
606
640
608
640
626
676
644
646
660
722
672
662
698
706
698
666
662
674
674
636
604
620
614
630
636
632
684
630
612
638
642
638
662
680
672
630
652
664
670
670
656
682
656
630
666
760
612
660
706
660
676
670
676
694
672
648
684
670
684
698
702
676
672
686
662
668
618
636
600
632
630
650
690
684
742
706
700
734
718
682
702
674
674
696
706
718
716
726
704
692
720
672
634
648
644
690
654
630
686
704
730
690
690
718
716
722
718
674
672
662
670
684
648
638
664
682
750
738
796
688
722
726
732
686
652
700
702
746
780
720
672
728
710
696
758
734
688
632
670
656
658
668
634
650
686
734
782
744
668
738
714
732
744
746
784
752
750
686
700
726
690
734
662
686
606
604
680
616
634
678
712
698
714
784
752
750
686
684
646
654
616
664
664
624
616
614
632
644
658
712
754
800
816
804
752
664
672
688
684
700
716
688
684
714
720
716
716
658
686
666
670
698
702
714
686
692
706
710
692
690
660
720
698
688
648
642
676
704
740
762
766
762
700
686
684
684
618
648
638
694
720
782
722
636
718
722
732
728
692
690
686
674
652
684
704
716
680
692
694
752
720
680
670
662
670
706
712
722
672
690
660
678
696
710
710
698
698
770
734
690
670
668
634
656
658
658
654
704
716
704
730
654
644
624
662
702
724
744
748
740
720
668
644
678
684
676
724
686
662
668
694
678
678
704
670
648
660
646
716
722
718
680
698
668
640
752
670
698
716
720
698
712
640
662
688
718
702
746
720
712
740
726
694
644
614
626
604
582
630
664
684
744
652
694
562
856
766
766
714
684
684
636
644
670
654
632
670
662
628
636
640
658
658
664
728
734
740
666
694
688
696
656
634
610
674
692
778
802
792
812
584
978
734
718
708
690
734
716
734
760
746
796
768
730
768
700
668
682
700
702
700
732
664
702
712
736
752
752
732
686
700
696
682
660
662
674
726
684
694
654
682
688
696
648
692
674
730
700
668
634
668
650
634
712
666
648
644
658
688
658
638
632
654
646
618
606
642
640
646
712
688
700
714
734
634
616
606
614
608
754
662
674
680
700
734
718
748
698
690
678
716
670
648
710
692
700
680
684
692
706
650
652
666
684
702
710
768
702
700
716
696
640
646
686
680
664
618
654
646
686
604
642
588
674
602
678
706
700
764
694
656
686
694
756
712
748
698
734
702
682
686
694
696
660
696
718
734
714
650
648
670
684
702
688
644
748
748
734
718
668
698
702
702
684
716
648
630
664
670
622
626
662
708
672
662
636
668
636
634
648
636
658
666
654
686
666
714
700
668
650
672
678
684
684
682
668
648
664
692
682
812
736
686
698
682
654
648
704
680
648
682
676
700
690
638
662
672
662
706
648
662
640
682
676
668
670
632
652
668
682
670
614
652
618
682
668
666
650
616
678
674
696
686
702
696
684
648
634
686
694
648
654
680
730
702
698
686
668
668
670
680
686
652
630
652
630
604
618
678
652
620
662
698
716
722
720
694
700
656
678
668
668
652
692
718
716
716
728
758
746
738
666
666
732
698
684
670
648
650
712
682
672
650
670
696
686
684
668
674
734
724
700
698
702
686
700
662
672
686
682
736
642
702
686
670
692
654
696
706
720
716
648
710
676
666
702
646
668
698
718
698
656
662
702
702
652
662
706
668
698
648
664
670
670
628
670
662
668
672
632
682
670
662
704
632
684
678
672
698
662
658
682
682
720
676
646
712
706
708
688
706
682
664
720
696
666
682
702
716
710
642
712
690
684
686
634
634
684
670
710
720
752
768
728
692
674
720
698
636
598
630
606
602
606
608
618
680
784
790
728
800
736
632
838
648
656
682
594
586
586
564
566
554
584
550
584
604
646
728
746
832
844
856
900
894
886
900
856
834
834
798
766
700
684
754
648
730
702
686
700
714
704
682
718
680
678
688
706
734
746
718
730
692
684
720
732
722
716
748
700
766
734
704
738
728
714
748
684
686
694
704
724
684
652
692
654
652
634
710
700
710
708
700
680
668
686
684
680
672
656
642
656
630
698
716
730
754
700
684
664
640
644
648
638
700
684
672
690
722
722
712
668
658
668
688
684
650
666
666
686
680
656
614
630
626
626
586
616
600
630
652
700
728
658
718
718
728
718
700
638
650
660
724
744
716
676
716
710
780
692
658
704
698
716
722
660
672
698
804
800
728
718
734
814
804
760
672
648
646
624
662
672
664
666
616
702
664
674
660
716
732
752
766
782
772
764
768
770
770
712
764
700
706
620
636
650
666
636
678
688
686
710
640
612
650
686
688
714
666
682
694
734
722
652
702
726
668
668
672
676
668
636
652
658
668
682
716
782
782
732
684
708
726
704
650
700
714
748
758
764
736
762
682
700
708
674
674
644
620
646
652
616
648
652
686
730
706
700
742
672
666
670
684
646
648
686
660
706
666
684
666
680
666
614
608
616
606
616
592
568
618
648
690
708
754
670
700
696
730
674
634
636
634
686
732
682
742
730
762
718
660
706
698
702
714
706
644
716
714
702
752
684
694
728
698
750
698
706
710
704
666
714
674
662
634
602
660
628
642
688
706
668
672
682
750
728
718
670
702
664
702
672
632
656
650
654
718
684
648
660
708
692
704
642
734
724
828
714
674
744
686
652
706
666
686
656
706
688
678
728
656
680
682
702
706
694
634
618
618
638
612
668
682
696
688
700
766
686
668
730
700
682
690
634
616
616
618
616
630
604
618
580
654
606
604
622
622
658
666
640
612
670
648
718
698
642
688
672
634
696
626
628
600
562
602
702
684
750
760
784
802
752
720
712
782
748
756
766
730
766
716
690
662
688
710
738
796
822
824
804
728
712
728
732
704
682
702
644
624
658
650
674
682
650
632
684
654
644
666
658
692
700
742
684
678
698
700
700
668
684
698
704
700
670
692
722
726
712
662
642
662
680
698
700
634
684
714
736
718
716
784
738
712
746
704
684
686
840
680
616
648
606
616
634
702
770
816
830
822
800
768
784
750
704
744
664
670
688
692
770
784
768
812
724
712
748
714
700
656
698
704
728
718
650
718
732
722
650
704
664
708
684
640
628
652
670
678
634
654
688
662
736
688
664
662
736
708
712
678
650
710
664
728
686
666
684
666
668
618
634
602
594
604
620
634
684
730
770
806
726
750
686
698
762
752
744
696
648
694
656
710
694
782
732
680
716
702
680
700
678
654
668
656
706
690
744
764
724
704
692
682
738
750
746
696
674
688
678
718
680
702
706
680
694
624
636
694
694
706
700
666
660
682
680
668
628
634
650
656
644
624
656
620
602
626
680
688
716
734
732
728
728
648
716
652
662
650
652
654
614
650
654
612
630
630
606
588
610
582
588
622
632
660
720
714
750
748
752
684
664
600
634
616
666
694
712
726
676
628
638
598
610
652
606
628
658
658
638
630
700
704
680
778
770
724
762
748
774
764
740
782
786
782
782
740
682
622
664
668
694
716
686
688
722
730
754
748
668
710
676
676
734
708
690
670
712
718
786
682
704
728
748
738
746
720
726
690
738
698
716
724
708
720
748
616
596
678
690
780
802
848
920
880
870
768
814
784
734
764
638
654
624
622
668
698
718
768
702
714
700
710
704
684
662
708
684
698
686
698
716
718
686
668
718
712
690
644
670
686
654
674
710
782
768
782
706
698
718
714
696
640
616
628
634
604
618
616
634
714
666
702
722
728
784
750
698
688
686
702
688
664
732
716
732
696
692
720
748
746
746
678
734
712
716
720
680
670
664
726
712
700
728
666
686
696
666
634
654
666
716
732
738
748
800
752
748
686
674
662
712
638
646
672
684
666
684
682
682
686
666
620
650
656
678
696
684
640
664
682
700
692
658
638
678
686
692
692
648
624
668
632
606
638
708
698
732
774
792
774
782
794
772
764
720
652
626
642
630
636
662
672
670
678
720
732
748
748
752
702
616
614
618
624
628
708
680
638
634
696
730
730
732
672
630
618
598
568
804
878
800
768
700
670
616
634
612
604
630
620
602
624
568
596
588
580
566
708
732
562
506
530
548
516
554
510
554
534
614
618
620
598
668
666
660
656
656
630
594
650
668
716
768
754
694
746
704
638
756
758
780
736
682
770
760
734
652
548
650
634
632
634
616
614
604
620
596
600
584
614
598
636
696
754
784
838
812
764
736
730
732
718
718
668
698
686
712
734
702
650
684
658
634
654
600
616
652
680
668
652
650
680
686
700
704
660
680
682
670
620
632
682
692
710
782
702
746
756
728
768
700
700
682
684
684
682
670
630
652
656
642
716
718
736
746
718
700
730
694
674
684
632
652
670
678
736
652
680
716
686
700
650
614
650
666
674
676
752
688
694
734
700
688
612
686
664
662
660
660
620
630
650
652
652
634
662
702
690
692
702
644
672
684
686
682
682
634
648
606
632
610
606
646
668
682
734
738
750
730
766
720
750
698
650
670
618
712
712
772
812
706
762
736
702
730
698
704
728
718
696
706
714
702
668
682
702
720
714
752
694
704
680
720
652
694
684
704
698
748
666
684
680
688
634
600
666
668
732
716
684
700
704
678
706
634
694
666
654
598
652
646
638
668
610
616
616
636
634
632
668
722
746
700
736
730
748
736
684
716
684
714
670
632
652
668
666
710
642
624
702
692
696
762
690
684
714
672
610
670
664
660
662
640
674
682
732
684
700
704
662
688
646
636
652
614
632
616
620
632
648
662
694
728
688
666
714
698
686
666
686
646
686
664
652
632
598
652
616
648
668
704
696
698
666
684
700
698
652
620
614
654
640
626
612
668
668
666
698
638
664
666
652
630
654
604
642
618
650
662
684
668
652
654
676
654
654
660
648
658
678
668
636
646
634
650
650
672
662
666
666
684
668
634
634
648
688
660
704
614
782
686
682
648
684
670
652
692
670
702
730
736
732
706
666
714
636
662
638
630
684
640
708
686
680
702
682
664
670
668
666
666
668
684
692
676
646
682
672
696
682
590
594
634
618
614
610
640
666
682
684
656
642
686
654
632
650
614
630
624
630
684
666
648
736
748
736
684
748
700
682
688
668
682
676
708
732
690
658
698
714
672
634
634
652
646
672
612
682
634
632
650
666
652
654
666
702
634
662
688
680
720
700
662
714
702
700
684
650
718
736
758
776
750
728
734
734
716
668
666
650
718
698
698
668
688
712
670
690
676
694
688
666
636
648
636
682
652
632
684
666
696
702
682
720
744
738
736
682
684
682
632
652
658
648
742
768
784
726
760
732
716
684
668
682
682
688
664
652
650
702
696
718
682
700
684
788
748
748
688
680
750
732
734
698
690
692
738
718
682
700
688
764
736
696
704
748
716
702
630
650
648
654
652
630
652
700
718
730
686
722
684
728
666
636
666
666
652
682
604
652
612
682
686
684
734
668
716
714
716
690
632
636
626
612
610
662
622
666
698
720
746
684
684
718
714
706
750
780
778
742
762
734
770
766
738
732
764
722
698
680
656
712
690
696
784
734
682
684
686
738
710
652
666
682
702
714
644
614
662
638
644
684
662
702
702
720
682
650
716
672
666
714
656
644
688
664
734
684
680
682
702
700
756
682
650
700
698
718
696
672
696
688
682
718
682
700
716
722
662
718
700
704
696
754
698
656
694
666
670
702
666
742
724
648
818
756
730
714
684
642
640
710
692
784
764
726
746
782
740
760
718
748
736
768
698
716
686
696
692
666
706
692
718
686
696
666
638
648
654
612
634
604
612
646
672
686
732
752
782
796
752
702
520
600
668
682
652
680
690
700
746
670
652
716
704
742
750
704
664
700
680
684
652
670
666
750
754
710
738
732
782
730
704
700
700
668
650
668
700
728
720
738
532
634
582
674
708
682
712
668
686
700
718
700
650
712
686
698
664
620
614
592
596
666
650
666
634
602
662
620
646
652
654
596
632
602
592
588
586
580
586
598
624
660
716
718
750
684
650
666
550
748
632
682
702
748
784
792
596
648
706
744
702
618
798
636
746
634
634
662
640
630
738
766
796
770
752
730
722
762
722
652
710
696
692
696
680
702
750
734
672
728
686
634
664
598
616
652
644
610
680
684
680
714
652
678
676
664
634
646
630
656
664
688
682
746
722
702
764
732
702
716
714
634
672
652
670
662
700
634
640
676
602
604
686
666
634
666
640
612
634
772
682
692
704
716
700
702
698
718
668
654
644
648
606
612
614
588
578
586
572
644
698
770
814
850
856
844
820
746
686
680
618
646
636
672
714
748
818
750
700
734
700
712
740
728
668
618
566
580
568
550
600
# end time: 2014-06-11-20:32:04, 1402533124.28
