# R wave intervals in milliseconds per line
# start time: 2014-03-05-20:16:51, 1394068611.96
704
718
742
710
700
748
768
752
704
682
690
706
704
740
716
690
686
740
768
790
752
698
680
714
752
784
784
738
736
750
758
704
694
718
708
674
684
728
770
760
732
754
754
732
686
662
676
698
724
694
684
728
750
732
696
716
734
720
682
696
714
718
698
686
704
712
730
684
648
670
662
702
728
686
676
724
766
734
714
766
790
764
732
780
810
814
742
770
792
788
732
726
790
818
782
712
754
788
782
742
742
792
808
792
754
788
820
798
754
776
796
776
722
738
760
762
764
708
708
742
762
736
698
730
744
760
732
722
776
798
798
750
770
782
776
740
724
742
754
724
694
742
784
794
756
760
784
790
748
714
744
752
740
684
662
678
678
694
682
650
652
644
640
636
662
652
642
664
702
738
730
702
720
702
690
688
712
738
710
702
750
784
774
712
704
744
758
732
684
682
690
706
702
682
782
808
846
848
844
870
870
860
794
820
798
790
736
712
762
804
784
732
752
786
766
716
748
770
758
708
716
724
700
702
746
740
722
752
736
680
660
692
702
708
716
736
730
748
780
808
746
704
724
726
688
658
690
722
758
728
730
760
766
730
710
724
728
718
684
674
682
666
716
714
720
668
688
704
692
670
708
750
790
802
802
834
824
764
718
736
738
720
684
666
692
700
688
648
672
696
710
694
674
718
732
726
680
686
702
708
668
656
668
644
626
658
736
812
852
806
824
842
802
720
734
758
768
736
710
758
804
802
730
732
754
748
714
682
716
750
772
736
690
704
702
698
666
666
688
660
646
660
666
678
714
768
800
814
796
736
742
748
748
748
708
694
734
756
776
744
738
762
772
726
690
736
750
774
726
704
724
714
674
640
640
652
630
636
626
634
612
606
630
646
686
736
754
730
742
762
760
750
718
680
680
676
686
684
682
658
650
708
750
754
722
768
790
796
758
728
758
754
736
666
702
706
678
670
604
574
678
670
602
590
598
590
592
572
580
574
582
586
594
576
572
580
600
634
664
644
680
680
682
690
690
696
700
690
678
660
640
634
644
650
630
612
630
648
662
658
668
690
698
702
702
700
692
700
714
726
750
758
748
728
708
688
700
708
724
686
710
748
788
802
774
742
746
758
760
740
732
700
684
694
706
736
764
706
736
730
738
702
674
676
706
726
734
722
700
716
710
692
670
672
698
744
772
774
768
762
756
730
684
688
676
686
678
650
672
700
744
776
754
718
720
708
696
680
644
660
680
676
694
726
774
826
858
840
816
784
788
772
728
740
718
734
744
752
726
682
678
686
676
674
634
650
648
664
686
692
684
706
716
734
740
704
688
698
720
714
708
694
724
748
770
746
710
704
724
734
752
750
710
716
738
758
738
702
704
708
722
680
630
604
618
618
618
628
596
588
582
572
566
560
556
568
574
578
564
566
566
576
582
598
584
570
546
574
574
576
576
584
588
596
624
668
692
736
706
704
650
632
648
676
716
726
666
656
692
670
656
672
696
716
688
676
706
736
772
772
734
698
758
752
742
720
702
724
760
780
778
764
784
788
750
730
758
792
820
780
734
754
766
764
710
700
706
714
726
700
658
654
654
648
654
666
676
684
686
684
642
624
644
688
750
784
794
780
774
736
696
698
710
722
730
694
666
640
634
626
636
662
650
630
650
698
728
770
762
746
742
754
746
746
714
716
746
768
780
726
702
716
734
752
752
730
718
728
754
764
778
738
742
758
760
748
706
702
702
696
690
698
684
670
686
692
698
684
688
682
672
652
636
614
594
630
688
730
736
750
774
782
762
748
740
738
694
704
724
732
722
746
740
702
686
742
796
806
768
792
824
820
804
748
700
738
776
796
806
736
694
710
708
728
766
792
756
718
720
774
784
768
720
702
720
738
758
738
692
754
780
794
798
796
824
828
814
804
790
730
736
766
816
856
852
826
838
830
834
798
764
786
802
820
812
800
810
792
836
770
778
790
820
820
784
730
718
704
670
676
696
676
672
706
758
824
802
720
790
794
806
744
700
710
732
752
732
700
666
702
662
610
612
620
624
604
602
592
584
608
624
654
664
654
708
684
692
700
634
638
598
584
592
584
610
668
722
722
696
728
778
774
774
750
668
632
620
596
598
592
608
642
690
740
760
764
752
716
710
706
694
676
654
648
686
734
750
768
732
702
716
740
758
766
736
700
690
732
800
824
780
738
772
782
800
780
808
830
844
818
792
812
820
810
780
812
836
844
816
788
788
778
772
728
752
788
812
804
776
806
804
774
710
704
718
752
762
734
770
818
812
762
716
716
730
722
686
702
726
738
738
698
678
648
638
624
636
646
662
658
650
634
630
614
624
632
680
664
724
778
782
742
742
736
708
722
764
812
828
796
716
740
784
834
854
828
776
820
832
830
764
766
830
868
884
848
750
754
782
826
832
766
772
818
856
856
822
832
822
758
726
748
772
778
762
812
840
818
754
774
826
838
822
794
804
804
794
768
794
808
810
788
804
842
846
842
782
790
796
760
708
746
792
838
796
738
742
750
756
738
786
822
814
766
754
766
758
758
714
722
752
782
756
730
754
788
824
810
806
824
830
800
782
800
816
820
738
718
738
764
796
796
786
822
832
814
776
730
758
778
804
776
752
816
784
740
698
716
730
734
710
740
798
826
796
750
772
788
776
736
690
722
710
674
646
694
732
726
720
696
774
742
802
730
694
708
690
648
630
610
602
580
546
582
564
564
558
556
550
762
534
556
588
580
562
554
614
576
562
590
504
546
568
566
632
656
744
808
824
810
728
780
808
858
820
778
782
812
818
792
804
836
848
806
806
820
824
768
742
758
782
778
754
772
804
774
756
740
720
716
698
646
640
628
674
662
730
676
670
688
724
728
666
632
650
630
640
624
606
640
644
616
620
644
668
718
802
842
830
784
752
754
758
772
778
748
726
800
872
888
908
880
818
844
860
876
872
826
852
874
900
860
872
882
870
802
800
782
758
716
686
750
862
860
794
828
860
862
776
708
710
736
782
800
758
736
774
794
786
732
734
776
832
844
820
832
852
856
838
806
828
838
842
766
728
782
846
900
892
824
800
840
858
862
808
816
836
842
830
812
858
888
904
842
760
752
754
732
694
714
724
744
706
714
726
792
846
854
794
738
764
792
828
806
736
760
790
802
792
732
706
728
744
754
750
740
786
814
822
766
750
760
776
754
764
812
844
828
760
784
826
858
852
806
774
766
750
710
642
620
614
668
720
804
824
774
754
786
724
834
820
756
706
710
720
744
780
814
820
818
804
806
802
810
806
826
840
834
832
816
822
828
812
806
816
834
838
816
786
808
808
794
752
744
730
698
644
680
736
788
766
722
778
804
792
736
756
764
760
712
736
818
830
816
784
776
822
776
730
752
768
804
792
816
842
818
784
716
714
728
748
736
764
662
686
702
718
728
698
736
768
796
804
774
720
726
740
724
702
674
680
684
726
740
686
714
722
758
760
702
678
688
720
764
768
744
702
678
666
680
706
742
762
696
676
680
710
758
810
828
790
776
776
770
770
714
682
742
758
806
832
828
814
816
832
832
814
758
754
770
776
772
738
744
784
832
826
812
848
804
736
704
708
734
770
792
770
802
852
868
872
822
832
852
852
852
816
808
836
838
836
780
784
798
800
740
678
684
736
748
752
700
716
750
780
780
726
708
750
780
804
816
818
848
846
842
844
840
870
878
882
854
826
830
824
802
820
850
850
792
680
658
670
684
766
830
808
760
810
826
838
798
736
724
700
656
636
664
690
718
702
666
732
810
856
874
856
806
776
758
742
734
726
718
754
772
788
790
726
728
772
796
862
824
782
794
810
790
732
796
798
806
776
732
758
784
792
774
712
680
634
670
664
722
790
786
750
804
812
810
780
708
716
738
780
808
746
842
848
854
828
780
822
830
822
812
792
826
832
836
822
832
876
894
892
878
876
828
834
810
736
668
760
700
696
686
752
796
786
730
692
682
720
752
768
758
706
736
770
792
796
792
802
776
732
712
766
824
864
846
814
858
848
848
808
786
814
812
790
738
766
790
794
774
704
706
718
744
740
738
796
816
814
758
774
776
740
698
704
748
800
834
806
744
742
810
774
734
740
764
760
732
710
738
744
732
700
674
710
742
782
764
702
690
738
780
792
800
778
778
770
758
762
716
712
730
732
728
716
760
872
854
840
726
684
656
660
658
684
724
750
750
756
786
754
826
774
816
824
818
792
820
858
880
882
868
838
838
850
844
842
838
786
802
842
864
870
814
790
798
824
836
788
810
842
834
802
838
836
820
756
774
806
874
844
796
840
862
858
802
818
822
832
810
814
838
822
766
706
742
798
814
784
776
828
844
816
744
790
806
822
840
804
794
812
824
808
772
846
830
812
774
800
816
826
776
746
758
830
830
780
816
802
778
722
712
750
760
740
736
800
802
842
798
850
860
848
774
732
756
764
768
786
770
766
760
702
676
710
732
756
722
760
778
768
772
734
774
746
696
660
640
682
726
760
692
708
682
708
734
750
756
786
820
820
802
756
776
774
766
738
756
772
774
750
718
758
824
858
860
802
752
770
802
810
798
784
812
806
802
790
812
812
774
728
762
788
810
768
702
772
776
782
732
716
746
780
778
726
732
798
778
764
742
772
776
736
696
684
674
690
750
756
802
838
808
736
676
702
710
732
762
828
872
880
840
822
826
812
776
754
768
784
794
780
806
838
852
842
826
852
842
812
812
828
822
818
810
810
806
802
740
742
786
794
758
730
788
822
790
766
742
784
812
804
798
856
904
902
848
828
848
850
852
834
876
892
894
868
798
718
758
792
796
742
744
780
800
772
772
820
834
842
794
736
760
748
756
738
714
752
780
762
728
722
734
764
762
738
782
796
804
762
700
806
778
774
738
772
826
856
876
854
828
836
844
818
756
698
678
682
692
734
762
716
732
802
842
832
852
830
852
858
818
794
810
822
798
770
798
830
856
830
822
852
870
870
864
796
790
806
792
746
780
780
762
704
722
760
800
800
752
764
788
758
712
702
746
772
772
750
748
772
796
772
738
750
778
802
786
762
778
758
710
726
738
802
856
874
832
824
866
828
812
860
848
846
828
824
834
784
736
810
814
780
778
750
772
748
720
712
722
742
772
734
758
786
790
756
720
652
656
698
770
840
868
848
814
826
832
806
760
770
800
804
784
798
798
792
754
776
792
804
808
826
836
814
808
822
824
816
792
814
834
846
814
802
812
808
778
750
758
772
750
714
704
742
802
844
804
810
814
776
712
738
774
806
782
774
818
844
832
824
828
808
770
768
784
788
766
766
784
772
762
756
718
728
770
762
730
738
754
722
750
780
798
762
746
782
786
782
754
772
788
770
732
750
784
804
802
770
786
792
782
748
768
806
786
748
784
820
836
804
780
796
800
780
738
754
788
794
780
770
822
852
844
826
836
846
828
778
766
716
714
756
794
780
738
768
792
778
734
754
794
810
784
732
764
764
778
760
740
774
792
792
768
794
832
848
822
810
840
832
802
752
778
800
754
720
752
792
836
830
818
836
826
794
796
782
808
818
796
788
806
816
796
742
770
808
842
834
770
780
806
824
818
764
774
796
798
758
732
758
768
758
718
766
788
782
730
752
790
786
742
760
792
780
728
734
738
704
680
670
732
786
800
770
778
836
802
752
778
808
822
808
782
790
804
782
804
732
724
834
838
808
796
848
870
884
858
830
828
820
778
746
774
800
818
782
720
748
766
830
776
760
780
766
706
642
708
728
792
812
812
730
774
798
804
794
734
704
702
714
756
790
764
718
730
742
732
718
678
656
634
678
638
616
610
732
900
880
814
754
708
656
658
590
598
594
598
596
594
588
580
564
552
546
552
540
580
586
588
576
578
590
606
624
670
698
760
798
732
680
724
668
648
608
582
570
572
548
558
536
566
604
638
682
756
822
860
846
854
806
796
782
722
692
722
756
742
686
708
744
778
754
736
776
740
670
642
642
632
636
612
618
664
706
738
710
732
726
726
690
700
714
692
632
606
608
574
574
560
570
572
578
574
576
598
592
604
616
644
624
634
642
700
744
778
778
710
716
708
690
638
622
686
756
762
788
840
838
846
754
768
780
818
858
846
824
848
846
796
788
824
836
784
762
788
822
808
750
792
810
768
726
768
788
754
718
756
786
754
706
744
732
678
666
674
654
668
712
714
712
766
792
780
704
692
684
674
676
684
676
726
794
854
854
812
850
854
828
756
762
794
814
768
744
792
826
850
776
728
760
776
758
684
684
688
670
646
634
680
730
768
744
750
780
770
702
656
658
648
650
650
636
632
640
682
698
714
756
762
710
730
780
826
848
798
774
784
776
730
690
704
736
764
760
796
824
828
762
750
768
784
760
726
748
784
816
762
720
752
760
748
706
670
682
682
654
628
620
634
672
668
654
684
702
692
726
760
780
730
678
668
680
702
720
738
788
800
802
734
718
718
700
684
694
690
700
740
784
816
794
758
770
744
696
636
634
648
682
740
744
# end time: 2014-03-05-20:52:44, 1394070764.69
