# R wave intervals in milliseconds per line
# start time: 2014-06-26-15:56:50, 1403812610.69
964
904
882
872
864
768
718
710
720
772
840
742
748
784
796
704
680
672
712
754
776
702
694
730
748
732
662
708
730
734
666
644
684
678
728
702
732
762
694
692
684
708
752
692
696
726
766
686
780
786
800
808
708
702
720
740
764
798
696
716
784
854
800
786
838
804
688
698
718
716
642
724
736
796
724
788
816
792
728
718
750
776
716
668
718
734
858
718
670
728
774
812
736
714
726
732
694
650
688
738
796
746
808
822
776
738
790
794
704
686
732
738
698
664
726
764
808
694
754
784
800
722
746
772
778
706
706
776
776
742
674
712
760
814
768
770
812
792
692
692
726
804
752
710
766
848
792
690
672
726
704
652
652
682
716
738
682
744
766
820
678
690
702
716
680
652
704
730
690
642
700
666
622
616
618
616
632
596
614
642
674
688
638
648
674
704
690
636
618
566
710
854
868
882
866
860
836
820
794
738
740
762
770
720
760
758
728
700
654
680
690
716
678
684
720
738
680
710
694
658
654
628
636
662
624
618
636
670
704
704
682
666
684
654
636
618
614
614
596
606
668
730
716
684
722
744
788
682
702
666
748
722
660
686
700
730
686
702
732
756
746
670
712
740
776
704
710
732
742
698
654
684
680
746
672
642
622
688
730
756
710
682
736
720
698
652
660
660
674
642
614
680
696
748
726
780
740
726
720
646
690
680
710
650
658
678
708
694
720
710
706
682
672
696
678
642
682
678
642
630
616
630
654
666
692
680
618
680
656
614
626
684
706
744
702
752
796
770
700
734
734
762
684
718
724
736
710
702
682
702
716
702
674
702
718
732
740
666
674
722
720
680
690
694
752
700
684
732
752
752
680
710
722
720
676
670
698
704
654
710
704
718
692
674
708
706
738
664
668
686
698
666
660
686
702
686
694
714
758
786
708
690
698
698
706
690
652
698
740
768
718
682
760
782
704
654
666
652
714
644
686
682
768
716
684
718
730
720
666
664
652
632
634
652
664
712
668
702
730
734
676
614
654
664
664
644
604
636
688
740
784
752
748
762
704
648
636
654
680
714
754
676
692
726
736
730
686
692
702
706
672
660
732
746
746
714
762
752
746
734
666
672
676
732
708
668
726
748
734
656
644
712
704
728
664
706
722
732
716
670
660
704
662
700
632
618
614
618
672
730
768
796
736
716
766
718
650
710
684
666
658
692
708
662
684
636
660
656
612
682
702
708
668
672
722
710
734
662
668
648
670
698
706
682
696
750
720
696
696
690
696
770
696
654
684
702
726
686
686
712
722
698
696
678
704
720
736
666
748
746
768
750
668
700
714
710
706
650
674
712
734
762
688
722
726
724
664
680
718
764
754
716
774
770
738
684
698
730
676
646
720
730
736
686
726
716
744
738
670
688
704
714
686
716
760
746
770
698
700
720
716
702
668
670
676
730
716
688
648
654
654
732
710
686
694
736
682
652
672
680
736
716
680
704
736
712
718
658
662
660
714
750
738
700
652
650
720
710
700
656
662
684
682
700
684
668
710
710
720
658
716
758
774
818
782
838
850
800
794
756
746
794
676
686
666
734
696
702
716
800
816
814
718
758
762
764
718
684
700
800
752
696
734
764
768
702
700
730
722
648
718
718
730
770
720
726
788
748
686
714
734
750
698
702
696
724
714
702
688
692
752
676
724
708
726
798
700
690
696
684
634
628
670
698
720
814
816
788
832
848
818
772
650
696
672
694
674
666
768
796
818
734
664
678
692
684
662
666
690
626
640
586
666
680
716
748
720
714
720
700
680
648
652
672
696
722
726
704
734
746
686
686
670
664
748
730
676
760
736
752
720
712
766
752
734
682
750
748
750
704
614
674
654
754
754
730
766
746
724
732
656
678
750
738
720
692
748
752
684
644
646
612
652
578
618
618
632
572
618
608
602
634
650
618
572
626
618
628
638
598
624
610
690
# end time: 2014-06-26-16:06:58, 1403813218.03
