# R wave intervals in milliseconds per line
# start time: 2014-06-15-02:28:10, 1402813690.77
722
622
686
642
638
622
676
626
610
568
614
578
558
596
634
632
654
666
648
654
646
636
662
650
708
702
754
772
512
594
758
762
724
774
726
714
694
740
638
742
504
512
614
542
786
834
822
804
796
756
776
768
734
766
782
768
764
738
764
750
720
734
750
766
732
728
782
808
678
902
766
764
770
744
722
784
746
734
708
726
766
768
760
782
758
794
720
744
716
692
628
604
646
670
692
666
670
700
766
804
832
796
802
824
788
742
726
808
758
716
690
742
746
750
734
782
764
752
788
760
740
746
756
724
654
750
764
786
778
666
668
634
654
614
646
700
670
664
716
800
802
792
834
786
718
534
630
706
586
794
680
802
796
802
780
772
802
514
508
612
546
794
772
518
606
512
804
506
606
794
520
796
754
770
502
606
680
504
782
698
732
742
776
722
716
712
718
798
706
696
798
834
798
788
816
732
718
650
682
718
768
710
718
632
650
682
690
726
634
600
632
604
650
578
618
616
620
652
712
652
714
764
738
744
502
554
762
780
756
770
678
742
678
770
764
776
702
514
788
544
618
742
560
798
802
860
804
778
758
812
580
602
740
544
778
750
698
666
688
728
754
566
632
726
538
814
802
840
844
766
510
746
682
738
760
774
778
784
768
770
808
814
738
834
784
712
734
700
656
702
648
522
746
786
780
798
770
786
758
792
744
726
758
768
800
788
810
852
830
836
800
848
734
650
682
650
664
702
682
506
556
764
572
510
664
792
796
510
772
740
748
718
662
652
650
734
800
574
640
802
534
816
502
600
794
670
684
718
710
502
518
612
526
514
626
772
512
786
780
736
700
720
742
766
724
516
568
802
796
836
502
838
568
592
502
772
764
766
768
732
750
780
758
748
736
502
576
748
694
758
774
758
730
778
504
534
766
764
818
816
732
734
750
568
764
668
716
780
728
788
708
684
708
718
748
738
752
764
752
750
788
766
730
696
720
926
598
796
732
502
514
618
780
504
782
526
606
504
796
752
506
578
742
780
706
722
794
748
702
696
762
740
754
720
758
782
774
682
790
734
746
722
726
552
788
650
658
694
728
718
734
700
756
780
512
736
752
736
730
696
590
670
586
650
668
648
616
672
708
672
746
620
674
656
694
706
698
700
722
696
696
696
606
600
638
614
628
606
628
724
764
710
748
754
782
702
682
894
658
742
756
700
760
700
774
738
756
722
762
740
742
786
740
788
730
754
726
740
746
722
744
502
700
734
732
752
764
700
688
708
644
660
734
718
820
778
782
784
812
764
722
750
730
752
650
680
654
630
668
680
716
736
782
836
586
774
754
502
664
828
754
700
688
714
712
702
732
726
740
750
850
750
776
810
780
764
734
# end time: 2014-06-15-02:35:16, 1402814116.22
