# R wave intervals in milliseconds per line
# start time: 2014-05-13-20:40:39, 1400028039.74
690
522
782
534
502
516
990
996
532
584
634
594
636
518
582
554
584
516
514
516
514
984
502
506
526
604
614
600
620
580
568
564
572
566
532
550
536
548
534
550
548
566
552
550
588
544
570
570
560
518
540
566
562
536
980
534
568
534
580
570
534
582
564
554
584
516
526
524
536
534
594
604
600
656
628
628
602
584
588
560
590
564
578
540
568
536
578
580
554
580
554
596
572
564
568
536
578
564
590
546
534
516
566
522
566
966
514
528
508
528
532
524
518
982
550
548
514
528
578
522
536
576
542
568
570
550
546
520
568
514
520
564
566
566
552
544
556
534
534
564
548
550
536
516
560
540
546
556
566
546
538
536
566
546
584
520
576
552
570
550
598
524
530
544
540
532
578
538
546
538
598
584
600
616
670
564
564
576
574
568
570
566
580
568
570
570
546
600
580
586
568
570
552
592
568
606
546
532
566
550
550
564
554
568
532
570
550
586
516
564
578
558
560
568
542
582
532
526
548
504
550
532
546
514
556
540
558
540
606
558
606
596
570
548
582
604
534
534
564
536
566
548
544
542
604
572
624
632
618
648
586
632
602
586
578
554
564
570
566
566
536
536
530
582
554
548
552
564
564
552
536
520
530
534
532
520
564
520
818
748
502
550
548
564
568
566
568
538
568
566
564
570
564
548
536
518
562
542
526
588
566
582
572
558
556
518
574
540
552
534
518
564
540
562
596
604
598
636
584
584
582
598
590
562
600
536
602
548
558
608
598
580
540
600
602
600
632
584
578
578
594
584
566
536
566
566
568
564
600
588
554
594
566
552
546
554
518
582
566
568
568
580
568
534
584
568
566
566
562
558
578
566
556
564
572
562
566
568
534
584
564
536
562
572
566
624
594
584
570
580
586
594
586
586
578
564
558
592
550
554
566
592
528
530
584
566
550
568
550
612
572
532
554
550
562
536
548
554
550
550
612
622
612
672
628
638
630
648
614
606
566
586
578
572
584
578
578
568
568
590
594
650
620
582
598
550
590
544
600
518
580
552
566
518
536
550
548
532
518
520
532
514
534
532
518
1000
516
528
520
572
918
524
508
584
944
574
596
568
528
606
610
588
582
554
594
566
562
538
534
538
578
516
518
986
512
966
522
560
570
598
550
602
534
582
554
546
590
578
572
576
604
560
608
558
570
536
830
512
562
746
550
508
788
508
540
616
614
588
610
592
540
600
552
516
516
518
530
522
544
522
552
558
576
570
614
542
594
546
614
560
544
562
562
556
544
534
572
528
546
558
560
600
668
668
606
564
644
636
620
612
626
544
590
518
566
506
556
510
532
542
538
570
568
616
582
592
598
614
626
602
614
594
640
586
622
588
584
574
598
542
524
558
568
578
578
636
612
602
572
612
618
620
622
620
612
574
596
560
570
556
630
618
598
590
628
610
560
610
602
608
576
614
548
530
556
554
554
610
560
620
600
614
584
610
558
566
562
590
570
560
600
600
608
604
594
614
570
576
574
614
598
590
574
594
570
584
584
632
568
550
560
540
590
572
522
574
518
564
534
526
540
522
554
528
562
548
538
584
528
538
548
584
576
556
516
568
578
584
610
560
574
582
646
632
616
566
584
580
584
558
580
568
530
534
536
550
556
556
600
550
578
526
582
582
548
568
592
508
542
556
590
560
590
544
592
600
596
582
534
550
556
550
556
548
532
580
514
520
562
536
546
564
542
530
530
534
570
596
602
614
600
566
616
604
582
600
570
592
588
576
578
608
538
516
586
548
598
572
600
532
544
588
586
594
542
598
548
564
572
566
644
592
614
610
616
584
552
566
568
554
548
550
584
502
518
578
626
658
616
618
618
636
660
636
584
566
550
534
544
552
560
578
588
576
580
574
576
618
616
582
602
552
588
586
600
552
710
544
504
562
552
552
598
544
520
550
518
556
592
600
614
586
586
544
560
552
538
520
520
514
584
618
654
630
616
532
552
548
550
562
554
540
590
570
572
584
578
572
594
558
556
558
586
558
562
572
546
596
614
578
550
548
598
570
602
580
600
582
572
576
624
600
642
588
564
632
608
566
612
548
594
526
564
560
520
550
516
534
550
554
530
574
554
590
616
610
542
610
570
592
562
610
556
566
610
604
602
564
602
596
618
620
566
614
580
590
620
564
548
606
596
610
574
574
566
598
618
586
612
546
550
584
586
560
554
562
568
566
618
550
600
566
568
590
598
574
574
600
532
530
592
592
628
622
646
604
550
578
608
596
588
604
530
536
566
566
582
594
572
600
584
570
596
584
574
558
536
582
586
546
570
548
556
576
572
558
590
566
584
624
620
570
580
582
576
576
540
532
568
578
598
616
606
636
596
618
628
652
618
588
650
628
620
576
590
564
552
584
584
548
552
578
568
570
622
608
618
604
628
562
518
602
564
566
620
590
590
586
618
598
636
586
612
582
620
580
568
580
586
554
596
568
566
638
608
608
594
592
586
620
570
564
598
590
606
576
580
686
740
536
618
584
604
616
630
632
620
620
610
632
586
624
608
614
602
630
604
564
586
578
580
588
578
558
578
600
590
562
616
598
602
654
568
512
620
600
562
568
570
588
616
636
606
582
580
606
562
584
564
584
584
562
554
562
570
552
590
530
548
590
572
582
532
578
556
574
564
546
548
586
582
566
608
574
598
566
568
604
532
512
550
550
564
546
580
524
520
572
506
564
578
606
630
598
600
598
612
880
632
582
624
610
586
578
538
550
562
536
544
530
524
534
546
590
628
690
614
668
788
672
720
620
648
602
550
626
618
584
668
550
554
588
590
564
664
572
598
580
604
614
618
614
582
580
606
578
566
594
588
624
558
572
568
578
584
574
584
562
578
586
610
624
634
600
610
574
596
598
570
630
600
574
582
564
582
620
536
566
564
638
560
632
632
616
600
612
620
570
598
564
550
588
532
516
568
548
548
522
562
536
552
546
534
554
576
568
548
590
578
674
726
514
552
554
546
520
548
552
584
594
586
586
586
628
616
588
562
564
570
598
548
520
568
550
568
598
600
548
622
618
632
634
582
566
594
572
584
570
562
548
596
572
536
578
560
554
538
598
520
530
524
538
554
506
528
530
552
528
526
552
558
546
830
538
562
576
528
532
568
686
654
516
534
526
520
502
558
542
584
634
592
542
582
566
568
552
548
598
568
582
554
546
504
520
530
546
534
604
578
568
570
606
604
608
562
534
532
550
532
582
508
568
780
516
512
602
600
628
602
584
586
578
568
570
568
566
570
600
514
516
750
514
954
996
514
510
626
688
706
680
732
764
764
766
706
716
612
674
614
598
550
586
596
592
618
616
624
610
614
598
598
586
582
570
596
550
552
554
538
560
548
556
530
564
548
538
526
522
526
544
518
512
528
508
990
530
544
556
576
572
546
560
562
552
578
552
556
560
550
536
572
530
568
570
560
576
534
560
550
578
560
540
596
576
604
596
584
600
564
588
610
570
534
552
580
580
554
518
548
524
526
518
534
532
534
534
516
606
584
580
596
580
638
608
662
648
634
636
620
596
584
568
550
584
530
592
628
638
612
632
600
608
628
604
602
552
560
546
544
568
574
568
566
604
570
564
592
530
546
584
554
530
556
532
530
546
522
594
620
618
600
572
596
556
834
552
584
610
544
504
584
570
532
536
530
550
566
576
544
568
532
552
548
576
576
546
554
562
572
596
592
626
626
614
662
618
618
602
566
566
572
548
550
532
534
528
534
532
540
550
550
570
518
550
516
544
552
568
556
612
598
554
544
568
570
552
614
604
584
584
592
608
580
618
598
584
550
586
548
530
588
570
574
540
554
560
570
568
630
602
580
582
600
600
596
592
580
566
568
584
572
562
604
536
578
564
566
588
630
602
536
584
562
594
542
578
552
568
556
610
586
582
552
560
570
578
552
574
526
568
568
552
596
548
560
564
578
588
550
594
532
560
558
566
572
568
538
542
552
542
592
572
564
578
600
606
602
586
572
580
586
568
548
556
546
578
568
564
524
580
564
580
562
594
568
562
574
592
656
606
626
602
606
576
630
562
560
544
588
548
546
552
548
590
516
536
604
604
596
586
586
606
560
552
618
580
566
570
590
606
598
598
536
580
562
588
584
554
564
580
582
572
614
578
590
572
608
586
546
614
516
542
600
598
584
574
572
582
536
524
546
544
534
546
552
534
568
558
524
554
514
536
514
566
510
554
526
536
520
524
750
540
510
514
518
514
514
538
536
602
568
594
578
588
596
574
628
582
554
594
592
596
600
572
528
574
556
574
576
586
564
586
612
636
632
588
602
564
584
594
580
534
568
538
550
546
586
554
544
590
566
610
552
536
564
568
584
582
542
530
532
550
552
576
586
582
614
574
566
626
588
612
584
552
548
546
540
564
598
602
664
584
632
620
624
626
610
610
632
632
614
616
556
596
582
596
588
566
598
552
574
826
564
558
588
582
612
636
640
602
658
596
618
638
612
670
616
598
630
562
592
558
598
604
586
604
562
568
580
620
610
552
570
566
594
584
558
536
574
566
566
564
546
536
592
594
566
540
572
564
590
566
538
568
610
564
558
606
638
564
584
596
584
586
604
558
550
578
574
602
542
596
570
576
620
564
584
568
558
610
582
586
574
560
568
588
586
596
556
584
566
582
594
584
588
556
592
584
592
544
616
578
588
578
582
568
534
590
576
564
552
568
544
582
582
584
564
570
580
604
582
612
592
576
594
540
558
540
556
544
590
578
578
588
616
626
594
650
582
584
568
598
582
550
536
538
558
564
582
580
550
538
584
608
580
540
590
534
580
540
588
546
534
510
548
546
522
566
552
568
584
548
546
604
596
582
620
550
692
724
528
570
556
586
958
520
552
578
600
666
680
696
682
714
654
642
666
602
550
596
556
556
540
550
548
552
852
514
520
568
578
582
590
610
616
634
652
654
632
626
582
626
524
550
602
594
590
640
590
586
602
596
586
634
564
554
584
570
574
584
556
562
574
562
610
560
528
572
564
534
568
528
584
600
616
652
600
636
610
622
600
618
580
600
606
596
648
636
650
630
630
622
628
600
586
610
584
560
564
578
602
602
578
576
578
624
588
620
550
564
570
550
604
530
554
538
554
554
530
558
512
560
528
512
550
534
502
552
546
564
552
608
558
532
532
536
552
524
588
564
556
522
594
578
594
592
670
650
620
660
622
610
588
582
574
560
550
596
552
570
554
564
576
604
584
580
604
598
590
650
594
586
576
556
600
566
600
534
522
564
582
586
566
614
552
556
568
542
590
564
550
562
552
540
574
558
516
592
586
550
538
612
586
588
608
620
566
568
550
586
506
596
560
572
582
618
564
590
660
574
544
580
602
582
568
552
558
586
536
540
574
558
558
562
544
538
566
562
568
552
594
554
574
558
600
598
580
632
600
576
586
568
612
582
582
570
550
570
570
564
614
568
544
586
586
588
546
568
538
560
568
562
538
572
544
554
566
576
562
532
578
562
572
570
562
540
582
566
580
624
574
626
608
650
586
540
580
552
578
542
566
560
576
556
526
600
598
550
602
602
584
570
558
546
558
578
568
566
570
554
534
560
548
542
578
606
618
632
588
556
592
592
614
608
600
550
562
582
550
560
568
580
564
584
606
614
702
696
686
618
712
602
594
640
596
590
588
588
584
594
578
618
574
608
600
614
616
570
580
590
618
580
594
610
598
648
610
576
584
604
564
560
544
518
558
564
596
604
580
572
610
596
612
598
610
592
572
596
570
598
568
614
578
558
600
578
568
568
570
612
522
540
626
546
568
592
578
564
584
572
598
566
582
564
552
534
572
550
556
620
600
600
584
588
580
626
610
570
546
584
568
596
604
632
596
620
594
610
630
618
508
694
600
570
616
572
576
556
564
564
602
600
616
582
600
554
584
564
568
592
574
586
570
586
566
632
588
562
602
550
598
564
570
582
604
604
594
618
520
628
572
590
580
576
558
578
578
526
580
554
596
566
552
522
540
596
514
520
550
562
566
550
574
566
580
572
594
554
586
576
538
564
568
532
602
716
538
530
586
570
560
614
652
696
718
690
750
684
664
650
568
616
564
566
658
504
552
540
518
516
548
540
510
524
528
548
544
826
516
512
544
542
584
582
594
590
650
598
588
604
562
564
592
512
578
504
550
582
596
656
606
600
654
640
610
624
554
548
622
608
586
584
548
580
534
534
608
592
570
546
580
584
586
604
580
590
564
568
592
574
562
570
600
542
554
586
568
628
602
566
550
552
570
576
566
538
532
576
538
562
534
540
582
560
568
610
588
620
606
592
624
562
606
590
586
576
624
614
588
580
612
588
568
608
546
560
556
558
520
566
750
550
524
592
582
570
616
600
648
584
580
608
596
582
580
580
572
556
570
554
570
548
558
608
570
560
558
862
574
554
600
568
592
598
596
576
596
568
580
570
562
540
604
548
558
592
572
604
558
558
588
584
634
624
624
630
620
630
634
612
600
636
584
602
548
588
560
554
600
580
554
584
584
568
620
576
582
616
594
552
554
578
586
614
564
524
570
576
564
568
566
548
610
572
618
582
582
568
616
568
568
592
522
542
514
524
542
554
572
612
588
594
590
558
544
570
578
582
604
602
610
598
614
620
616
586
604
598
588
626
578
570
580
604
600
678
602
550
628
606
616
582
552
580
616
582
604
548
548
566
584
602
612
600
586
604
532
580
548
554
602
538
540
570
630
602
608
606
598
604
546
582
532
538
574
532
584
570
578
570
552
614
614
570
554
574
618
552
540
568
548
566
558
596
612
604
634
596
586
648
520
632
572
600
590
506
538
536
564
556
530
586
546
590
572
638
620
566
596
602
652
632
606
594
602
598
588
556
576
568
576
606
602
598
600
616
644
654
648
618
624
640
640
722
618
534
602
580
600
598
584
602
630
654
652
648
628
652
636
634
574
618
644
616
614
650
618
520
600
582
600
602
596
550
540
564
550
552
520
560
564
552
550
568
554
542
542
568
594
574
600
542
568
668
566
600
600
580
566
566
604
556
528
578
568
578
624
592
612
594
600
608
580
614
568
598
582
584
570
598
522
530
580
578
574
618
564
584
570
582
554
568
560
570
604
564
548
600
586
578
606
532
552
550
566
584
600
614
604
620
576
536
552
584
530
536
532
548
518
588
502
742
556
550
548
552
552
566
560
606
552
566
582
600
616
616
606
620
584
574
604
622
594
564
570
600
550
588
576
582
568
574
562
616
570
548
604
590
636
586
568
610
586
608
580
560
570
574
562
554
576
592
552
630
610
588
612
588
584
602
568
562
614
568
624
584
600
610
608
582
574
606
582
646
620
584
584
584
578
548
570
538
516
558
554
552
556
546
586
564
586
594
588
628
522
548
592
580
610
596
586
556
592
566
562
626
600
562
572
620
620
594
626
576
600
566
580
568
592
558
552
560
590
566
568
582
600
618
586
622
606
620
602
628
582
586
594
570
600
548
570
570
580
576
570
602
574
564
598
570
570
556
554
568
554
612
586
562
600
594
584
618
572
582
614
584
586
582
542
582
562
566
552
544
542
596
580
556
562
584
584
566
606
562
582
536
564
550
548
558
596
532
536
588
576
636
586
594
600
602
584
602
580
552
566
580
574
544
566
522
520
558
556
568
576
566
558
576
622
582
646
590
616
548
588
556
570
560
574
574
596
558
596
552
562
602
580
548
584
546
582
518
506
530
540
524
580
574
620
676
706
692
614
640
570
600
656
648
658
616
604
646
636
630
672
620
648
610
590
636
622
638
618
612
638
662
634
642
560
588
578
586
612
608
596
636
612
616
622
606
640
638
616
562
616
638
580
552
568
576
592
592
596
648
642
702
664
668
626
692
648
604
716
784
588
590
582
596
588
578
620
550
630
602
620
708
564
532
584
570
544
570
734
562
556
518
504
978
516
518
534
834
666
568
814
554
532
630
616
960
584
644
768
792
792
850
818
832
834
816
766
704
742
690
684
670
614
520
992
612
620
626
628
684
664
648
626
596
640
594
598
586
550
600
582
578
570
566
566
556
532
568
538
534
574
536
536
532
534
550
556
610
672
702
696
746
678
618
640
646
608
610
600
590
566
562
592
546
536
528
552
506
544
540
518
544
570
546
524
544
550
832
740
508
556
600
558
558
616
582
520
594
532
576
798
524
748
542
566
552
550
550
524
544
516
518
520
542
568
590
580
638
614
582
550
598
586
574
616
610
600
620
568
550
580
518
552
584
548
566
566
526
562
528
536
520
568
516
538
560
550
582
570
550
582
562
570
532
552
530
520
568
986
546
558
550
534
562
538
818
568
568
586
576
570
584
568
568
546
564
598
546
536
548
550
548
540
598
584
616
584
598
572
548
572
578
548
534
568
536
568
548
534
552
550
554
544
586
592
588
584
602
588
594
600
600
574
596
584
582
616
568
550
570
580
536
566
552
580
568
616
560
570
580
558
532
570
580
596
592
560
584
580
586
568
606
560
568
584
566
616
548
556
586
572
592
604
600
588
578
606
560
586
570
562
588
532
586
566
598
588
578
602
584
584
598
598
582
554
610
562
588
548
582
546
556
568
564
550
532
548
552
582
588
548
584
566
574
572
540
550
660
506
516
554
548
518
532
576
580
578
568
536
564
534
548
576
556
618
576
594
548
596
584
602
582
622
596
550
550
568
578
570
570
556
590
570
598
600
588
550
584
584
582
580
582
554
550
584
564
570
578
586
556
586
582
602
598
584
624
554
524
560
550
548
590
512
516
554
566
582
566
582
590
580
614
574
562
586
548
534
520
562
548
534
502
554
512
524
556
550
504
752
532
520
534
548
582
568
584
584
564
584
582
584
584
582
618
550
586
562
582
586
592
544
588
574
584
584
566
584
566
588
668
562
566
616
596
658
512
546
588
582
570
550
598
600
616
582
582
590
614
596
584
584
598
550
568
592
560
548
574
542
566
572
560
602
580
584
582
552
548
556
588
776
748
552
532
576
556
616
604
578
590
578
582
586
610
566
540
566
568
566
568
592
540
568
582
544
588
604
614
634
584
614
620
616
606
578
566
568
582
586
582
596
556
586
560
602
614
614
618
604
582
600
566
582
588
598
612
588
562
610
614
600
598
568
592
560
552
580
564
534
552
548
572
578
622
572
590
614
604
586
598
552
568
582
586
596
608
548
616
614
662
620
638
626
622
628
638
568
594
592
648
548
562
604
600
616
630
638
636
582
588
598
596
616
548
582
572
588
640
658
680
670
630
650
622
636
614
546
582
608
546
586
564
532
550
516
520
512
536
512
508
552
576
622
632
620
630
626
594
580
568
576
584
586
608
608
624
614
616
602
612
616
606
634
626
628
646
632
610
580
606
604
600
614
656
666
636
628
604
554
584
522
566
524
556
628
632
600
600
590
650
592
600
612
608
646
632
622
618
614
614
594
592
568
572
598
566
566
598
638
582
650
664
702
650
652
570
564
644
722
732
686
664
702
684
696
668
620
640
642
598
584
622
550
584
554
566
562
568
580
588
594
570
564
544
580
534
582
584
584
638
640
668
688
668
714
670
646
636
616
616
586
618
582
618
650
688
712
702
716
654
648
598
584
548
570
602
962
502
554
514
570
648
662
654
670
680
662
686
684
642
680
634
618
604
592
572
576
588
604
576
554
602
584
600
560
554
534
584
604
550
546
584
628
538
536
564
554
584
996
518
518
528
510
562
550
522
526
536
516
534
528
524
518
520
546
566
512
504
526
504
516
806
502
526
568
558
544
600
584
596
590
586
626
600
584
578
546
598
592
602
592
580
634
600
664
642
622
600
588
604
582
576
564
598
602
616
620
594
642
610
654
598
616
588
620
580
586
570
616
614
620
582
572
596
572
554
562
576
590
626
648
614
640
698
672
616
648
662
668
670
678
642
668
664
664
656
682
570
612
600
572
596
520
602
592
632
636
660
644
672
626
622
624
628
596
614
606
584
596
610
614
604
636
606
612
594
706
584
584
582
596
588
616
632
602
642
654
668
666
652
668
624
678
628
602
616
616
616
596
588
606
634
628
598
600
584
570
578
552
634
1014
608
642
524
504
528
544
520
518
526
520
550
536
530
542
816
536
594
560
550
584
502
588
742
560
844
648
668
724
706
700
732
694
698
684
634
690
642
632
612
672
548
582
602
702
546
540
588
554
578
584
608
618
646
640
692
682
658
584
638
614
628
546
546
588
588
610
610
636
554
614
626
612
646
666
602
636
554
582
618
614
614
584
574
600
602
724
582
592
626
570
560
624
618
612
644
640
644
618
622
576
602
504
582
590
580
578
598
638
646
616
620
640
724
570
606
608
620
616
616
632
584
602
728
596
582
604
580
582
598
610
594
650
652
666
682
634
636
634
646
582
602
588
610
606
610
586
606
634
642
634
586
598
614
618
600
566
608
610
618
646
604
656
640
658
634
602
596
604
624
618
616
602
632
540
628
616
602
592
614
598
598
584
598
536
566
524
564
534
618
732
552
542
598
590
592
586
590
610
568
602
568
574
568
574
566
580
618
614
620
614
612
638
584
606
594
636
614
616
616
602
582
634
606
660
600
584
602
664
654
614
600
600
614
586
552
582
564
534
560
576
638
670
706
634
616
638
644
658
642
620
596
572
532
530
534
568
548
536
598
584
666
720
742
672
664
668
662
650
616
604
614
512
522
572
578
588
606
624
596
584
596
612
564
568
560
536
576
558
614
620
628
588
604
582
632
656
646
694
670
652
700
664
618
580
570
620
588
564
574
604
614
650
634
626
678
736
708
634
654
594
602
548
586
534
594
570
556
594
618
706
726
732
702
616
630
618
586
612
590
606
602
654
638
658
640
594
650
656
646
568
614
596
614
612
576
602
568
628
616
618
574
596
612
618
630
586
610
582
556
558
596
518
538
594
614
660
628
656
606
666
634
602
598
572
608
600
604
584
610
592
610
536
578
572
580
648
616
584
582
518
548
536
548
582
622
594
618
564
584
600
654
610
600
580
590
586
580
616
600
614
604
578
566
568
600
616
586
594
574
594
634
634
626
592
600
614
634
598
584
584
612
614
624
582
580
616
606
572
604
580
564
620
588
564
624
608
670
632
664
614
624
602
642
602
584
548
544
536
536
564
582
652
602
654
650
682
678
666
652
666
694
640
650
582
606
602
570
588
604
590
590
590
554
586
568
618
612
618
594
592
612
580
584
602
562
558
560
550
540
548
576
568
616
606
578
604
580
616
564
636
564
532
600
584
602
548
564
542
576
586
578
596
552
520
550
564
534
572
510
520
562
540
530
576
558
586
530
578
558
614
580
600
600
620
544
532
594
590
600
568
588
564
552
554
594
582
570
606
574
562
556
562
566
588
602
600
592
600
588
580
552
632
796
536
514
536
560
590
540
552
638
592
640
614
604
648
532
752
618
600
622
690
672
646
660
596
600
628
618
602
618
596
582
566
584
596
592
576
604
566
582
604
566
582
568
590
590
590
562
616
580
584
566
540
596
534
630
602
596
580
546
558
562
580
620
678
680
634
600
634
630
664
622
594
644
596
636
592
554
584
516
564
572
598
630
722
734
694
682
664
638
668
614
568
548
568
566
584
616
628
670
626
618
634
674
656
626
658
618
618
624
650
612
606
594
572
620
636
648
646
586
632
614
618
630
574
624
596
614
614
592
620
608
628
642
616
648
654
650
686
660
622
626
614
616
608
580
600
590
598
634
648
702
630
638
612
642
616
678
620
580
584
588
604
554
540
598
568
600
636
678
684
656
606
642
618
642
628
570
626
608
608
666
618
600
628
608
596
636
582
610
560
566
582
590
588
612
642
636
632
606
578
602
582
584
600
592
582
594
582
570
582
576
588
600
604
632
620
664
696
688
686
634
612
616
636
650
618
632
598
598
638
566
548
560
562
582
606
578
570
584
616
618
568
634
600
606
592
582
602
548
550
606
654
642
646
670
684
758
674
688
650
666
658
662
596
588
596
630
612
678
662
620
584
590
624
604
598
598
578
614
590
576
584
578
578
540
580
574
576
644
646
634
582
616
602
632
634
664
654
618
640
594
578
580
588
600
604
598
624
616
650
692
690
648
666
620
614
624
592
582
588
572
654
642
642
670
716
670
616
664
636
622
652
582
612
616
632
626
574
618
618
614
700
668
632
652
636
632
652
626
586
606
592
632
630
572
620
598
668
662
624
626
666
654
594
542
556
520
530
532
554
562
568
598
636
646
652
686
662
654
884
608
632
566
604
568
562
594
584
604
594
606
620
562
620
594
584
588
580
552
564
582
600
608
580
636
606
588
590
582
578
582
588
596
552
586
518
542
552
530
504
556
516
594
566
584
670
656
584
678
666
670
566
600
586
568
598
584
604
596
628
608
694
664
666
672
602
686
642
626
598
564
570
578
600
600
590
590
652
666
666
590
646
618
600
604
596
586
648
574
618
578
624
594
616
566
614
570
578
614
546
568
584
602
542
538
598
608
528
626
588
622
658
658
614
618
616
650
648
618
580
618
600
642
608
650
600
672
660
716
686
640
680
636
646
628
586
600
616
616
632
586
608
578
648
636
620
584
636
612
634
612
576
616
610
604
586
634
596
582
602
604
620
602
634
622
638
644
662
596
634
620
638
618
644
642
592
598
650
622
632
592
588
604
618
632
620
576
620
608
594
648
604
550
596
570
608
554
528
556
526
514
584
588
602
672
662
656
644
600
604
600
598
602
602
598
584
636
666
620
666
638
614
636
598
618
530
642
728
540
528
522
530
554
542
616
610
614
644
638
592
578
626
618
600
640
618
622
610
566
586
572
530
568
566
584
584
568
600
628
556
636
556
566
562
566
580
572
576
542
552
586
598
618
552
608
604
612
592
608
568
616
580
546
550
558
586
584
628
650
680
634
622
630
682
652
612
616
612
622
616
564
600
600
608
594
616
576
568
600
602
584
642
552
602
570
588
614
604
584
598
582
662
658
582
630
602
620
590
636
592
580
598
600
578
596
564
608
530
544
610
640
636
622
588
630
618
642
610
644
576
598
608
600
614
590
578
594
586
614
564
540
594
592
608
600
632
586
618
680
668
662
594
630
568
584
568
598
580
560
576
562
596
626
602
616
606
636
638
624
700
504
566
638
584
586
594
596
648
612
578
642
616
632
630
580
586
586
604
610
600
592
606
614
624
660
566
564
614
606
596
658
584
602
598
576
626
634
636
692
666
646
638
598
568
566
520
568
512
560
576
674
742
818
734
718
734
730
718
680
610
608
622
616
618
612
570
568
612
606
578
596
572
588
612
598
584
582
600
604
582
628
582
550
606
600
622
610
604
530
602
598
600
570
626
594
648
630
600
602
560
570
600
586
650
636
632
596
606
624
626
628
568
580
588
610
598
606
578
568
546
580
546
586
548
564
600
572
594
606
610
584
636
564
568
590
614
630
680
696
704
692
688
696
686
676
742
504
594
620
634
632
634
666
632
636
668
644
684
640
608
604
644
620
642
632
610
636
606
654
640
612
594
652
640
654
644
634
618
630
642
652
624
636
592
620
616
648
620
632
600
622
644
668
674
674
640
610
630
650
590
612
568
568
636
642
626
592
602
632
592
690
624
634
574
614
606
634
614
542
594
614
636
632
634
628
592
610
564
532
586
592
560
556
592
560
606
578
576
646
528
580
570
570
576
564
828
532
530
582
556
556
564
592
584
586
614
580
598
602
614
590
612
568
574
596
600
628
614
576
614
574
620
632
650
616
612
586
606
548
600
600
618
540
590
588
638
628
578
596
582
612
618
618
604
584
612
616
600
650
632
570
636
626
636
614
650
604
608
616
624
630
600
598
604
632
620
594
584
672
572
606
574
534
512
528
538
528
522
544
538
502
534
512
516
534
586
508
516
548
536
550
566
568
554
546
552
546
586
528
532
572
546
584
632
700
700
696
740
696
750
700
680
668
634
658
626
626
606
612
602
604
614
572
572
638
662
658
600
646
614
648
634
580
604
598
600
628
628
618
566
602
596
572
608
548
532
566
600
514
536
614
602
594
610
582
582
628
600
582
584
586
612
590
548
580
600
628
622
614
632
582
602
518
568
654
512
534
564
588
610
576
580
604
598
600
576
584
582
714
518
602
598
586
572
654
578
608
618
570
572
586
630
538
554
574
574
596
526
572
534
584
598
564
552
586
552
534
594
572
550
546
568
570
584
546
562
568
600
608
612
638
610
554
560
550
572
560
560
590
568
578
584
696
582
586
604
556
590
534
636
596
566
658
550
590
742
510
558
582
600
622
586
632
630
634
670
624
608
600
564
584
618
570
576
616
604
546
600
570
580
588
572
654
660
670
638
692
652
604
626
588
632
624
610
616
582
548
566
542
534
574
566
648
640
648
596
628
654
664
648
642
530
590
592
610
620
696
654
632
626
690
644
622
562
586
590
624
638
614
634
634
666
662
738
596
648
652
630
592
624
602
602
628
638
646
702
630
638
584
610
604
586
608
598
624
634
590
638
544
626
620
740
624
672
694
644
648
586
590
630
648
684
698
672
660
638
618
612
600
602
596
584
602
598
624
598
648
646
634
638
602
562
594
568
618
584
654
634
610
590
564
566
576
598
602
618
640
636
630
660
608
648
626
590
568
616
608
616
610
610
640
612
616
648
634
592
662
580
564
640
596
614
684
644
670
634
650
604
616
586
628
590
618
622
650
624
576
634
602
568
600
632
604
682
656
606
602
614
604
648
650
666
652
658
658
616
664
604
630
630
634
652
666
620
600
662
636
650
630
600
558
612
616
614
584
592
674
664
688
650
610
658
648
620
608
606
574
558
588
562
590
574
634
618
602
582
636
638
642
620
610
622
650
636
632
582
602
598
612
624
630
664
574
636
628
636
614
662
592
596
598
602
578
604
588
614
584
630
586
624
510
562
610
640
604
550
584
622
560
570
574
562
582
566
592
596
576
584
600
636
644
624
646
668
660
692
676
622
586
610
616
642
566
546
600
598
624
612
660
602
608
646
618
604
614
594
566
572
574
576
666
634
602
650
668
632
608
576
616
602
632
584
584
598
598
620
582
618
582
652
616
674
610
584
612
628
618
626
584
628
596
650
608
632
618
662
688
610
640
666
668
658
626
610
608
602
578
584
584
632
632
570
616
602
650
600
584
564
584
582
642
626
630
620
670
626
590
598
612
610
590
600
604
602
612
588
580
626
630
632
612
588
586
628
606
594
586
610
616
574
616
568
590
598
614
594
588
596
632
630
574
614
612
614
602
576
598
588
574
604
566
590
610
586
582
624
618
610
562
644
606
626
604
586
578
616
600
604
580
610
574
638
614
582
630
588
614
616
584
602
598
650
616
650
596
588
604
604
568
572
584
584
570
618
578
602
584
630
582
616
602
596
602
580
580
614
624
624
604
626
648
666
592
590
568
588
594
620
616
582
618
578
588
600
604
616
578
566
582
592
592
654
584
642
622
506
572
636
684
644
688
634
668
642
606
630
618
674
618
582
574
620
632
650
686
716
504
586
550
638
650
690
658
702
656
630
680
654
666
642
644
582
576
626
614
618
600
552
592
556
562
682
722
792
776
766
734
746
714
642
612
644
584
586
582
604
600
650
646
702
656
722
682
670
634
650
646
628
648
634
582
610
596
610
590
644
628
634
582
580
636
616
606
612
636
584
618
578
582
600
586
584
638
614
594
600
618
650
650
666
646
566
622
594
636
622
586
626
614
626
608
650
602
616
638
626
666
606
590
630
632
624
600
554
612
592
602
568
570
588
594
608
612
584
602
604
582
630
590
612
548
568
600
582
616
598
584
596
604
598
640
594
650
618
618
584
614
584
618
614
604
606
642
632
632
620
570
616
608
572
618
540
552
578
558
570
602
596
666
646
658
596
588
596
604
614
570
546
614
638
628
622
602
626
622
684
698
702
654
684
658
638
564
648
602
578
628
606
572
646
604
620
614
668
628
590
626
628
644
634
644
618
628
626
616
634
564
630
620
636
630
664
594
628
634
614
634
566
630
604
670
608
622
606
610
662
610
632
610
606
618
612
600
606
622
650
672
654
610
660
656
624
614
612
638
650
636
592
638
630
626
622
640
604
596
618
620
630
646
618
584
602
566
600
520
566
520
530
598
588
690
736
704
720
718
698
664
620
634
612
564
616
622
650
594
604
584
606
562
596
566
568
584
606
594
620
598
656
590
540
580
574
596
576
574
674
694
670
626
632
652
680
658
664
630
608
574
554
572
596
588
624
718
670
684
744
734
770
698
704
676
658
654
656
558
584
614
664
670
656
630
616
584
576
598
590
574
648
628
604
566
616
606
594
600
582
576
580
580
586
582
566
596
572
596
602
572
614
580
580
592
578
648
598
606
616
598
654
600
560
608
618
598
642
588
598
618
652
714
738
672
674
692
682
662
584
602
600
600
600
596
588
606
588
600
538
590
612
598
604
578
618
566
550
584
566
596
588
600
616
602
618
582
600
582
598
570
636
580
582
644
640
618
612
588
578
586
604
584
666
536
560
618
640
644
650
628
606
626
604
618
614
614
588
610
566
592
598
594
638
582
618
630
620
598
616
604
614
598
578
574
600
632
664
662
638
606
576
618
648
650
634
618
618
562
568
594
606
618
698
694
700
674
644
666
626
628
616
618
604
594
602
646
648
720
670
648
696
652
630
632
598
538
558
564
612
684
766
754
730
748
716
618
634
598
550
548
566
558
628
614
634
670
612
566
592
592
592
602
604
620
650
614
616
634
652
682
634
716
550
548
600
600
634
674
726
698
626
640
690
660
680
654
628
602
582
570
566
580
584
584
558
608
564
568
592
524
572
778
502
554
588
714
722
660
700
602
620
590
648
666
654
596
650
614
614
622
644
592
588
678
656
700
586
614
596
626
610
612
590
552
606
590
560
618
622
560
532
566
536
550
568
598
634
684
654
610
644
572
614
600
598
604
616
616
622
618
622
642
598
600
598
618
650
596
630
638
568
594
584
606
594
648
556
648
598
588
612
566
588
610
596
580
558
620
612
600
566
598
536
552
598
582
610
706
692
686
652
644
648
608
600
602
600
598
582
582
582
550
550
568
582
572
560
568
580
558
582
542
502
532
548
552
522
566
730
802
512
522
566
530
568
518
530
766
516
516
526
572
570
602
728
750
768
780
750
754
762
750
700
702
710
704
648
684
646
604
600
622
612
614
616
630
620
600
632
598
616
586
628
586
588
582
630
616
630
650
638
614
650
634
604
578
630
618
652
632
632
642
638
668
584
636
630
614
600
614
602
636
590
642
646
622
594
634
620
612
620
616
614
618
622
562
580
618
634
646
654
598
600
600
632
568
580
536
578
540
564
550
546
584
568
552
602
548
546
598
570
600
550
552
562
582
602
572
644
552
548
548
554
618
516
550
532
534
548
546
524
994
534
528
534
534
532
536
544
552
566
570
568
616
632
646
660
676
600
568
598
616
602
598
584
618
634
642
620
614
604
584
616
568
576
600
604
620
608
676
718
642
652
568
600
582
564
568
612
570
614
630
658
676
652
650
650
632
620
630
634
618
680
670
682
666
684
682
664
634
650
648
616
584
600
616
614
600
584
584
600
614
668
700
698
704
682
684
664
662
636
616
584
580
586
614
620
584
634
630
680
# end time: 2014-05-13-21:57:58, 1400032678.59
