666
640
640
588
662
622
668
646
636
632
638
646
650
674
678
688
664
626
636
656
694
730
786
822
802
814
762
790
766
796
870
904
912
818
712
654
672
658
654
696
716
788
852
854
874
806
760
776
726
730
704
734
772
754
768
830
772
716
716
708
752
718
786
832
876
850
828
800
826
812
822
768
818
832
798
748
716
760
792
802
716
664
716
742
748
700
698
712
680
654
666
668
720
734
750
766
820
780
790
826
832
786
780
772
728
716
688
732
784
796
794
798
794
850
782
750
742
712
708
654
684
636
686
662
636
662
672
684
668
676
724
694
682
750
764
806
834
832
768
742
716
692
724
692
684
642
624
606
608
608
632
714
748
718
660
642
596
598
602
618
640
684
726
752
762
748
736
750
758
784
780
780
716
718
760
808
848
868
860
850
840
822
772
662
624
666
604
662
902
934
926
934
924
928
860
836
794
818
770
676
682
696
762
840
900
890
900
820
724
690
704
772
824
798
818
796
778
792
786
802
800
808
746
700
684
698
734
758
766
754
748
694
668
688
724
734
708
736
726
754
768
784
732
728
750
750
712
710
724
704
714
720
764
822
816
764
792
808
794
724
686
718
762
776
802
758
742
786
804
788
772
806
820
750
744
754
756
814
870
860
810
808
794
746
666
682
698
698
704
750
808
792
778
790
802
794
742
658
660
662
680
668
718
784
778
766
776
762
730
758
754
706
716
720
716
658
644
650
658
680
706
736
804
816
830
810
832
774
764
730
730
700
746
798
844
820
760
786
812
836
844
764
728
734
726
722
714
712
798
778
746
794
766
776
806
766
758
758
766
722
740
722
720
756
768
750
712
710
722
676
658
676
704
724
686
678
706
730
752
764
764
788
806
788
724
734
738
748
720
676
690
716
758
722
732
734
782
808
796
726
780
766
760
750
686
682
698
698
676
708
780
772
750
760
766
688
638
628
606
604
596
664
702
780
808
806
778
736
694
634
588
626
604
658
736
862
888
892
898
898
854
850
830
802
764
540
766
704
738
718
702
648
634
630
624
630
724
772
860
876
856
862
826
794
790
796
778
738
706
704
688
674
676
630
652
634
640
656
650
652
660
690
676
682
722
722
678
638
638
676
710
704
756
782
820
776
730
724
708
656
648
708
754
796
818
774
670
668
656
668
690
742
806
902
866
842
828
820
844
800
758
744
746
746
766
792
810
720
694
690
686
680
684
698
706
714
712
734
782
798
810
740
706
734
740
698
710
732
752
768
782
706
690
704
714
720
700
686
692
738
770
742
724
718
740
726
698
650
678
690
722
728
764
808
818
810
788
744
738
752
752
792
816
820
816
796
724
704
750
746
756
730
706
726
710
734
752
780
710
680
746
736
758
796
728
784
772
764
726
768
818
858
816
762
742
810
828
788
764
776
808
814
738
768
768
710
754
660
686
688
662
758
746
730
694
640
750
850
876
868
868
856
834
824
826
816
830
836
842
824
834
840
820
774
798
786
810
838
850
848
844
844
786
816
780
812
794
806
818
780
762
772
794
796
776
736
760
746
738
704
650
604
688
666
652
640
712
698
740
786
842
836
818
802
784
740
760
784
778
792
832
836
760
736
690
758
770
792
804
796
766
702
694
718
746
764
770
796
784
786
800
792
800
806
804
788
758
770
792
754
676
658
662
692
730
748
758
782
774
814
782
770
754
734
744
768
810
770
768
782
790
748
692
716
676
668
672
722
814
774
818
824
878
776
720
742
760
780
740
766
812
848
828
750
784
776
840
776
778
836
876
862
784
714
746
772
790
732
776
814
818
774
742
700
714
766
814
868
828
830
850
790
788
692
610
638
598
578
554
620
712
872
884
784
826
886
894
852
876
790
700
650
712
736
810
866
842
846
758
734
754
750
774
850
872
868
772
776
736
764
842
850
812
762
766
740
764
702
668
688
726
736
696
708
770
798
754
766
758
754
754
724
696
628
592
612
594
588
654
726
788
778
720
724
676
720
764
812
832
752
718
744
740
798
734
680
682
690
764
770
750
698
686
672
666
688
682
692
792
764
708
736
750
736
712
754
706
724
654
540
606
628
556
504
590
606
646
636
648
642
628
630
618
670
802
868
936
922
910
916
870
792
758
778
824
848
760
658
720
746
794
776
762
772
784
788
784
862
866
830
770
724
710
764
776
754
762
774
780
726
708
718
738
762
776
748
752
772
766
782
730
706
702
720
738
724
758
748
694
694
756
798
814
748
684
730
746
792
810
728
714
738
774
764
746
794
834
848
818
812
810
800
744
688
692
764
766
782
756
780
794
804
806
764
814
814
822
804
746
732
708
648
680
702
790
874
892
876
822
792
706
668
698
720
736
724
752
770
746
750
776
782
798
748
728
722
738
712
676
694
756
742
696
696
722
762
738
662
686
696
674
628
640
662
710
740
766
794
786
790
786
742
694
708
724
734
724
726
818
850
876
826
822
812
768
768
748
768
786
800
724
712
772
724
664
690
732
766
748
742
784
800
756
712
738
742
678
684
682
714
750
772
748
794
780
774
734
716
758
758
732
690
678
738
722
716
726
768
830
818
710
750
680
664
658
686
750
806
784
742
750
732
730
684
706
708
708
730
758
800
798
792
828
836
794
756
802
828
794
696
660
700
700
714
702
742
778
774
724
732
774
810
784
728
740
750
746
690
686
698
768
780
768
768
790
774
704
730
762
756
702
640
658
670
662
692
780
860
844
772
762
802
784
738
758
820
808
774
668
668
732
714
692
630
612
676
700
676
774
814
870
862
840
810
766
708
636
610
616
624
636
708
806
814
764
758
736
720
704
698
680
694
706
740
744
800
808
828
798
824
784
786
736
706
772
774
826
850
712
790
794
798
778
642
764
726
738
742
738
732
650
616
626
656
720
768
838
904
906
906
912
856
772
782
748
732
718
778
734
712
696
776
802
832
884
870
814
804
784
680
716
706
728
810
756
812
846
834
826
706
688
686
722
784
904
856
834
860
868
854
800
814
776
776
826
872
880
800
780
764
742
718
714
664
630
676
648
692
712
670
664
676
680
682
718
794
830
822
744
720
690
704
728
738
728
740
794
836
824
830
754
768
782
804
812
714
704
728
738
796
694
662
702
712
738
808
844
844
912
838
730
738
742
728
730
696
688
676
712
740
782
802
768
734
752
756
760
728
682
716
752
786
798
714
714
736
744
736
790
722
744
750
758
760
728
654
656
664
676
668
700
730
790
858
894
882
834
732
732
708
702
708
666
668
696
716
742
750
744
770
800
802
792
716
708
728
734
722
686
608
670
658
700
746
720
772
754
772
790
804
752
772
752
750
662
672
676
732
828
876
864
808
804
776
780
698
742
728
734
746
740
758
786
802
792
746
734
740
744
732
674
690
718
748
766
718
690
722
744
714
680
718
766
794
768
706
720
730
732
718
658
654
674
686
664
638
658
684
700
702
668
682
714
740
768
748
692
702
712
718
738
698
670
678
692
796
814
826
742
680
646
704
676
676
604
644
654
728
824
874
880
774
752
722
672
672
766
808
860
862
780
816
810
772
798
836
852
832
800
730
736
728
734
722
684
722
748
790
798
738
736
764
786
800
766
744
772
768
748
724
694
732
766
816
756
760
788
792
726
690
776
776
800
764
750
742
732
688
700
726
766
796
758
732
782
768
754
710
746
768
754
716
738
764
768
730
682
658
662
652
678
720
750
778
784
734
668
686
688
676
648
650
638
632
634
636
648
646
914
958
984
926
892
882
852
840
830
796
794
796
780
756
812
822
836
836
830
784
770
744
732
750
784
822
802
798
774
768
736
746
774
730
696
720
684
712
742
736
678
650
654
666
668
694
692
710
690
638
634
640
642
634
642
660
676
708
716
740
756
756
752
722
686
688
684
702
722
750
762
750
762
772
752
658
628
668
640
626
642
690
734
782
802
778
696
692
698
698
656
674
714
762
798
780
748
750
762
744
706
706
702
712
730
750
708
710
730
760
768
726
664
684
706
728
744
682
756
744
758
764
722
748
746
742
754
714
694
722
724
726
684
658
670
740
730
752
724
716
710
708
702
692
662
664
718
718
678
656
680
706
716
680
712
748
756
788
716
746
732
722
678
664
684
688
636
624
608
624
654
674
696
650
656
686
696
702
678
668
734
744
764
796
792
774
774
766
752
706
718
764
802
818
724
712
746
752
774
752
750
794
790
816
750
678
668
688
710
674
714
724
790
818
786
734
744
740
740
728
708
706
746
734
680
622
592
652
660
790
892
878
778
744
716
744
748
714
642
684
668
668
654
650
674
688
688
642
670
674
672
696
706
726
758
782
784
698
670
650
644
642
660
634
628
646
668
706
780
830
836
800
844
814
822
818
786
760
760
754
758
698
668
662
670
660
684
708
708
768
814
762
698
696
688
764
770
812
768
734
738
738
752
798
818
814
838
826
766
786
732
720
730
742
680
634
646
636
634
648
662
670
670
710
704
714
722
732
672
642
676
652
688
728
760
770
794
774
768
784
808
812
736
734
742
756
772
774
754
788
802
738
744
762
788
782
684
670
650
648
664
702
722
772
768
766
656
624
648
606
670
666
720
760
780
798
814
856
780
738
748
748
714
700
712
738
750
742
702
714
734
710
750
692
662
666
642
628
646
690
756
818
858
852
786
746
750
754
734
686
692
702
724
754
724
732
736
746
720
726
798
788
772
710
698
742
734
712
746
782
800
820
756
736
728
730
692
682
712
736
750
752
710
700
756
748
726
710
766
760
754
704
712
726
742
750
700
696
712
720
728
710
732
750
752
702
728
700
722
722
690
684
716
728
732
656
700
692
672
684
630
654
678
690
722
808
866
866
818
782
776
758
744
680
632
682
682
702
730
730
754
786
828
816
770
782
778
766
716
726
760
800
820
804
768
688
624
646
632
634
688
758
808
744
750
772
782
776
744
656
702
696
700
720
736
730
750
766
784
786
684
698
750
776
722
698
708
740
780
756
762
770
766
788
810
792
736
788
774
778
784
774
708
732
742
770
780
784
736
770
798
830
824
750
764
784
802
798
808
840
818
876
770
784
784
798
782
712
754
752
778
794
762
752
742
770
680
720
778
832
854
820
788
772
772
736
678
746
756
750
636
634
650
684
714
730
696
718
718
710
694
662
664
650
694
718
818
848
828
834
834
810
764
702
706
688
722
680
674
682
698
686
694
724
754
786
802
856
822
822
826
832
784
746
756
774
756
734
784
834
836
780
750
784
806
828
822
782
788
826
832
828
770
786
804
814
772
816
806
820
838
766
786
804
820
794
754
778
784
738
714
740
778
854
786
740
764
774
744
754
756
770
778
758
698
704
754
734
708
686
726
746
748
716
768
760
754
762
710
702
718
722
704
628
730
734
796
804
814
776
774
754
704
666
680
682
714
760
740
728
688
762
732
712
726
744
736
660
650
650
646
652
610
582
618
556
580
626
628
626
622
624
592
614
658
670
706
718
716
692
724
692
682
676
666
674
672
684
714
764
776
744
706
708
694
682
684
702
764
800
814
792
712
662
660
686
718
736
728
704
716
724
736
746
742
768
798
794
768
698
702
716
728
770
744
796
808
824
794
770
774
776
724
730
718
736
722
764
786
794
734
698
758
722
634
684
686
682
710
732
788
752
782
790
704
682
658
688
718
758
828
856
874
838
856
720
660
696
670
702
768
820
838
808
818
786
762
724
720
730
738
794
828
828
814
730
690
680
686
752
702
762
766
728
710
758
728
772
738
688
658
678
690
712
700
744
792
834
874
778
812
814
702
712
766
766
768
758
712
738
784
866
850
834
840
774
704
754
760
772
764
704
678
680
684
768
842
878
916
910
854
832
744
728
682
708
738
752
734
748
744
788
820
836
742
700
724
706
720
786
792
834
858
834
796
808
786
744
666
672
660
678
684
656
674
740
736
738
726
698
652
682
698
700
698
686
716
774
892
870
838
782
810
776
776
714
692
720
704
686
620
626
618
626
652
674
630
662
658
654
682
686
638
608
646
628
640
682
726
800
842
876
866
866
880
882
852
740
664
670
708
782
894
906
900
892
852
824
804
756
738
740
740
706
664
644
654
682
718
764
802
850
828
774
736
740
718
730
788
810
806
744
710
742
768
802
798
702
696
720
682
640
648
656
694
690
686
724
690
700
708
746
766
782
740
750
708
730
722
728
718
752
740
692
706
738
766
782
808
838
810
798
858
868
890
862
780
730
704
698
738
772
804
832
810
828
742
752
752
714
716
768
806
852
864
844
838
754
760
758
754
756
716
720
720
716
752
696
710
740
708
756
804
848
806
824
834
766
766
774
742
744
654
660
644
664
698
708
702
694
626
624
640
642
660
720
810
828
790
758
680
708
734
784
826
850
810
788
834
808
806
758
784
760
754
748
728
744
738
726
664
638
674
722
790
814
760
790
804
794
734
720
740
740
718
644
700
694
710
696
686
716
738
754
732
700
734
744
764
774
712
706
708
698
670
634
708
736
772
758
762
784
822
764
702
654
624
644
648
738
714
672
696
734
766
796
720
770
806
820
788
746
760
760
716
662
642
640
662
682
680
714
694
676
696
678
642
616
626
640
636
652
678
644
630
618
614
622
714
760
820
842
772
734
738
718
670
634
644
668
722
846
900
914
904
876
842
786
730
686
646
636
634
644
690
770
824
800
788
740
666
644
644
632
628
728
794
856
882
848
822
794
726
720
700
704
736
730
704
660
648
588
618
598
592
614
650
696
710
740
752
734
750
766
762
790
762
702
702
726
718
684
644
668
680
694
734
756
740
750
792
802
794
722
682
730
742
748
736
728
720
784
716
720
734
774
720
654
686
756
798
796
726
790
782
746
780
696
646
646
678
690
666
684
692
748
786
806
762
788
818
798
710
700
732
774
818
774
742
768
760
708
706
734
736
698
690
792
854
850
744
690
658
690
750
836
850
860
858
814
794
766
738
682
690
718
752
788
800
758
784
780
750
698
670
684
664
686
768
886
912
914
848
824
830
754
712
778
776
774
738
722
716
758
668
634
618
660
612
628
632
618
592
596
582
584
592
578
576
574
568
560
594
562
572
598
588
594
622
672
652
746
760
822
890
870
826
800
762
732
772
860
864
846
834
842
860
856
844
828
832
846
836
824
832
844
850
850
820
808
840
786
736
750
800
846
856
838
788
790
794
800
734
674
674
684
706
746
794
816
726
686
694
702
694
710
760
768
782
728
668
620
632
636
662
664
708
752
802
814
816
802
770
772
788
780
796
830
826
802
798
820
848
812
800
782
804
824
850
858
854
844
840
766
736
738
692
634
644
628
642
680
712
736
776
748
704
694
674
690
728
770
760
742
668
668
676
662
630
634
640
676
706
786
842
820
762
706
690
700
722
754
778
790
790
750
686
680
678
692
756
838
842
866
794
784
748
734
776
814
872
832
748
868
788
780
828
818
788
812
796
820
820
826
856
866
862
852
818
828
752
700
706
744
900
900
864
872
848
850
864
844
778
678
628
652
634
692
664
666
692
774
782
766
774
790
770
756
790
838
856
858
868
822
794
738
674
674
728
818
896
924
924
950
896
940
862
792
752
796
786
834
876
876
868
826
818
816
808
810
746
760
784
790
802
766
728
762
744
690
666
654
658
708
774
820
850
876
834
748
718
700
736
692
784
812
818
764
724
716
714
716
746
826
882
896
820
756
720
724
734
782
852
884
864
836
830
806
796
816
832
796
778
786
772
774
818
856
876
870
830
782
776
768
752
748
760
788
850
848
864
834
812
786
744
666
672
686
702
744
798
854
872
834
786
800
808
796
782
812
810
778
802
788
782
790
776
718
720
734
762
776
792
792
732
714
704
692
702
740
756
756
784
804
824
788
740
758
754
698
678
696
716
698
682
662
692
696
728
718
722
694
674
650
628
644
646
672
672
702
742
806
822
808
834
822
802
820
826
758
686
692
714
756
806
812
836
868
826
816
828
792
766
808
856
834
800
816
850
834
840
876
848
782
800
838
800
828
862
886
868
808
786
778
714
694
730
772
794
892
872
840
820
780
790
768
810
834
822
752
744
750
706
664
666
710
784
798
766
782
774
776
748
748
762
762
744
692
684
694
712
754
778
752
742
732
746
740
772
744
792
802
766
784
816
834
786
750
664
642
678
680
750
836
856
802
796
766
798
830
812
840
826
854
872
816
790
768
730
740
746
742
706
698
684
656
774
760
738
768
852
912
870
838
818
790
732
764
782
742
736
854
890
888
870
864
844
838
848
792
720
708
758
792
770
844
880
914
874
836
796
704
684
724
764
826
876
898
862
786
770
778
790
774
748
734
726
782
862
918
894
858
856
852
836
788
782
800
820
834
832
856
888
874
860
844
842
844
810
788
782
740
734
784
822
822
792
790
806
768
722
728
726
718
738
744
734
690
682
688
680
660
638
672
840
884
894
820
782
802
816
834
836
826
792
770
722
726
770
834
886
854
852
834
810
824
860
890
890
890
860
874
886
888
886
858
786
774
786
778
752
784
820
844
812
806
820
830
842
832
762
724
700
704
716
732
704
684
698
724
752
756
756
776
774
762
736
744
756
758
724
680
670
670
696
718
754
714
726
708
718
760
802
802
802
770
742
734
724
752
772
812
778
788
800
772
724
686
692
674
680
724
776
820
838
756
748
766
798
778
768
802
814
788
756
728
736
766
796
788
736
728
722
722
758
810
840
876
886
860
802
774
730
730
740
766
752
720
748
812
832
806
830
758
774
756
776
802
810
820
838
860
894
858
800
820
784
782
786
756
756
758
752
756
736
684
686
706
730
744
762
818
848
870
808
770
774
766
754
732
752
790
828
808
786
758
750
702
678
724
808
886
912
884
856
826
806
762
722
734
778
824
806
782
818
842
830
848
876
890
864
854
852
802
722
704
746
784
808
760
724
762
732
714
704
684
680
628
628
654
644
640
610
576
612
622
638
638
634
612
634
632
618
618
618
626
638
650
688
720
762
830
870
850
812
806
738
706
712
724
748
740
762
794
806
728
674
614
658
658
722
794
810
874
914
916
880
880
892
878
810
778
832
886
896
856
890
872
836
862
888
810
726
748
724
720
814
860
822
870
886
832
834
848
786
706
734
782
778
788
836
816
836
870
878
812
770
810
816
780
848
834
814
828
846
800
820
824
782
810
848
878
832
830
846
844
828
752
744
732
682
686
702
728
742
800
826
796
804
804
764
766
772
770
780
768
764
822
856
842
802
834
862
826
782
814
836
826
750
812
892
916
836
782
804
858
772
738
752
818
720
714
786
792
714
688
722
720
696
736
768
744
746
786
818
846
804
814
834
828
764
750
772
796
768
760
780
796
748
726
786
822
818
818
840
838
770
716
686
690
704
806
876
868
860
872
844
760
764
712
694
734
764
732
780
788
834
840
772
700
680
746
762
776
778
836
884
850
836
838
828
770
768
812
838
840
890
902
894
932
902
854
850
810
802
830
818
762
796
860
906
892
854
842
782
714
702
718
760
800
812
876
910
882
860
856
832
798
814
808
778
662
720
744
734
734
778
732
796
786
790
794
744
744
798
826
808
838
856
874
878
808
780
792
808
834
802
758
762
738
674
670
672
696
702
770
874
910
870
814
840
826
790
700
706
736
800
822
870
904
918
892
862
790
694
686
678
698
726
806
822
782
786
782
710
702
722
702
660
678
692
742
704
696
746
768
704
706
700
756
762
740
784
792
834
828
836
872
886
852
852
864
862
896
838
858
874
846
808
846
904
918
854
870
890
898
878
854
868
876
816
790
846
898
872
830
864
876
838
794
824
866
824
806
850
808
760
766
736
768
784
818
780
764
806
832
786
746
798
846
846
810
818
904
864
814
848
872
848
784
796
792
750
702
748
752
724
748
722
682
666
704
704
756
718
740
750
762
692
660
664
688
718
770
800
792
744
738
742
756
718
716
756
824
818
762
770
818
814
800
804
812
776
752
806
820
842
872
840
804
812
758
730
796
858
878
866
882
890
884
810
798
802
784
846
914
896
796
798
770
788
842
900
888
850
870
902
906
870
876
876
880
810
810
806
774
830
822
774
802
852
798
768
806
748
668
660
658
642
670
690
622
644
680
688
674
626
624
646
644
634
626
648
692
664
652
676
704
692
680
714
748
798
802
754
718
674
662
658
658
700
796
812
792
762
736
798
874
884
906
798
758
780
792
770
778
832
890
890
832
824
834
792
722
698
720
790
862
900
842
778
776
810
834
774
720
756
798
868
820
822
848
834
770
742
738
748
774
770
786
842
858
830
756
754
798
820
764
710
716
762
804
812
746
772
820
840
810
728
710
744
774
792
718
706
732
758
720
676
692
710
698
670
702
734
726
692
752
790
842
852
848
762
758
794
830
850
854
872
872
880
832
838
868
880
830
820
870
890
862
816
866
898
894
846
858
880
900
898
858
850
834
804
734
738
850
940
922
902
930
914
806
694
696
732
732
700
714
778
860
858
856
890
874
784
750
788
820
800
736
688
766
802
832
776
762
818
828
802
802
852
860
844
798
780
778
724
684
668
746
846
878
832
802
844
830
762
780
848
896
882
850
856
832
780
778
818
850
826
806
856
878
832
830
858
868
852
802
852
836
760
718
760
804
748
672
696
714
668
694
748
782
764
696
732
772
782
740
684
682
676
722
778
804
776
802
830
818
726
704
758
814
842
830
756
812
872
890
872
828
804
828
844
846
784
778
764
748
716
694
748
822
872
820
760
736
792
852
824
820
848
856
822
768
788
806
796
748
752
800
828
856
830
790
800
794
788
766
788
826
846
830
796
824
842
844
796
716
680
690
800
916
940
912
886
914
906
874
822
848
872
880
834
830
844
838
796
762
790
828
802
764
810
850
852
752
690
674
662
644
702
824
922
916
870
878
880
862
800
730
766
792
826
814
754
728
694
730
754
808
796
744
724
762
808
824
790
760
782
786
768
682
680
696
706
716
704
726
762
766
754
722
688
718
748
754
740
708
758
794
822
778
760
802
784
762
716
732
734
700
656
678
664
794
822
812
776
760
760
770
742
710
670
654
682
722
736
740
744
720
698
756
800
842
844
784
756
762
764
746
716
760
816
862
856
820
822
824
824
822
790
790
800
790
774
780
818
836
772
690
690
700
722
728
688
678
668
690
702
684
680
664
670
702
