# R wave intervals in milliseconds per line
# start time: 2014-03-18-10:15:25, 1395152125.39
538
620
642
660
596
612
620
622
604
608
622
652
696
710
726
724
700
684
670
654
628
626
580
586
586
592
632
692
744
746
732
674
640
664
670
676
674
620
576
620
628
650
668
688
692
648
660
652
636
642
644
662
660
664
638
602
612
628
642
662
654
616
622
652
678
696
712
674
648
642
654
686
694
652
652
650
650
654
668
650
650
628
604
600
620
652
672
688
692
672
608
632
640
644
656
682
658
648
680
698
710
710
694
640
632
618
614
626
686
742
794
742
726
760
770
674
712
696
694
678
664
648
626
616
612
618
624
650
674
696
654
710
740
744
738
734
724
676
658
678
674
676
664
626
658
676
708
728
662
626
616
620
644
672
672
676
696
696
684
650
600
606
608
616
630
700
728
718
668
612
720
734
746
754
712
770
550
716
708
686
688
698
692
700
706
720
718
714
668
630
656
678
710
738
744
748
700
694
710
724
746
768
770
688
674
680
706
736
748
686
656
662
682
706
704
704
670
636
628
634
650
636
634
676
724
786
712
688
706
696
698
692
678
678
656
642
644
656
630
624
662
698
736
768
694
716
738
754
746
668
654
674
682
692
660
688
716
724
732
706
668
688
706
706
672
684
700
712
720
682
690
702
722
724
704
662
680
704
710
724
710
698
720
718
716
708
660
656
664
666
632
624
676
712
738
742
722
706
678
658
646
624
614
602
602
606
616
628
630
592
592
620
640
694
742
764
752
732
686
656
624
620
634
640
646
656
652
654
644
622
636
624
588
574
522
644
708
776
820
788
708
672
710
706
650
666
644
664
672
658
652
676
676
672
648
628
624
620
628
626
624
622
618
608
610
616
632
642
660
676
690
694
688
678
656
648
640
636
624
622
608
586
584
588
606
648
702
742
750
736
712
694
650
650
660
666
658
662
648
598
594
612
624
634
636
646
634
608
576
602
614
624
640
634
608
602
604
600
602
622
664
712
734
738
736
698
658
644
628
628
632
636
602
624
636
660
674
668
666
650
652
626
620
606
588
600
616
640
676
710
722
668
704
708
698
664
654
666
670
668
624
594
618
628
622
662
698
726
754
740
680
620
620
630
628
644
658
664
674
640
604
616
626
632
634
644
642
608
594
604
610
626
642
666
690
690
662
638
640
648
644
668
682
710
718
708
698
680
668
614
598
636
614
630
644
644
652
658
648
622
624
636
632
624
616
630
628
646
684
714
724
732
692
650
616
608
622
646
700
752
750
704
722
708
702
706
650
632
622
652
660
638
662
638
638
654
616
608
624
620
616
610
618
638
682
714
722
722
706
690
672
656
636
638
650
656
666
630
642
668
690
706
706
706
698
672
630
612
624
618
610
612
654
666
654
618
644
662
658
658
628
640
640
670
686
686
648
624
632
646
658
674
684
694
700
694
682
628
620
642
666
698
720
702
660
652
684
700
664
676
700
674
652
644
640
634
630
618
586
594
608
626
654
684
686
642
646
668
680
678
672
672
640
642
666
684
686
676
676
640
638
658
680
702
710
670
668
694
692
692
654
624
648
664
684
698
676
624
646
668
668
664
636
624
600
620
622
652
692
680
654
686
704
702
704
684
624
628
642
644
658
668
646
606
634
656
670
694
696
708
664
654
674
680
688
652
622
644
654
664
676
652
646
658
654
650
654
654
646
618
594
594
604
628
616
604
612
632
672
706
718
708
648
654
680
694
698
704
690
644
668
698
712
736
738
718
676
694
700
688
704
698
666
694
696
684
680
634
628
650
660
680
684
696
728
726
724
688
668
692
694
688
682
648
658
682
682
682
636
640
648
656
630
636
678
698
708
678
630
612
646
656
628
610
630
654
682
708
738
744
748
718
658
672
668
656
654
658
652
610
610
632
660
682
708
718
660
632
620
630
644
666
676
694
696
702
662
636
658
660
670
684
680
644
632
660
656
658
658
664
644
616
626
618
620
636
668
690
676
640
670
680
684
682
688
638
618
638
668
700
734
752
710
672
694
690
686
684
654
626
672
672
684
712
718
660
670
684
684
704
694
702
656
658
662
670
650
628
654
700
732
740
672
622
634
610
604
610
618
630
652
698
714
686
674
642
650
610
578
610
622
602
616
652
678
714
758
746
744
768
772
770
754
738
714
672
658
694
708
764
760
696
728
766
784
786
744
686
714
730
722
728
664
652
676
674
702
712
672
682
724
730
734
680
654
680
690
700
692
648
648
690
708
736
696
672
710
716
692
656
688
696
694
638
608
596
606
610
616
630
632
618
622
652
674
692
710
726
718
672
676
694
698
684
644
676
704
734
750
724
658
650
686
708
730
752
728
670
666
680
684
716
738
752
752
694
720
744
760
764
700
706
702
696
698
632
600
614
640
670
702
666
670
714
740
740
750
724
672
688
698
700
684
654
678
682
700
706
674
658
684
692
692
656
668
700
702
702
670
654
664
668
662
658
650
620
612
584
576
560
550
560
556
564
568
580
568
552
554
554
552
552
558
554
564
566
566
572
578
576
582
600
598
606
628
602
570
552
550
616
700
720
704
646
612
602
570
560
566
572
564
596
644
698
734
728
694
676
628
618
598
586
570
568
560
554
562
556
566
568
572
562
552
572
592
618
608
624
652
676
694
694
704
632
606
608
610
608
622
602
596
616
642
678
700
702
670
638
622
620
616
622
646
674
648
620
648
682
684
692
694
680
628
632
664
682
688
670
648
630
606
600
602
620
638
668
666
678
714
714
712
694
670
642
604
592
596
612
648
702
752
782
774
766
732
714
694
670
628
618
634
646
652
650
632
622
624
626
640
668
684
702
706
702
660
662
662
646
632
606
626
638
642
656
664
622
654
672
658
636
666
688
694
686
664
672
676
644
626
646
662
670
676
668
644
668
668
670
668
680
686
698
702
706
644
626
650
650
654
666
666
644
616
652
656
646
618
608
612
648
672
680
642
618
656
642
638
626
626
640
644
644
640
626
640
654
658
670
688
650
680
708
706
700
682
656
656
660
654
648
636
658
672
676
644
634
622
628
642
668
684
686
666
678
696
708
712
674
652
680
696
690
646
604
630
650
650
666
658
628
658
672
672
674
636
648
660
662
662
640
654
670
670
616
622
634
646
656
674
642
644
650
626
616
606
626
616
620
636
646
652
632
652
644
692
666
646
650
672
676
690
680
660
682
698
702
684
652
672
684
692
670
634
662
668
666
666
644
672
690
692
616
660
702
730
740
642
650
668
670
616
658
626
684
706
688
708
720
710
714
702
672
634
640
658
674
696
712
704
706
700
696
700
690
638
630
658
666
672
656
634
658
676
678
670
624
634
638
644
648
630
608
600
598
602
618
662
676
644
680
698
706
700
666
622
648
662
678
668
636
678
706
702
660
702
718
710
638
678
684
702
714
660
670
698
694
700
658
658
678
676
682
686
636
620
648
664
688
698
644
694
698
618
640
682
686
674
660
636
612
578
594
580
578
572
570
600
628
668
722
746
740
644
650
748
912
886
840
770
780
794
800
774
756
782
788
756
688
714
736
744
746
698
704
722
752
768
720
686
716
724
706
672
692
694
700
672
636
676
690
658
656
672
702
664
710
714
736
754
736
682
718
726
744
706
662
704
676
698
732
738
746
702
720
724
722
708
658
640
666
666
688
698
668
704
726
742
740
668
680
700
706
728
698
660
694
722
754
744
660
610
618
618
636
644
638
640
638
688
680
704
694
698
720
722
726
662
610
606
602
622
666
714
690
682
714
742
758
772
764
718
684
688
686
676
618
628
650
664
688
710
726
684
680
710
722
724
680
668
686
640
650
632
684
738
752
766
748
726
682
614
650
638
648
670
686
696
662
620
638
636
640
628
656
666
664
664
654
628
638
658
666
624
628
618
618
630
676
700
658
698
722
734
718
656
616
588
676
720
772
784
774
730
684
720
726
720
710
692
688
680
654
670
668
660
674
680
674
652
658
656
664
664
666
660
666
670
674
674
672
664
662
646
662
674
688
698
706
680
666
682
702
714
708
664
684
670
662
650
620
622
630
644
640
626
660
682
692
660
656
676
684
688
670
638
632
626
620
612
628
654
588
616
644
676
664
646
644
636
660
658
530
786
650
664
570
650
660
698
538
576
592
600
604
608
584
590
602
606
624
630
626
638
636
648
632
614
604
608
616
690
664
646
626
586
562
592
610
638
682
710
706
706
694
682
680
668
660
658
634
638
596
572
568
586
584
626
662
678
708
690
688
636
640
646
610
624
624
614
604
614
620
636
628
640
644
636
644
700
700
674
624
620
632
662
656
624
646
704
750
770
778
716
656
678
690
702
718
708
680
704
710
714
676
668
694
708
716
712
660
626
628
638
652
684
708
738
754
744
688
680
692
696
682
638
622
678
674
662
640
658
672
688
700
718
704
656
650
674
682
690
674
686
702
652
628
622
618
630
614
606
616
654
682
706
668
636
668
688
688
664
652
644
624
604
604
594
630
674
696
700
692
684
688
882
798
712
678
688
686
662
646
628
640
572
652
642
678
692
654
630
668
688
698
670
644
614
600
592
592
616
664
722
776
776
682
694
716
734
740
734
670
642
676
670
686
670
626
658
654
624
632
614
576
604
612
624
644
630
644
642
680
710
690
698
624
652
684
718
708
680
656
672
682
690
700
668
680
714
718
752
662
706
680
680
680
630
630
660
672
684
670
612
678
676
708
724
736
700
692
684
722
688
660
676
692
710
714
686
738
758
678
650
702
714
718
730
710
680
706
706
714
702
666
672
690
692
696
692
646
642
648
646
654
630
638
666
682
706
724
674
666
686
684
686
654
622
612
626
628
650
688
736
774
784
762
702
690
700
700
710
694
676
714
730
746
708
674
690
694
682
622
682
686
696
710
684
634
654
676
690
664
682
704
710
656
662
684
696
714
674
642
698
712
712
670
636
666
672
622
616
650
664
682
712
716
718
704
684
668
654
654
634
652
672
702
748
760
702
714
730
712
692
650
658
674
686
694
656
650
688
694
708
668
662
696
702
702
650
614
634
622
624
630
662
668
636
680
728
734
652
606
642
682
692
710
718
718
670
666
684
660
696
676
644
648
668
664
670
646
646
686
714
746
758
734
684
706
712
708
678
654
682
710
724
690
630
658
678
692
704
698
680
670
666
618
634
646
648
650
670
664
634
664
696
714
728
718
692
708
722
720
716
668
646
668
678
692
706
686
712
718
716
676
648
672
680
682
664
628
648
656
666
674
638
644
648
640
616
650
678
708
700
668
700
716
726
710
648
612
650
664
690
722
676
686
682
702
720
726
686
722
758
770
730
670
686
696
712
710
680
706
716
716
680
628
654
672
692
706
724
722
700
700
658
662
692
728
754
742
696
746
756
778
730
688
722
716
714
680
654
668
720
716
698
722
752
772
778
760
702
722
748
760
770
724
678
718
710
678
628
652
668
654
614
654
688
708
694
660
676
690
690
686
650
628
618
626
634
666
678
652
704
722
748
754
688
630
606
580
572
790
862
858
866
854
852
828
772
756
756
768
768
768
764
758
760
766
764
750
730
722
714
714
712
686
676
680
680
692
696
690
662
660
686
704
736
748
744
722
680
700
692
692
662
654
678
682
690
662
654
688
686
678
640
652
674
678
678
654
620
640
654
668
640
648
684
692
702
694
650
664
698
716
724
726
704
658
688
702
710
722
700
662
710
718
724
730
714
648
658
676
678
686
670
634
664
702
716
728
712
654
656
660
644
630
630
656
676
662
680
678
662
624
650
674
684
688
668
626
632
630
636
664
686
664
650
686
706
716
712
668
704
724
738
742
690
662
698
700
718
736
700
678
708
732
740
718
682
718
720
722
724
716
672
656
674
680
696
660
700
730
776
786
728
738
760
748
744
686
688
714
714
730
716
662
704
732
738
734
694
738
762
756
700
716
728
712
656
676
682
704
714
728
716
692
730
730
728
722
678
670
690
694
708
684
646
684
698
708
668
654
686
696
710
686
654
682
694
674
662
666
656
612
626
644
670
710
738
758
748
700
646
664
684
706
698
638
642
642
624
624
632
624
622
608
620
626
652
676
702
678
676
704
722
722
684
674
700
712
716
728
720
676
654
682
702
714
728
684
688
722
722
726
714
670
690
714
716
734
702
686
724
726
734
688
646
694
720
750
780
722
746
784
762
672
654
684
712
734
752
714
650
678
674
636
614
626
662
680
674
728
786
796
766
732
728
730
730
732
732
684
666
734
738
746
750
690
706
756
790
808
812
798
730
702
732
744
770
732
692
744
772
770
708
730
732
732
702
652
690
708
722
696
642
646
650
662
670
656
682
682
740
782
792
786
748
688
708
720
726
710
724
730
792
776
708
658
692
702
722
738
704
730
762
754
722
730
754
760
770
744
690
724
738
754
750
680
678
666
656
684
724
742
710
750
780
792
760
712
760
756
768
776
724
670
718
748
770
734
690
728
750
762
706
684
722
724
716
662
674
712
716
764
754
714
672
704
714
724
694
652
686
708
718
724
660
638
658
690
644
618
584
730
766
772
766
756
744
724
702
698
676
694
656
640
696
688
722
760
766
694
670
658
634
644
674
680
688
650
636
636
622
624
624
628
614
612
610
602
586
576
576
576
558
558
552
534
538
528
542
560
554
544
528
536
542
558
586
678
606
638
720
744
716
768
784
784
682
690
702
664
616
600
754
744
772
780
732
712
644
662
698
754
784
776
688
638
674
706
752
718
722
760
794
826
776
734
758
780
786
796
752
702
740
774
800
820
752
724
750
758
756
722
706
732
750
774
780
746
724
748
742
742
704
660
694
728
756
792
754
724
740
740
752
680
662
640
676
620
644
676
690
712
698
680
692
690
668
660
676
698
714
712
660
646
696
694
734
756
750
762
788
798
772
722
660
644
642
636
668
736
802
818
734
710
760
774
798
810
770
678
706
680
688
704
730
768
750
726
656
664
632
632
614
606
636
670
768
776
818
846
836
748
704
678
688
662
674
696
738
736
716
716
716
776
804
740
746
774
798
800
730
728
756
770
720
744
714
698
708
708
660
654
676
698
722
688
620
656
656
668
642
648
654
690
726
756
774
742
710
724
742
740
744
696
660
682
722
764
814
774
718
690
688
656
620
642
704
762
748
806
824
822
762
758
772
772
770
768
716
724
736
714
742
792
826
838
840
778
744
764
776
812
810
746
776
780
792
808
790
702
664
706
726
752
752
710
758
802
810
824
796
704
714
726
692
644
666
712
754
786
738
738
760
760
722
664
700
726
748
740
704
736
756
756
704
682
712
718
702
682
706
728
732
658
684
682
700
722
704
672
734
740
736
720
686
690
720
732
742
698
648
644
658
678
708
708
722
760
752
748
746
686
696
722
744
770
762
730
758
772
782
712
652
678
692
672
634
720
740
716
774
810
802
706
688
692
712
720
678
642
650
660
666
624
624
634
640
648
672
654
608
656
666
656
666
672
662
666
636
606
608
602
592
568
566
532
564
626
646
664
624
644
650
672
666
666
668
680
660
624
664
656
654
676
676
652
612
630
636
646
660
668
760
664
664
648
646
644
626
594
598
604
614
638
672
706
740
740
748
720
662
622
642
648
628
634
646
700
784
852
858
738
674
686
726
758
720
666
714
758
796
814
822
818
794
810
766
720
648
622
636
664
692
722
746
688
700
722
746
760
754
682
666
674
684
696
700
650
620
632
654
668
686
656
652
698
736
758
766
726
672
674
682
656
626
642
680
718
780
818
826
786
772
750
722
726
672
684
704
702
710
674
664
666
686
718
804
820
756
752
706
692
734
714
690
696
714
768
812
778
738
766
766
730
696
734
722
662
648
674
698
744
704
758
802
806
748
734
752
758
746
700
714
726
702
720
778
824
784
738
758
776
778
716
730
774
792
712
724
740
708
650
668
708
732
772
770
696
704
754
770
766
774
734
716
752
764
768
774
700
692
708
722
754
768
720
718
772
800
814
758
680
710
742
766
776
748
694
742
764
772
766
706
744
768
778
782
710
740
752
760
774
724
726
684
672
674
714
676
654
700
728
756
770
740
680
714
726
730
750
710
692
724
750
760
710
726
764
768
736
692
738
750
752
664
640
640
642
632
626
610
638
674
720
764
744
762
786
782
786
730
742
768
768
748
692
642
684
730
778
816
754
774
808
816
768
676
718
742
770
794
812
806
798
818
812
804
758
742
782
786
774
786
716
758
780
778
744
682
720
748
778
790
738
754
776
786
786
712
730
734
704
644
646
676
684
650
634
674
688
706
706
660
654
682
704
720
706
674
682
698
660
650
628
660
688
716
704
680
720
744
754
774
754
706
750
774
800
720
656
686
710
740
774
768
726
762
772
790
724
698
730
760
716
762
816
850
838
818
732
704
742
766
802
768
794
860
840
834
796
810
802
788
736
722
750
780
798
788
828
768
790
790
778
692
690
724
746
712
672
726
774
798
750
792
800
754
686
724
730
738
692
678
720
744
734
716
764
816
790
694
704
696
662
674
736
774
766
712
746
762
782
788
746
728
750
768
770
654
692
694
708
710
716
716
720
662
658
704
746
770
794
838
852
802
752
794
802
812
784
716
758
790
824
826
786
810
814
816
754
766
790
814
814
768
670
648
674
676
698
702
714
760
750
710
652
626
646
628
610
648
682
716
714
696
686
630
552
568
636
608
620
648
602
606
576
570
566
550
546
550
542
556
588
608
616
590
590
614
664
746
816
820
716
724
724
738
750
790
808
830
792
774
772
708
664
640
636
652
776
816
838
798
796
750
708
678
664
658
660
668
702
748
814
842
856
820
820
808
806
778
718
706
692
664
672
662
668
648
646
654
694
706
690
664
648
632
614
590
582
610
674
670
656
688
762
784
800
740
724
744
750
748
706
710
690
630
586
604
620
642
656
738
826
854
848
818
760
786
802
820
748
678
674
682
704
698
748
712
704
746
718
736
770
772
716
708
680
674
710
710
708
672
604
704
700
662
624
622
644
648
646
634
668
704
722
758
772
774
692
666
674
678
714
736
764
810
842
830
770
764
746
690
640
664
714
756
752
690
702
740
796
780
766
812
832
800
748
772
794
754
684
696
726
760
742
680
670
656
674
708
798
790
792
794
782
798
790
736
728
740
736
690
684
710
746
760
742
692
714
730
706
676
710
742
762
744
690
712
700
704
718
794
844
828
806
742
756
724
718
680
674
638
640
650
706
742
696
734
768
792
746
756
772
740
696
732
764
764
708
666
696
726
752
698
700
762
806
834
770
764
766
754
692
650
636
664
698
758
786
702
692
676
664
642
634
640
638
630
620
614
610
628
660
720
756
690
632
664
672
638
642
618
650
694
728
742
688
752
802
812
724
726
742
742
692
724
816
858
888
802
816
798
706
702
732
736
718
770
826
778
728
704
680
664
646
628
616
604
602
628
740
756
812
834
846
818
780
732
742
782
810
768
726
762
820
852
824
802
846
842
822
738
702
722
710
668
686
674
668
678
708
674
670
706
682
686
704
770
776
718
750
764
722
688
724
772
732
696
692
692
718
930
914
888
850
768
700
716
720
738
754
768
726
712
750
734
780
804
842
796
778
810
806
754
704
714
724
752
730
780
822
856
852
798
730
758
794
830
852
806
766
804
832
812
782
762
802
832
816
758
814
844
844
752
722
746
750
692
654
680
718
734
714
758
828
856
756
710
752
776
748
706
720
740
740
678
670
720
726
732
676
660
672
694
724
706
666
634
642
700
752
804
754
746
790
790
774
714
690
720
750
788
748
730
764
782
800
758
768
818
826
782
738
780
802
802
740
718
760
784
814
784
756
790
806
802
738
750
790
804
780
762
798
818
780
780
808
820
782
716
740
762
782
738
758
816
798
732
758
774
740
710
730
746
722
714
746
760
746
718
760
766
696
682
690
702
722
714
656
816
800
776
756
688
674
690
692
660
704
716
636
668
698
712
700
662
640
632
626
632
604
578
576
588
578
574
570
572
560
582
644
630
632
610
634
696
746
768
786
806
790
674
616
654
666
710
808
838
810
722
716
770
778
810
782
720
740
796
818
786
760
786
798
818
810
800
832
828
802
722
682
688
734
694
766
850
766
724
784
820
826
848
832
816
770
728
658
646
622
614
648
718
818
844
848
778
876
860
854
854
828
744
750
786
820
844
820
806
834
764
666
732
712
724
732
738
794
782
782
772
754
788
806
806
794
752
770
796
780
760
756
752
734
684
682
720
772
786
730
752
788
762
774
726
688
688
682
696
780
842
788
816
826
818
798
754
796
818
820
824
802
812
816
820
794
808
820
810
756
764
810
828
880
822
848
848
840
778
770
798
784
730
706
748
764
808
804
790
780
740
694
682
714
710
696
724
754
770
798
794
804
836
842
802
784
806
822
818
786
794
824
816
782
788
818
848
818
792
806
836
756
768
776
796
778
790
848
820
774
796
882
862
832
824
814
748
742
748
756
716
716
760
806
752
746
768
786
706
742
706
688
696
752
752
758
778
728
650
644
684
694
722
706
680
714
784
810
828
768
776
754
754
770
720
764
810
844
858
802
796
798
780
724
682
730
768
714
698
708
764
798
714
770
762
796
762
700
766
694
666
678
752
772
714
756
786
806
808
802
774
776
748
752
716
722
798
858
884
844
854
844
808
832
812
830
736
696
732
806
896
880
882
922
900
824
732
736
766
808
830
808
862
844
816
768
766
780
782
746
760
754
788
756
704
714
732
774
792
806
860
858
844
812
828
864
838
792
810
814
784
724
786
858
854
778
794
834
820
826
798
788
744
790
816
818
744
752
768
826
860
808
784
800
812
824
778
850
816
782
832
856
854
822
784
806
834
780
742
784
816
808
762
806
838
810
834
828
834
832
802
774
804
810
770
724
698
682
740
758
892
884
894
752
706
676
694
724
716
724
766
792
788
744
726
740
816
786
794
810
790
784
750
826
808
810
806
782
846
820
788
786
796
794
792
780
792
808
734
702
738
744
786
742
762
776
740
778
806
844
844
786
824
822
832
790
818
804
762
714
794
758
788
730
788
822
842
820
830
846
800
764
794
800
778
796
828
824
774
710
694
730
756
738
832
884
850
836
838
778
686
716
734
800
780
742
800
838
834
772
816
828
834
782
814
844
846
818
816
844
838
826
826
856
804
766
840
836
794
800
844
798
790
814
826
828
802
824
810
750
764
816
790
802
818
810
766
726
750
768
746
788
826
834
750
702
688
638
708
740
866
824
842
862
778
772
740
744
712
690
718
758
764
722
732
764
784
738
684
720
758
818
838
798
800
824
816
780
734
760
754
736
716
746
832
772
746
778
764
812
704
792
784
770
720
746
796
802
770
786
818
836
786
752
772
772
706
728
722
800
814
814
788
800
820
778
752
782
790
764
780
800
798
752
684
642
662
634
614
664
652
654
664
716
782
832
818
776
788
778
758
720
746
756
766
740
716
782
842
828
826
856
846
814
774
804
812
786
752
780
770
752
684
662
674
652
626
606
612
630
582
642
598
604
612
598
584
544
572
550
608
614
616
646
626
634
654
638
610
628
614
624
632
708
718
746
670
630
662
722
774
866
858
858
822
846
806
794
778
684
674
680
720
806
862
890
832
840
838
846
826
824
834
812
764
698
668
676
730
784
784
824
850
858
852
818
756
750
764
788
812
772
780
818
826
824
796
822
810
780
744
792
798
800
748
780
804
874
828
760
814
810
814
758
690
722
714
726
702
736
744
740
680
658
656
656
672
732
748
764
776
720
686
672
694
702
726
756
736
714
766
790
806
798
780
754
762
774
804
798
782
844
842
812
748
768
760
798
768
740
786
836
854
804
732
752
774
794
750
740
798
820
842
768
740
792
816
810
768
738
784
792
794
724
680
714
738
724
716
728
778
754
758
800
838
830
804
746
746
776
786
786
762
774
828
740
708
644
708
708
682
710
648
706
752
782
712
694
720
746
770
714
718
734
738
692
628
682
732
844
872
830
788
816
838
788
774
676
682
688
722
768
762
762
754
740
752
662
726
746
770
798
784
798
710
658
694
758
808
822
794
706
698
738
776
820
814
782
818
822
796
732
746
806
802
732
710
814
840
824
762
808
824
814
716
716
728
740
720
690
740
750
772
756
710
748
788
800
752
664
640
646
690
754
848
858
842
826
810
786
696
670
672
728
800
844
850
842
848
834
844
780
748
762
804
834
822
748
742
806
834
844
752
724
746
790
786
732
670
660
662
708
724
746
806
828
830
738
710
710
748
770
708
782
776
736
664
694
706
814
826
812
778
818
818
770
696
720
772
782
816
740
782
812
832
766
780
786
740
682
726
728
834
742
692
744
804
804
818
768
808
804
764
766
760
812
824
806
706
774
784
770
766
720
768
806
818
778
724
748
752
772
714
682
746
780
768
792
704
724
754
748
792
686
760
804
812
758
736
776
788
804
808
768
788
802
794
782
728
774
816
812
780
658
756
768
780
740
664
698
752
786
732
728
694
678
696
724
728
662
678
670
650
684
784
778
770
740
772
782
792
748
716
748
740
688
714
770
826
836
802
830
836
836
800
726
772
782
816
806
782
812
792
690
734
750
792
808
816
774
734
724
732
742
758
694
658
766
798
844
858
778
734
744
744
750
764
756
732
712
666
644
686
720
792
830
784
730
784
812
812
738
666
638
594
578
682
710
742
758
766
734
648
648
618
602
570
560
550
570
592
572
600
636
670
656
572
656
638
668
826
812
820
756
724
732
728
714
664
640
634
670
698
732
754
770
764
764
760
750
760
766
784
746
716
740
742
774
834
772
728
720
716
656
586
578
684
928
974
942
884
848
802
788
770
774
766
774
776
790
794
770
826
760
698
728
658
664
700
748
802
820
824
792
798
794
764
756
744
676
660
626
636
672
710
788
846
834
792
780
782
778
754
766
724
752
762
806
784
788
688
640
662
662
688
674
682
764
846
868
866
834
808
764
694
682
648
702
652
642
714
796
860
860
802
784
778
746
748
712
644
694
686
690
746
794
796
784
796
760
748
760
772
792
724
750
726
790
822
748
724
730
710
648
602
638
644
696
736
748
694
710
740
726
670
704
674
664
738
698
694
724
738
742
710
674
662
686
708
772
802
818
794
760
764
782
802
790
798
808
814
814
766
772
812
822
826
784
794
786
738
682
660
658
644
652
652
676
742
780
722
766
780
798
818
768
784
800
818
790
762
798
804
800
782
770
794
796
810
776
756
776
770
786
750
768
780
796
770
766
782
780
728
730
772
802
764
730
754
756
756
690
680
706
710
768
752
804
828
816
770
768
778
786
768
714
752
728
682
638
678
774
844
788
834
826
788
706
726
750
756
710
678
728
778
816
752
738
770
814
826
734
678
700
712
744
702
652
668
682
674
694
744
720
666
616
590
656
812
826
844
846
818
816
782
708
678
680
656
634
620
644
660
702
692
694
710
730
730
726
720
702
672
660
680
696
690
736
788
808
788
730
718
760
778
732
674
714
708
706
740
776
814
756
758
754
658
620
626
634
664
704
668
640
644
646
698
720
744
760
758
778
786
806
798
760
774
784
800
808
812
740
742
714
700
686
656
660
660
616
614
656
686
680
668
722
744
788
776
690
670
740
756
802
834
808
774
790
814
760
684
718
778
844
834
770
790
774
710
580
744
714
762
830
842
728
736
796
818
820
718
722
750
776
752
748
794
834
874
860
800
768
806
812
786
724
764
788
828
788
772
778
762
742
696
734
746
720
664
664
642
674
734
824
810
758
680
684
696
704
696
706
676
664
674
692
712
682
668
670
672
670
686
652
644
668
698
736
690
678
664
686
732
786
740
660
656
650
668
696
704
662
708
706
674
718
686
758
552
720
770
736
794
796
784
710
724
716
726
732
788
622
650
680
722
776
806
768
762
780
810
830
754
744
778
800
764
686
714
744
786
804
802
522
588
636
714
746
786
726
714
692
786
818
626
994
792
764
714
646
660
682
710
726
684
638
700
692
712
736
792
772
732
704
726
744
736
664
674
630
686
802
868
866
850
830
880
530
832
784
792
780
722
682
706
748
698
676
658
690
756
708
764
836
840
806
728
680
696
676
704
640
628
630
652
674
662
724
746
812
812
616
936
664
708
730
740
698
688
724
772
504
622
616
688
738
760
778
768
786
774
774
702
722
702
736
760
784
750
708
702
682
698
706
750
748
716
764
804
824
774
700
652
694
688
702
802
784
760
754
762
816
812
796
706
624
918
794
806
794
780
782
742
690
684
728
752
848
822
776
730
756
790
810
812
810
814
760
778
752
706
660
666
656
666
702
736
504
716
742
758
728
712
704
702
742
738
756
704
656
734
740
754
762
750
786
756
740
728
706
654
760
744
752
728
762
688
694
712
696
674
664
740
760
760
770
772
788
772
696
690
680
698
698
690
740
828
826
838
794
800
766
796
802
780
798
810
804
742
698
678
710
758
834
842
800
774
796
790
778
758
688
720
736
786
806
724
702
824
820
880
808
788
736
738
774
720
686
662
686
708
702
706
640
688
650
554
572
652
742
680
616
624
708
788
834
842
822
786
752
524
548
566
640
718
722
642
634
710
732
770
684
678
582
588
608
714
822
718
626
596
604
822
600
614
640
654
662
666
670
664
646
628
626
620
618
612
610
616
624
634
630
590
634
548
590
554
548
534
532
526
554
588
516
548
564
568
658
728
524
526
552
658
658
588
550
564
558
680
724
714
608
584
558
688
656
626
640
582
564
576
600
608
624
650
624
582
594
722
730
664
616
594
572
566
582
596
598
592
630
618
640
610
630
582
600
606
612
630
634
654
660
662
664
664
660
646
640
622
620
642
576
562
582
608
572
564
582
578
580
582
588
594
570
564
566
568
570
568
558
572
616
680
686
700
622
588
602
586
562
550
556
582
604
636
644
714
770
774
746
696
602
628
646
648
674
692
722
710
726
712
716
702
670
748
696
642
620
636
632
624
680
730
596
964
744
708
654
592
630
652
674
704
714
720
670
716
666
648
644
652
650
646
622
672
658
690
678
518
828
710
722
714
694
674
668
644
632
672
684
766
776
788
718
680
684
700
692
688
732
714
742
718
752
762
730
724
774
770
796
770
734
724
756
796
814
834
778
748
798
786
768
736
746
796
844
846
850
834
778
756
736
754
664
668
632
730
756
740
682
736
704
714
706
696
678
678
728
668
658
636
532
730
678
724
832
828
838
846
796
776
670
632
690
654
688
776
728
742
760
588
858
732
630
696
642
734
726
740
762
752
762
796
740
742
740
702
626
614
652
702
822
830
790
786
772
786
754
700
690
732
780
824
822
796
740
714
672
680
646
636
658
678
758
812
782
732
746
780
752
724
732
756
700
714
726
770
800
726
782
804
798
782
758
702
726
744
742
732
722
652
672
554
756
652
692
676
644
688
754
734
754
768
762
514
720
696
704
700
656
712
668
682
670
714
744
812
802
814
812
844
756
772
744
728
756
764
752
784
756
760
734
712
644
744
564
680
746
792
732
756
746
734
718
698
686
690
652
618
666
666
712
772
806
794
786
736
748
676
644
654
672
668
614
722
708
770
732
726
698
630
642
630
624
654
622
548
628
722
810
860
876
840
814
818
786
756
712
714
702
698
510
586
594
702
754
764
772
770
714
770
790
802
734
736
742
692
722
790
792
786
766
766
750
732
714
718
728
678
686
714
738
802
786
738
770
712
682
678
690
668
734
698
774
796
778
754
672
670
710
742
688
662
648
664
650
658
716
712
708
744
802
798
788
690
698
674
700
706
674
632
664
648
646
626
688
738
774
778
700
744
670
636
606
612
646
660
668
692
724
770
790
800
802
780
766
756
758
772
776
748
626
638
638
664
680
748
790
794
798
772
740
716
666
662
688
714
746
768
840
862
826
748
730
750
716
706
668
650
712
698
750
772
810
762
728
802
810
806
770
754
758
834
786
752
790
802
832
858
836
804
776
808
806
782
736
688
670
692
766
834
734
698
776
846
846
772
840
840
860
832
830
822
824
824
814
838
826
802
816
830
828
834
842
792
790
798
822
760
796
812
796
692
738
762
812
826
766
748
766
770
724
698
788
812
784
742
766
812
718
650
646
654
664
654
648
672
684
738
784
796
720
674
658
670
716
684
698
688
668
618
696
750
818
806
830
734
700
724
680
722
766
812
792
848
846
866
872
760
690
728
732
760
742
668
674
712
790
714
748
796
716
768
784
808
784
736
756
786
800
796
752
772
834
816
760
706
756
772
794
738
688
736
776
836
848
848
824
684
630
668
658
716
790
900
888
884
824
804
850
808
746
714
690
714
762
804
842
850
734
760
794
816
820
784
762
772
796
874
828
800
774
824
844
850
806
702
732
764
792
724
762
818
838
768
688
766
774
792
806
756
658
674
660
682
678
706
684
720
690
666
716
776
758
750
556
640
716
700
724
652
612
576
630
606
596
622
650
686
772
778
776
742
716
712
742
750
766
712
736
762
788
762
698
706
726
810
830
822
744
672
648
638
624
690
680
686
772
824
824
812
724
778
772
796
790
776
696
728
672
750
796
784
802
814
722
728
646
614
624
646
674
764
712
692
716
748
796
786
718
718
662
676
754
810
844
862
784
826
758
748
742
854
864
820
794
802
782
714
676
724
778
852
870
848
786
752
770
802
826
828
774
758
772
796
866
740
756
802
846
746
676
646
732
780
832
852
848
780
752
780
792
812
802
776
836
788
800
766
710
748
796
840
874
828
858
870
882
650
996
792
810
810
754
786
828
856
846
772
828
830
822
768
802
824
812
734
756
832
782
692
640
698
656
636
640
634
614
680
768
746
784
830
840
776
754
742
748
762
748
710
724
776
782
746
782
788
854
796
792
818
810
778
816
828
744
680
692
696
690
# end time: 2014-03-18-11:43:55, 1395157435.47
