# R wave intervals in milliseconds per line
# start time: 2014-03-22-22:57:42, 1395543462.62
510
666
634
612
600
590
612
618
644
726
720
724
792
770
822
816
832
816
738
716
736
716
850
798
750
742
728
760
784
832
880
872
888
778
814
768
702
662
668
718
782
848
876
860
802
804
790
702
666
682
662
656
724
702
622
658
666
698
704
722
792
782
712
698
718
738
716
674
700
722
754
798
768
748
770
778
832
820
814
800
764
762
792
794
786
756
844
836
826
762
738
772
776
784
714
678
710
722
796
718
788
828
852
800
716
750
770
778
736
672
696
718
748
750
696
736
768
800
782
796
824
814
774
712
756
760
754
724
662
680
698
718
704
656
706
722
694
678
722
760
784
760
712
746
754
766
738
674
714
690
698
668
636
650
664
690
692
712
736
760
722
674
718
732
718
700
734
750
772
764
762
784
794
796
750
796
768
752
696
718
730
688
640
658
670
712
764
744
692
750
770
772
780
746
766
790
794
742
654
678
688
702
670
694
802
848
874
796
798
836
838
840
802
734
744
754
742
768
686
672
678
748
700
670
720
768
790
734
730
762
744
756
662
646
704
712
688
696
726
744
698
698
728
764
800
792
768
814
780
772
716
706
676
688
680
712
738
730
690
734
754
768
744
686
708
704
772
760
708
728
794
772
734
722
780
764
744
674
698
728
768
748
784
790
786
850
726
746
752
744
688
708
710
716
718
682
704
758
762
732
722
682
716
720
736
714
670
750
764
798
788
732
746
732
692
628
650
638
664
682
746
816
816
798
674
738
718
718
722
688
682
720
758
818
766
758
764
746
776
694
696
730
808
796
764
782
820
828
750
746
760
756
706
730
766
788
798
738
696
732
730
698
678
668
716
660
632
632
608
638
568
662
620
618
614
612
608
610
622
632
640
660
656
658
650
638
626
594
594
596
586
598
640
694
776
804
836
814
804
796
780
772
768
744
692
692
706
716
728
712
698
650
640
656
664
690
700
666
710
720
678
654
678
668
644
640
662
616
604
612
604
606
664
696
758
802
786
736
792
764
760
744
706
702
762
752
728
704
664
716
716
734
730
676
688
752
740
736
660
704
714
718
716
648
654
692
698
710
682
652
690
686
740
656
726
740
740
698
720
730
746
750
728
666
724
698
740
674
658
700
734
744
776
668
742
702
766
722
692
708
734
760
752
732
806
798
786
710
718
760
788
776
692
760
756
764
748
712
736
732
784
722
692
740
766
802
776
754
830
836
818
768
800
760
790
718
706
628
658
654
682
638
600
686
714
750
752
812
834
818
768
754
764
768
748
678
692
674
762
782
776
762
816
820
818
758
710
768
776
748
770
768
830
810
770
688
670
754
740
706
736
714
790
748
670
706
704
766
716
690
722
700
740
668
680
704
694
734
696
738
762
796
762
732
838
786
696
712
722
758
770
768
754
764
802
748
686
688
760
752
764
704
684
750
728
658
690
676
712
654
666
702
756
798
758
688
700
732
670
690
650
676
632
690
668
662
630
650
720
712
818
762
722
736
696
634
684
666
770
788
766
756
776
830
792
712
666
740
726
700
670
708
748
842
810
784
832
810
786
730
768
736
728
724
696
800
834
788
782
854
758
746
792
830
814
608
948
800
796
770
700
702
768
764
694
688
660
634
710
720
692
676
704
728
680
788
810
820
770
718
650
746
734
752
742
680
708
786
784
782
736
768
806
782
740
788
778
766
722
680
748
750
786
760
806
786
736
660
648
674
616
698
652
626
626
690
666
656
642
680
728
750
784
800
776
764
752
836
814
758
782
722
698
642
626
668
704
750
716
702
748
778
776
712
708
716
606
806
682
672
702
742
756
742
688
714
728
734
738
716
708
722
714
738
684
716
760
838
852
856
842
736
734
768
708
682
638
624
662
642
670
690
718
830
884
894
856
864
828
818
794
712
724
610
670
766
712
708
784
862
916
870
896
752
732
752
746
708
666
664
690
702
746
832
824
890
876
870
838
796
782
738
734
744
756
764
718
718
714
774
760
764
704
716
756
760
772
724
720
744
774
684
688
708
714
726
638
646
624
590
716
766
788
774
800
778
770
780
796
804
808
808
806
806
808
796
758
768
696
702
664
658
708
754
784
788
790
822
796
786
752
698
720
702
746
694
704
732
734
702
714
732
728
688
724
730
740
712
648
650
682
670
700
638
678
698
716
706
728
716
782
706
712
722
724
722
686
652
700
662
630
614
654
638
650
646
722
740
692
648
652
662
684
692
678
668
692
710
758
782
774
736
782
782
748
698
706
722
706
774
764
760
720
720
714
764
752
722
648
692
690
700
740
728
740
744
806
774
700
696
706
684
748
666
690
722
702
722
684
684
750
732
692
672
748
724
692
718
768
766
720
730
766
784
802
796
780
772
754
712
720
702
690
724
668
676
748
726
784
728
692
714
736
678
678
734
732
704
670
628
634
618
582
614
624
672
778
892
870
864
866
820
730
708
718
744
748
756
782
778
814
714
678
650
694
660
614
614
604
636
632
624
632
650
706
752
722
756
662
766
720
732
710
732
710
680
700
644
624
624
600
592
638
648
690
718
770
778
818
784
786
750
720
690
614
662
654
680
718
756
766
690
662
736
754
780
714
712
740
822
772
688
678
730
766
814
794
780
790
778
708
728
766
814
824
820
734
694
714
782
788
770
780
828
838
816
724
770
764
780
784
732
660
690
720
742
712
714
802
860
866
864
792
746
776
718
670
706
740
738
780
682
704
738
760
754
684
716
736
716
668
630
680
700
678
662
684
714
746
710
722
748
754
792
714
724
728
666
722
700
768
766
742
826
848
914
818
830
838
830
786
730
750
756
762
796
714
676
714
690
716
654
630
670
636
696
718
678
682
738
768
794
708
652
724
718
716
658
664
690
682
648
654
696
760
826
788
800
814
824
808
770
784
790
786
796
776
788
806
812
808
782
698
746
764
798
794
704
752
786
794
790
712
652
740
744
690
696
652
702
746
790
722
746
792
786
754
672
690
702
712
712
730
730
786
816
786
802
818
832
818
794
728
730
746
744
690
716
716
770
768
728
738
764
756
716
720
720
796
734
678
702
704
694
712
626
688
678
672
606
612
618
598
588
568
622
672
694
682
676
638
686
650
624
636
638
644
664
674
624
656
660
688
708
738
742
702
654
636
636
630
612
612
612
628
660
722
752
738
718
712
750
740
732
660
652
650
622
594
628
588
604
558
588
564
540
572
576
586
612
632
632
584
598
624
642
814
902
928
926
918
872
814
738
726
742
748
750
828
866
886
864
844
834
812
734
662
684
728
732
680
690
748
766
784
724
650
662
698
724
760
710
708
746
742
776
700
714
708
722
740
740
670
694
696
734
692
720
818
824
832
848
768
812
796
786
792
762
770
740
776
676
742
772
830
868
824
866
844
830
792
786
718
738
734
714
708
656
640
706
762
794
762
750
796
784
724
670
678
752
708
738
784
796
776
712
702
738
696
698
686
692
724
682
666
710
698
690
664
656
716
696
714
666
632
682
656
702
678
670
682
732
736
686
716
726
736
750
672
712
718
700
692
676
748
782
786
738
754
738
792
706
712
712
782
764
744
742
752
762
758
724
730
796
808
768
700
686
758
752
724
692
740
756
746
754
724
762
782
702
708
678
716
698
662
702
752
856
790
782
818
798
738
670
682
736
726
706
698
680
716
730
688
712
720
760
772
730
754
766
780
770
738
702
758
728
738
702
712
710
698
688
670
700
788
818
812
786
768
832
774
692
728
736
742
708
694
742
748
710
716
686
716
714
696
638
662
686
684
634
654
656
644
730
698
664
716
732
718
644
606
670
660
676
676
670
650
648
630
622
588
604
584
578
568
558
570
568
590
612
632
662
676
694
712
730
666
612
610
606
616
632
646
626
596
570
604
646
616
616
650
680
704
752
776
836
822
816
812
802
762
702
720
660
636
676
688
736
776
786
786
736
766
772
642
808
744
778
862
834
784
696
750
746
746
726
686
710
790
762
814
734
742
756
728
676
704
712
724
704
676
708
774
782
780
740
732
804
746
668
694
690
668
730
676
702
764
758
714
752
744
728
684
690
680
696
676
706
650
680
702
704
728
648
664
634
604
598
594
582
570
622
616
598
602
600
628
666
638
664
688
646
634
600
594
608
612
586
622
614
582
596
576
622
608
618
598
626
598
572
576
580
612
620
676
750
736
684
690
692
684
656
670
692
772
758
720
698
700
702
684
638
636
648
652
626
660
604
624
602
636
660
676
680
668
648
686
692
692
648
626
672
674
710
706
700
746
810
808
808
704
692
704
698
662
638
638
606
644
606
596
598
586
622
794
770
930
842
820
752
666
682
688
732
790
798
830
716
700
710
708
668
650
718
784
840
808
798
816
796
784
712
742
720
686
678
742
834
880
822
760
840
780
834
774
796
832
834
786
778
810
858
880
854
862
860
896
790
790
800
810
834
808
750
780
734
742
684
718
766
784
858
788
768
770
784
756
720
752
754
806
820
854
860
836
836
800
774
800
768
768
734
724
702
680
662
668
668
674
732
764
754
756
800
810
794
720
740
730
768
710
734
728
734
738
712
684
704
718
772
710
756
732
742
718
682
698
720
756
728
724
766
780
784
756
762
742
786
716
674
644
638
640
666
694
694
658
652
690
694
690
684
682
658
646
638
634
612
592
614
534
564
620
692
774
776
730
688
680
668
670
680
662
698
668
668
726
712
702
698
726
748
568
942
794
830
792
792
774
786
752
742
738
760
778
742
744
790
776
748
752
738
716
746
696
716
762
726
742
772
792
750
736
720
778
730
712
796
800
812
822
846
830
818
782
796
778
778
770
742
760
752
706
732
714
732
684
716
694
736
702
650
634
672
692
800
838
786
830
810
576
604
688
712
704
702
680
718
724
722
750
712
716
754
728
704
718
730
732
706
690
706
708
710
674
686
682
678
694
660
624
700
656
702
734
780
786
746
748
734
730
740
732
770
740
758
750
728
740
744
798
712
714
718
652
672
606
670
690
710
750
750
788
762
712
630
656
604
626
608
604
582
628
564
616
596
606
604
604
590
594
570
580
566
542
548
556
536
538
536
598
600
666
746
816
862
842
894
846
846
812
746
760
716
658
666
690
696
702
720
722
788
848
868
854
812
776
768
766
750
698
658
658
662
686
764
806
802
824
870
742
738
746
832
758
718
776
862
778
808
796
748
710
722
710
672
648
628
630
642
664
708
786
838
808
770
806
720
750
722
700
660
658
690
676
672
752
810
814
822
828
822
798
752
772
738
684
646
724
780
816
842
760
810
834
754
758
764
722
666
646
628
668
674
700
712
664
664
666
704
736
756
750
770
862
830
816
738
674
586
810
732
746
718
772
742
744
770
730
698
672
708
712
786
702
764
806
822
812
814
834
830
714
760
774
774
792
746
778
784
800
712
782
776
712
694
682
710
772
688
646
690
700
668
644
650
658
624
624
614
610
602
610
614
632
656
648
512
734
688
632
608
620
724
516
544
604
610
656
666
656
688
732
696
732
802
836
738
704
704
722
788
792
758
664
618
624
636
686
758
834
778
750
738
744
742
806
808
756
720
734
782
798
798
754
706
758
746
748
702
688
750
744
726
710
708
676
706
720
740
734
790
752
690
628
648
620
624
644
666
680
656
690
666
656
658
654
672
644
694
706
708
572
1254
1232
740
638
692
676
668
648
642
634
626
624
662
680
774
764
766
758
706
674
620
590
574
584
610
646
762
878
844
864
836
874
814
784
718
644
634
636
654
668
676
676
626
638
624
614
600
592
596
600
622
676
756
820
854
802
834
782
770
754
726
712
736
752
688
638
666
712
688
658
644
662
668
674
658
652
668
700
704
744
758
764
770
738
680
676
682
688
698
716
714
670
676
684
706
704
658
638
636
658
668
688
710
682
666
684
678
662
636
658
662
672
680
676
654
628
614
620
646
670
704
724
692
662
682
744
706
680
646
664
674
698
716
742
750
716
650
700
692
710
720
742
692
658
678
692
696
692
650
652
676
680
644
676
654
670
698
714
732
704
664
678
694
692
688
668
646
634
684
686
664
692
646
640
668
696
678
700
666
684
666
730
664
660
682
688
688
646
692
670
742
716
680
680
708
702
706
710
676
690
702
706
730
702
696
704
690
732
670
664
690
704
724
702
698
720
728
716
666
636
644
590
640
610
606
592
608
592
592
586
584
588
586
610
622
602
594
608
598
614
594
588
572
584
582
586
578
612
602
618
622
646
670
692
688
728
674
696
640
606
608
578
554
570
584
626
768
824
786
794
800
910
822
784
784
766
742
678
678
670
712
694
716
700
840
814
794
774
714
720
686
680
668
642
656
684
712
736
800
716
732
756
754
766
748
702
732
748
754
716
704
726
746
732
696
718
716
770
694
714
736
758
696
686
710
718
710
664
650
668
670
694
688
660
674
698
714
672
630
694
686
678
656
618
634
640
640
636
672
696
714
710
686
716
642
554
646
616
690
680
682
654
660
676
680
682
676
670
660
646
648
614
596
604
632
654
688
770
838
866
880
840
826
708
674
660
670
652
652
652
676
694
726
746
740
778
824
744
720
746
746
740
738
754
738
738
722
728
718
682
632
634
660
672
698
734
720
662
698
734
750
712
754
780
792
770
696
722
744
742
708
672
710
718
708
684
730
750
774
716
716
746
756
752
692
674
698
692
750
744
680
682
698
696
704
674
640
690
700
710
686
660
726
732
724
710
720
732
738
700
662
686
696
706
686
690
654
670
690
700
692
760
774
768
696
700
750
722
690
654
618
632
654
678
668
670
702
714
718
704
662
664
698
692
666
650
688
714
702
650
640
700
692
676
646
658
682
656
712
652
670
682
728
748
770
710
658
664
684
692
618
610
644
670
702
710
658
724
710
696
664
644
620
638
636
646
664
642
640
626
654
664
694
718
722
682
664
664
684
708
716
716
682
704
724
732
686
742
734
734
744
688
696
700
700
706
674
662
672
698
660
716
756
782
718
660
696
694
686
674
644
672
686
688
708
646
636
670
672
696
732
742
680
692
702
708
702
660
678
696
698
688
658
632
682
632
610
656
660
682
752
840
864
870
846
512
572
722
712
734
730
686
680
714
730
714
734
736
710
664
644
686
706
714
696
660
672
674
736
680
698
682
706
722
678
660
728
726
730
700
678
666
722
682
632
666
666
672
652
662
656
686
706
650
672
638
672
664
652
686
642
668
682
662
688
638
652
680
684
670
652
670
702
706
662
702
698
700
664
640
668
678
702
672
634
700
712
720
688
694
654
700
654
622
632
640
630
650
608
630
646
630
616
630
690
664
666
632
628
636
640
626
592
596
612
608
676
648
666
682
706
688
662
698
706
714
708
682
706
696
704
642
620
658
662
744
760
760
704
708
708
690
636
612
612
618
620
638
622
620
640
634
622
632
632
604
626
620
682
618
662
648
660
672
676
650
624
646
666
680
722
694
648
610
662
666
678
708
720
734
658
648
658
654
638
608
642
624
632
656
718
778
828
818
752
716
718
682
656
600
626
606
594
580
630
638
656
676
682
666
676
632
658
650
650
602
664
684
708
736
762
702
680
660
668
662
736
714
700
690
686
658
670
608
634
662
668
696
666
704
730
820
798
668
642
628
670
654
722
698
686
650
658
672
696
702
662
666
694
760
758
762
726
674
734
730
720
700
662
684
722
738
776
730
732
772
712
668
686
686
742
700
672
710
736
706
656
702
700
704
664
650
656
682
712
728
688
700
692
698
674
704
648
700
712
740
716
682
702
744
768
770
718
712
730
734
704
660
710
700
684
656
630
644
632
680
642
624
638
716
732
726
718
744
760
708
684
724
752
624
744
676
686
676
730
704
690
646
678
626
586
654
566
592
640
718
766
734
720
678
722
742
768
776
744
696
632
660
660
680
690
692
660
686
692
688
680
660
642
646
670
716
758
760
696
696
698
718
742
768
716
716
722
712
674
678
666
708
718
744
670
692
692
742
714
670
694
714
690
688
642
676
664
718
644
644
682
686
740
672
718
686
740
702
650
688
696
696
686
650
660
720
714
712
690
642
808
754
720
680
692
706
684
734
682
682
720
720
672
690
688
692
690
654
688
662
736
692
704
666
690
716
722
696
670
682
700
696
624
690
682
700
720
710
700
736
744
712
672
738
712
694
662
668
692
688
668
668
682
696
702
666
712
718
680
646
700
690
690
668
642
670
670
688
682
640
678
690
694
704
678
704
708
668
668
674
668
698
640
642
696
688
652
622
664
630
628
618
608
616
634
636
646
678
624
616
632
636
650
638
624
636
664
688
710
748
694
736
700
762
730
694
698
676
666
746
722
690
696
728
742
718
672
708
708
688
694
674
710
706
686
694
698
736
742
716
688
724
726
712
670
690
706
706
702
644
690
684
686
668
674
764
746
694
686
714
712
704
664
674
686
714
724
664
720
722
722
700
712
674
722
718
700
658
668
696
692
668
690
714
724
704
678
744
714
682
660
676
670
722
668
648
682
684
684
646
664
700
724
700
682
694
700
698
662
652
664
672
668
682
688
718
730
700
682
686
708
738
674
694
700
700
668
670
684
672
672
740
750
710
730
758
778
786
736
702
732
662
694
636
636
636
624
666
642
624
648
658
730
726
720
694
730
752
756
734
672
680
700
696
702
718
726
688
672
694
698
698
666
630
638
704
702
752
756
702
728
752
744
718
674
690
684
738
716
688
720
742
698
684
708
674
656
694
698
724
732
654
730
612
626
604
610
640
702
696
702
726
744
728
682
730
748
730
738
722
696
650
634
688
692
716
712
672
648
664
664
698
774
728
724
736
756
752
720
662
698
696
704
694
754
706
738
756
766
734
678
656
700
670
656
702
738
664
700
726
762
732
680
684
712
726
720
674
694
724
726
706
666
712
732
730
692
640
672
694
704
694
692
686
716
740
726
666
688
702
712
712
660
684
746
736
704
664
654
652
664
686
694
650
648
688
680
676
676
656
658
678
682
686
648
624
620
606
638
636
668
738
794
806
766
770
804
746
680
694
692
688
678
670
674
646
652
644
690
708
736
730
690
662
666
664
688
700
690
714
672
706
696
692
668
644
648
686
696
684
608
604
622
620
620
698
714
728
736
724
720
700
692
668
636
658
648
630
604
596
616
640
628
632
634
632
634
644
628
634
600
670
644
638
620
668
664
670
670
672
672
664
664
636
620
610
622
624
648
650
604
638
636
644
646
666
632
652
668
672
672
670
644
660
676
706
710
668
692
720
720
690
656
682
688
650
606
606
604
612
606
694
688
680
688
686
678
728
680
624
676
668
666
636
656
606
598
626
612
618
626
658
566
612
644
646
644
636
640
584
594
580
556
544
536
600
542
558
598
650
680
738
792
788
782
706
684
662
622
632
658
678
672
712
748
786
764
676
728
738
744
758
692
650
658
680
710
742
778
698
686
680
694
694
662
672
648
684
738
766
830
728
736
724
718
712
664
618
666
664
696
700
654
648
680
678
662
644
644
654
638
686
694
682
700
694
774
784
778
796
718
706
716
724
738
762
750
692
716
714
730
678
726
742
730
688
682
718
756
758
704
708
742
776
768
706
668
700
720
718
732
662
672
676
708
728
700
668
702
708
716
678
638
654
652
652
632
610
610
612
626
646
670
690
684
710
690
666
690
700
710
728
722
728
726
608
706
718
672
634
648
602
628
594
608
628
636
658
732
754
782
730
674
674
700
716
798
776
708
700
702
746
794
820
820
788
704
688
720
708
770
762
704
646
666
682
668
716
654
670
772
732
672
690
710
688
684
688
672
688
650
664
662
724
694
654
662
676
730
680
638
646
700
700
708
656
696
694
692
694
706
646
674
722
732
682
646
676
662
632
680
676
676
690
708
722
720
688
676
636
644
624
602
580
620
578
582
558
638
652
726
750
760
818
786
700
732
700
696
634
620
682
704
734
682
680
642
680
648
694
728
746
762
800
814
826
828
740
722
778
740
736
678
748
774
866
776
788
834
842
780
708
748
702
756
714
656
698
734
764
774
746
814
800
800
768
782
812
794
832
726
744
704
758
680
688
750
762
772
718
758
726
758
720
668
690
724
744
672
644
676
680
694
706
682
634
634
656
660
630
646
650
612
670
620
622
592
656
712
848
824
726
662
730
742
740
792
726
732
766
710
706
662
684
722
742
798
732
730
798
788
786
766
766
748
726
774
742
678
688
700
728
750
786
778
790
842
756
764
778
778
756
700
682
722
744
774
720
688
690
652
656
666
680
690
692
648
660
602
592
606
630
640
662
750
830
868
852
870
796
838
736
764
776
786
768
742
758
756
798
706
680
712
684
736
660
640
706
742
740
702
720
738
702
710
672
714
736
732
734
710
716
692
692
642
644
696
660
648
732
798
780
788
794
812
820
780
774
780
768
762
722
656
682
708
724
704
712
784
796
754
706
724
712
736
668
616
648
622
612
622
634
614
662
646
634
678
704
740
718
744
794
834
820
744
780
748
698
708
612
638
626
608
656
674
686
676
652
654
714
754
788
796
734
716
688
664
684
670
742
712
744
802
768
696
696
722
708
708
716
716
682
726
718
718
702
668
652
680
646
640
622
600
626
574
726
612
638
648
658
730
756
804
810
842
826
788
772
692
710
752
722
676
668
734
734
802
804
824
790
706
682
698
694
716
680
652
608
630
622
658
706
772
802
830
834
750
766
748
752
696
690
706
742
764
794
778
708
738
756
814
792
700
714
702
730
664
670
610
622
626
640
652
654
664
668
654
648
628
630
602
614
594
602
600
622
600
612
618
614
626
628
702
712
710
714
630
634
630
624
680
698
738
764
770
812
790
668
636
644
636
632
590
590
580
580
576
578
580
592
600
626
626
618
612
594
588
582
580
564
562
554
530
566
528
538
548
578
592
638
676
672
690
700
708
720
738
710
654
620
600
582
574
576
566
610
618
670
774
842
820
778
844
828
824
806
796
796
792
758
700
786
768
740
756
782
752
714
692
636
820
686
722
736
750
586
554
770
754
774
766
736
662
664
616
692
690
744
720
734
702
704
756
704
662
644
672
668
718
682
676
682
682
670
658
686
646
626
614
600
592
582
582
592
598
690
690
692
590
812
724
726
772
752
792
736
774
668
658
648
642
748
776
816
786
730
770
772
752
756
752
772
742
766
678
642
686
670
698
660
678
702
690
646
662
656
630
628
620
698
722
742
768
766
722
680
670
660
728
734
712
684
754
766
790
780
732
774
736
704
662
670
706
764
736
798
784
780
734
774
682
720
696
708
712
722
758
780
754
752
700
620
810
714
748
722
780
774
734
732
702
694
764
732
738
716
770
732
672
720
710
766
730
776
770
788
788
738
756
750
766
736
728
756
746
754
752
748
760
748
706
722
692
732
728
734
728
734
728
722
684
672
672
744
730
664
756
744
732
680
662
718
708
678
680
654
678
658
632
636
664
692
694
662
740
756
772
750
712
768
732
752
794
722
744
780
796
820
802
802
794
760
714
756
736
764
754
750
802
786
806
718
754
754
750
742
764
778
798
792
780
780
770
746
716
750
760
778
714
746
740
736
680
674
722
714
792
748
706
730
502
656
636
694
702
700
724
644
656
622
636
638
676
744
778
808
780
722
884
754
718
714
714
732
718
752
798
822
798
814
832
812
806
798
786
776
804
790
762
832
774
674
890
776
756
750
812
806
790
730
750
770
772
752
778
792
758
752
734
752
732
684
712
794
796
766
756
768
764
722
708
706
728
712
688
718
758
746
812
782
544
628
780
760
798
782
790
768
728
738
776
756
726
710
682
694
672
654
594
652
652
638
668
756
730
740
774
800
786
802
776
758
710
726
760
784
792
816
800
826
790
798
530
718
748
790
766
760
772
752
692
782
796
854
816
838
844
804
796
760
776
760
690
768
722
732
754
714
758
756
710
722
746
698
746
762
782
840
780
756
712
710
660
666
740
774
770
798
762
772
748
778
716
750
748
752
742
784
806
700
914
806
808
778
780
728
756
736
730
758
790
770
736
724
710
692
738
690
708
720
710
734
780
730
756
760
790
792
750
804
788
744
666
620
670
666
660
650
632
668
642
734
678
780
616
630
704
720
804
788
754
784
736
688
692
690
714
710
714
688
688
734
788
826
836
846
808
820
754
782
720
688
690
724
698
730
732
738
750
704
746
742
764
758
814
772
720
702
712
742
742
802
758
780
782
822
778
790
808
754
774
766
790
782
730
766
760
736
728
722
694
732
740
740
766
836
832
728
766
752
810
740
774
746
744
786
780
764
788
756
746
682
740
744
760
758
712
724
756
784
792
814
720
716
684
754
766
746
744
762
764
738
610
930
818
788
812
504
636
812
732
764
786
748
734
674
694
718
736
814
770
806
810
806
744
782
748
774
788
712
736
766
740
770
752
758
742
712
720
794
752
772
752
754
616
834
728
730
778
792
746
764
816
798
766
738
748
746
758
668
724
728
740
722
670
754
758
766
752
750
804
764
736
710
766
738
696
728
740
748
728
726
710
764
704
692
730
744
754
774
730
760
716
728
662
670
692
660
658
692
826
790
758
830
802
546
746
716
736
740
680
674
702
726
664
686
714
770
530
648
680
720
796
794
766
808
800
818
784
740
762
758
724
756
760
808
804
768
704
766
738
766
724
712
756
776
822
762
768
830
792
724
628
540
662
644
658
676
698
698
752
728
710
694
686
648
622
632
628
622
638
662
670
638
614
624
674
658
656
682
702
688
748
706
708
708
724
690
672
664
702
682
700
692
698
706
698
668
672
674
652
648
676
684
750
682
670
668
682
702
718
730
700
682
696
682
652
608
600
600
592
636
676
752
722
712
728
730
720
806
742
720
736
700
702
704
652
608
690
668
672
656
688
660
626
648
658
646
664
690
696
690
698
662
708
706
714
720
742
768
792
754
720
656
656
676
690
692
690
744
740
798
778
758
730
696
650
616
612
614
626
660
794
878
860
800
798
710
724
828
834
870
838
816
744
658
762
746
744
830
812
788
778
768
646
890
732
658
652
662
660
658
690
834
876
796
796
814
786
744
676
616
662
668
700
738
744
774
768
818
782
682
694
670
670
644
626
648
740
778
830
876
526
856
870
632
700
736
800
838
822
788
690
760
770
534
738
814
768
758
840
818
826
764
742
814
762
736
740
626
512
780
696
726
756
782
752
760
630
874
648
668
638
652
706
778
862
926
854
850
894
816
782
750
712
738
786
744
712
728
806
800
776
698
734
792
798
762
752
816
788
744
568
878
756
722
750
672
706
708
558
870
646
634
666
648
638
642
722
772
796
770
704
670
732
716
754
788
824
804
774
784
754
768
696
706
742
818
782
772
762
764
762
588
804
732
794
766
752
710
782
778
752
700
640
910
824
780
754
786
762
734
736
758
772
722
716
674
704
774
786
772
702
710
788
752
692
684
774
754
718
690
746
776
794
762
750
788
740
730
728
748
746
724
722
720
766
744
686
688
752
728
672
698
742
760
732
740
730
698
702
706
666
696
750
728
678
688
742
744
718
734
774
794
766
780
734
772
784
778
746
660
736
762
730
734
778
846
838
772
780
810
778
724
776
764
736
682
686
774
770
742
694
718
768
772
706
730
756
764
734
760
736
752
758
610
810
716
744
686
712
714
712
764
696
720
720
726
568
830
650
702
706
736
692
748
738
722
674
700
766
576
896
752
744
792
732
740
752
718
782
716
698
726
726
684
716
712
676
686
624
686
716
758
692
608
800
740
728
690
750
520
574
762
716
772
800
820
780
764
766
754
816
768
728
734
782
720
740
746
784
798
672
722
722
740
720
682
696
706
756
690
654
712
658
652
640
618
612
670
676
654
774
784
778
774
706
782
706
758
664
654
890
736
746
726
556
610
656
556
636
680
752
708
704
668
688
764
740
734
746
734
748
736
704
740
624
744
698
648
696
656
650
640
700
848
796
712
760
800
818
744
698
750
708
708
666
656
704
674
690
778
728
690
720
674
694
624
670
636
586
638
620
640
636
596
656
670
668
660
612
624
604
632
608
596
668
696
732
724
746
802
800
776
668
726
690
714
712
724
740
704
708
634
738
808
750
640
642
876
818
848
846
776
776
774
800
732
668
624
630
654
682
818
844
758
714
654
758
646
694
654
684
670
618
624
632
650
656
700
670
762
792
758
736
674
594
680
668
680
686
700
648
644
664
738
736
692
666
658
708
716
810
786
820
784
738
682
704
710
700
752
714
676
712
722
744
754
766
682
680
720
694
668
720
694
708
680
700
654
720
716
704
706
626
652
634
654
636
668
658
634
646
670
620
672
720
780
782
866
836
780
680
668
652
628
706
748
802
772
732
766
806
808
794
778
768
792
764
834
772
710
752
762
794
782
776
796
832
824
820
782
722
768
784
794
768
770
752
770
778
582
908
788
814
816
744
734
724
740
758
744
704
748
798
794
662
716
738
742
768
764
714
750
764
746
694
692
720
788
732
682
708
792
782
790
762
672
706
726
698
690
690
772
820
812
782
804
810
786
764
798
714
720
778
750
810
798
730
752
760
758
744
762
782
780
768
674
700
776
794
790
724
780
778
742
702
640
712
696
710
644
698
704
694
696
680
772
800
866
838
740
754
762
750
754
716
652
668
696
702
730
742
680
760
722
714
682
656
692
688
752
740
692
748
748
758
722
638
684
706
734
736
704
664
670
690
678
700
678
718
754
712
698
712
712
714
740
726
680
684
696
674
740
694
836
694
758
790
754
796
810
846
766
762
824
792
750
726
716
736
680
790
800
788
750
770
852
828
758
778
844
830
518
726
738
800
770
718
814
810
812
740
782
788
590
538
754
732
780
788
800
716
720
820
770
796
658
708
744
738
674
768
766
824
716
782
828
506
606
508
788
790
516
764
682
738
776
734
704
788
722
684
734
654
644
646
618
694
682
692
556
706
648
606
612
588
606
664
662
672
670
754
768
802
818
734
692
686
624
640
612
644
648
710
804
816
788
812
824
768
768
738
684
694
784
784
832
754
738
750
830
806
776
712
690
754
760
752
760
694
684
724
724
790
724
740
782
794
726
642
696
724
764
814
772
726
716
744
780
752
704
718
738
736
784
704
722
774
764
714
726
722
752
762
744
700
734
768
780
772
714
720
758
754
690
688
708
722
750
734
674
728
720
718
716
648
720
728
740
684
744
744
736
686
662
666
716
694
652
664
744
794
810
750
682
696
744
712
664
610
636
646
666
684
646
740
750
776
738
548
790
648
620
644
658
666
680
692
704
686
722
676
682
712
718
798
812
828
786
838
756
762
742
760
756
756
788
764
746
790
704
706
710
792
818
816
788
804
776
790
730
720
782
744
592
746
710
752
730
678
658
754
628
782
748
704
700
724
752
688
690
646
664
648
592
842
706
598
628
638
620
680
652
650
650
680
634
616
610
592
628
640
660
648
666
656
680
664
716
674
660
710
750
742
742
774
750
758
772
788
810
824
798
774
772
760
788
770
770
754
752
816
816
778
772
774
714
662
688
702
732
746
674
696
688
748
644
654
644
680
694
710
724
630
646
634
718
650
634
686
648
656
634
652
684
690
734
704
700
658
668
606
592
634
632
624
638
656
706
740
736
820
914
868
866
872
882
894
794
614
884
772
788
812
758
776
798
822
506
720
680
724
730
714
678
676
654
670
698
802
738
774
820
776
740
726
744
708
650
684
676
712
690
888
820
818
792
796
800
796
740
744
820
828
730
826
818
850
832
816
786
804
800
816
776
774
836
800
754
716
736
778
724
816
716
708
668
636
656
638
606
604
574
612
560
562
548
562
556
578
554
562
602
568
586
576
556
624
558
534
590
556
586
650
686
706
768
544
958
742
750
720
750
770
774
794
734
668
666
612
606
580
584
622
694
828
930
586
658
940
934
900
856
844
786
784
532
798
850
866
888
842
836
824
742
702
666
708
814
888
816
782
700
672
736
794
848
902
850
868
854
824
830
778
732
804
834
820
780
768
730
752
658
614
602
572
588
580
650
638
726
710
724
712
722
720
702
786
786
786
916
830
798
770
784
814
850
820
894
864
858
852
534
572
842
840
862
890
864
848
830
806
738
768
788
790
724
622
690
704
700
640
700
736
780
804
810
808
814
832
756
748
786
758
724
732
704
780
600
616
524
568
680
526
876
846
522
846
806
830
822
834
830
804
772
790
768
774
678
636
692
676
752
600
514
788
824
828
846
786
776
824
800
744
738
806
794
774
636
870
778
788
842
844
864
862
558
866
822
808
696
712
700
720
702
750
754
778
734
536
656
662
666
688
612
634
606
662
684
696
724
702
648
574
662
608
628
624
638
672
696
712
756
664
806
706
706
666
614
590
636
634
778
822
860
856
706
1112
878
846
830
872
818
792
774
732
728
580
634
558
504
754
754
740
624
876
758
728
652
672
650
658
652
614
676
680
712
786
802
804
722
798
698
714
740
724
680
664
690
724
764
750
730
808
816
812
824
778
778
762
746
760
750
780
804
778
790
834
834
846
774
712
810
782
692
716
732
766
742
740
504
808
798
748
766
788
782
818
796
740
764
714
736
780
742
742
682
744
756
820
702
732
748
606
808
644
512
736
690
726
704
738
720
706
686
708
734
710
728
758
788
780
764
724
668
750
704
520
590
698
758
776
770
720
740
776
650
502
528
726
748
536
886
728
806
856
856
814
604
504
706
698
614
680
636
592
724
514
858
876
1582
1306
784
584
654
600
630
740
672
574
682
618
620
622
610
728
614
606
656
642
644
612
596
648
668
656
586
624
670
672
674
656
606
684
716
716
768
694
716
716
716
710
682
660
804
606
704
606
706
680
714
518
772
804
804
822
722
708
680
706
682
644
732
786
774
732
738
518
800
852
834
790
814
542
636
770
776
756
768
788
762
706
806
808
766
722
796
840
814
774
740
538
588
728
700
718
842
784
522
610
836
722
746
930
772
528
622
822
532
788
750
752
786
762
788
772
744
706
748
738
728
820
832
842
792
710
904
778
748
766
704
706
688
682
734
750
726
734
698
774
602
680
634
674
654
642
634
742
690
718
714
684
658
654
672
660
644
624
626
620
640
674
630
664
626
692
622
612
638
656
672
678
724
780
772
840
828
800
766
782
760
724
738
778
726
748
708
702
676
688
702
714
666
688
726
730
694
672
644
652
686
692
708
712
716
698
674
642
626
680
600
588
634
692
772
826
882
810
838
744
752
506
556
748
728
746
674
642
680
632
650
664
698
760
752
728
806
828
690
944
800
766
766
756
688
640
656
658
642
714
824
804
802
700
770
744
698
776
788
810
798
692
692
640
682
664
656
760
782
734
704
674
682
670
704
788
786
782
796
726
662
704
686
642
590
624
632
568
584
636
638
682
506
774
642
708
504
502
610
708
620
722
754
796
856
736
808
704
760
752
514
780
696
714
694
664
644
700
712
730
756
776
782
516
600
716
718
668
690
696
620
818
538
680
666
624
606
632
610
628
638
656
660
636
640
648
664
662
674
690
672
730
732
606
550
808
748
710
750
752
762
744
766
736
748
682
714
700
710
748
758
732
670
668
702
714
606
882
724
736
766
758
742
694
688
696
654
678
668
670
698
678
666
690
674
764
614
616
718
696
606
798
668
614
672
662
698
726
708
728
708
608
790
694
736
764
760
744
752
698
682
694
652
620
612
626
636
672
718
718
754
772
834
642
936
742
744
764
772
750
748
746
752
712
722
708
842
774
694
696
700
706
738
712
668
726
726
738
704
682
782
758
772
692
708
726
666
660
670
680
672
628
660
638
684
656
658
668
724
742
678
644
676
682
666
746
700
678
700
666
726
734
690
728
606
948
818
762
796
742
728
764
756
784
684
756
658
666
734
766
802
820
822
786
672
856
746
760
716
666
716
754
780
816
760
706
752
778
778
742
676
722
714
646
662
662
700
692
734
834
838
784
782
558
704
656
762
582
718
734
782
696
702
686
690
912
690
754
790
606
880
732
752
746
754
742
712
726
732
788
724
612
668
640
664
718
728
736
584
808
692
724
744
730
710
652
818
682
712
704
718
724
768
842
752
784
748
770
794
744
596
746
632
752
682
722
700
728
760
770
752
718
762
774
750
754
726
770
782
792
740
678
712
752
760
736
744
750
796
740
740
690
752
764
748
720
668
712
736
746
706
676
906
696
638
632
660
698
748
738
752
788
764
800
790
710
700
778
762
744
790
732
694
752
718
764
684
686
722
760
768
762
694
674
722
770
854
878
874
812
828
800
798
778
748
680
686
744
738
780
760
792
738
786
742
738
742
754
702
702
630
640
680
728
756
804
806
864
878
850
784
522
610
832
764
806
826
836
828
740
786
784
600
642
722
788
818
798
724
720
762
740
682
642
642
650
668
666
666
706
674
654
648
686
692
726
738
766
730
764
776
786
758
716
754
762
776
784
750
762
762
810
724
726
764
780
772
802
786
802
814
752
746
712
732
736
736
702
728
808
832
846
786
736
788
776
804
696
668
660
654
654
704
768
780
732
688
734
702
670
694
706
782
772
722
664
690
730
744
738
706
646
686
676
726
676
680
624
690
738
736
686
676
690
670
652
700
704
742
724
678
666
644
684
682
680
718
678
672
686
686
650
702
692
720
704
692
702
720
736
740
718
638
662
682
684
762
744
694
730
788
816
832
756
660
692
752
736
674
674
696
776
762
696
674
730
720
724
692
668
688
702
772
730
688
746
756
752
728
682
728
738
732
688
684
728
756
760
784
726
736
746
728
742
686
724
740
718
656
714
726
728
666
712
734
744
736
664
722
716
698
690
660
702
658
664
644
672
692
712
770
764
784
740
776
786
772
722
754
744
830
816
782
756
752
750
810
800
782
694
746
732
738
706
706
706
792
798
776
706
754
766
756
704
692
740
716
686
618
626
652
656
688
638
688
674
674
700
620
642
644
690
708
694
656
680
690
684
642
668
594
640
630
624
618
740
666
746
780
810
768
776
776
772
786
762
712
728
720
782
712
710
722
788
780
738
750
764
796
716
688
740
738
744
700
738
782
744
740
744
762
750
754
734
762
748
754
650
702
700
696
658
744
762
816
732
752
750
730
766
710
746
768
762
750
746
768
774
760
730
736
738
684
696
674
766
786
750
682
686
722
710
672
652
664
662
702
646
640
634
640
640
658
654
726
744
780
806
822
822
780
736
774
758
768
762
712
716
700
698
760
810
846
810
778
786
784
760
664
680
674
708
804
826
812
810
738
708
756
760
786
726
726
798
818
786
726
722
758
776
722
756
748
806
784
736
738
766
756
700
654
690
706
740
698
724
742
776
790
770
720
728
728
720
696
712
646
648
678
672
742
698
734
778
796
780
730
764
764
758
720
696
718
746
746
736
678
728
696
672
676
700
720
716
726
760
814
768
704
706
756
744
756
756
694
770
782
788
760
732
776
772
782
724
724
752
760
788
734
746
778
766
706
712
722
798
780
720
772
762
800
744
728
730
670
656
674
664
694
782
866
868
792
782
818
804
724
728
746
770
794
776
822
766
712
712
710
770
734
710
754
762
702
728
732
710
720
762
746
704
752
774
748
796
690
698
716
732
808
748
696
790
784
740
738
716
748
714
670
642
602
590
648
700
738
752
780
798
804
796
834
780
758
750
810
782
784
740
720
676
688
654
712
698
702
730
762
770
748
792
718
706
748
738
754
752
710
714
736
744
722
680
690
718
754
796
774
738
752
762
774
756
712
706
722
742
758
756
774
746
756
756
726
682
694
722
724
730
680
740
782
782
834
786
740
754
752
758
744
710
720
734
806
814
800
786
802
764
746
762
784
774
762
786
784
504
572
800
744
768
758
796
770
782
780
708
686
700
660
682
650
702
730
782
836
906
882
832
820
788
758
774
740
696
760
770
780
722
728
762
844
852
806
728
752
774
766
716
738
746
754
712
672
652
662
694
708
718
690
654
722
692
752
718
716
786
770
702
744
744
750
740
746
690
714
704
708
712
688
694
738
782
768
798
772
798
802
796
742
736
766
756
760
722
756
704
712
692
672
750
752
734
766
790
800
800
746
666
720
720
760
800
816
780
794
780
778
680
720
732
748
758
714
702
722
680
644
726
740
766
720
698
788
766
782
752
744
758
734
748
784
734
798
836
800
754
702
748
722
724
702
724
682
706
726
750
744
706
748
774
762
752
700
690
738
758
750
778
752
786
808
800
778
756
776
762
762
792
720
736
754
778
748
702
708
746
760
754
698
726
742
740
692
672
670
702
726
716
748
832
800
748
624
736
714
756
794
738
748
722
750
764
858
826
712
698
696
694
724
702
706
718
830
852
814
748
772
800
824
834
792
800
778
770
704
726
714
724
788
800
774
726
636
920
792
774
716
776
760
752
752
692
710
730
786
716
736
760
780
750
712
718
718
702
632
666
646
642
630
706
722
726
772
724
682
696
730
728
772
746
728
676
634
698
696
708
752
776
794
766
764
760
812
764
734
718
788
774
738
722
776
784
718
754
694
692
774
752
688
732
744
766
796
750
750
708
776
768
756
712
772
788
782
714
692
730
754
774
722
766
776
590
926
704
738
732
796
746
758
786
802
792
752
766
760
766
680
766
764
752
700
736
730
774
530
638
716
766
764
736
704
544
666
650
670
692
694
732
764
730
764
702
512
560
680
668
736
758
810
874
874
804
780
820
816
808
790
762
712
714
730
730
796
736
718
768
748
788
684
658
710
712
694
660
660
666
680
668
642
658
740
754
790
766
684
722
706
696
676
638
632
668
702
800
772
802
870
842
808
754
806
796
766
804
750
730
756
764
728
738
736
816
838
816
770
786
778
796
774
744
804
766
774
688
690
696
776
746
710
746
738
724
674
728
742
760
740
706
740
738
788
734
720
802
798
792
720
762
766
768
732
742
724
728
794
746
672
682
696
842
672
702
766
712
674
664
712
692
694
708
732
790
766
692
666
686
706
688
680
716
760
790
786
726
736
768
792
776
718
756
760
768
744
690
746
752
732
656
638
630
628
622
838
892
878
918
890
858
820
790
764
746
748
760
754
776
774
784
768
776
732
702
684
730
714
688
670
692
720
744
770
776
744
680
674
734
728
746
772
812
826
844
802
738
718
732
724
686
718
702
744
778
788
714
714
720
788
778
724
696
700
744
690
700
750
768
730
714
764
782
782
746
688
704
730
744
722
738
706
740
762
762
702
706
740
748
732
714
734
752
766
762
704
706
728
736
716
718
770
794
788
728
734
768
744
690
690
692
750
716
674
674
668
682
680
634
630
648
678
744
776
778
696
716
740
742
760
694
688
696
698
748
706
696
728
734
704
736
768
762
782
678
708
710
720
784
746
712
756
778
788
724
662
626
666
650
636
744
770
826
802
788
754
766
808
780
714
718
736
754
740
724
664
678
650
710
720
742
774
790
754
690
680
690
676
656
662
630
698
700
690
680
694
668
720
674
724
736
744
736
746
720
694
674
684
676
726
714
718
702
744
712
696
714
728
724
684
672
660
656
686
678
680
712
710
698
712
706
704
694
694
684
684
684
716
732
730
676
648
716
764
786
800
718
698
708
778
774
734
676
730
734
726
732
688
714
748
774
800
760
746
770
758
752
694
754
760
794
808
738
704
752
784
782
802
696
718
740
730
742
670
714
746
768
774
778
712
750
772
780
736
714
784
786
792
748
682
760
758
758
710
680
674
726
716
776
736
766
770
800
786
782
770
800
760
774
726
750
766
766
754
724
726
814
810
786
766
790
798
760
682
674
734
680
674
626
694
706
686
712
726
752
758
746
698
650
684
688
688
656
634
668
710
748
724
724
758
776
744
696
692
760
764
746
716
728
730
784
746
694
734
750
772
718
702
748
738
702
664
668
734
744
718
688
718
726
754
746
692
724
738
662
728
752
764
728
702
652
658
668
766
788
824
808
842
760
752
752
792
816
778
720
726
774
828
816
700
780
744
766
822
768
724
726
774
782
722
740
632
792
730
750
754
784
702
772
718
692
718
720
700
700
644
644
682
688
656
698
694
732
782
730
728
754
764
712
698
710
728
696
652
748
750
742
776
732
752
732
712
720
780
690
644
652
686
662
614
674
652
658
724
758
774
766
778
658
704
588
668
684
664
694
654
656
602
616
574
556
598
558
562
556
534
650
528
570
510
648
710
520
554
590
602
674
666
774
726
714
680
664
676
666
694
694
676
642
672
690
666
644
672
684
684
648
712
726
744
686
616
652
614
660
602
670
652
702
636
784
852
600
808
788
846
848
856
790
848
828
756
848
832
868
836
862
884
892
868
786
632
682
648
796
798
722
804
826
756
822
866
852
754
768
802
868
810
742
808
834
836
790
816
886
858
800
834
876
872
824
844
838
914
842
834
830
774
724
712
704
702
790
828
778
754
768
850
798
778
818
844
840
738
736
734
694
676
734
800
810
808
884
876
804
572
702
806
866
790
778
866
882
848
534
664
696
686
702
694
668
732
812
858
894
894
896
918
748
1022
894
836
842
850
858
798
812
834
868
670
1050
886
536
816
768
824
784
848
884
848
852
848
846
790
734
750
790
738
662
722
658
844
754
736
648
684
662
624
628
630
728
606
600
664
752
818
824
798
736
690
724
700
802
894
890
870
876
820
820
832
822
734
704
730
740
754
782
916
916
826
806
538
624
798
734
704
728
750
764
688
720
710
754
810
556
712
754
764
792
794
770
754
738
744
704
724
690
744
732
704
762
818
878
892
816
864
858
826
762
762
764
750
784
816
832
860
804
790
822
842
764
822
820
812
782
728
800
768
724
732
794
818
806
740
772
852
762
946
764
814
670
830
778
812
766
770
796
866
804
724
778
742
700
672
668
686
652
724
790
902
566
638
810
844
908
812
778
852
832
770
734
752
878
898
868
886
896
914
926
868
860
840
790
736
816
828
870
800
728
906
824
812
814
886
880
786
804
780
772
600
890
806
846
796
770
830
862
782
750
836
820
722
734
754
808
794
792
806
822
784
758
724
752
790
710
702
736
750
724
690
# end time: 2014-03-23-00:59:46, 1395550786.52
