# R wave intervals in milliseconds per line
# start time: 2014-03-25-09:46:07, 1395755167.24
532
730
746
764
814
764
800
816
798
748
718
722
730
702
686
686
702
688
664
680
724
780
826
790
758
672
668
634
728
876
916
930
916
884
852
782
734
698
668
716
750
902
886
920
838
832
888
914
952
936
950
878
834
868
900
900
840
822
876
882
938
852
736
754
744
820
794
770
730
768
834
832
772
734
742
748
736
704
680
780
760
706
714
720
710
702
820
844
832
796
842
840
900
862
798
786
818
814
754
768
862
944
904
726
766
776
810
772
694
774
784
892
916
866
768
760
836
866
848
770
792
828
890
886
858
814
880
860
824
780
784
774
792
766
846
930
1014
1008
906
846
870
898
864
760
838
856
872
826
794
774
884
878
804
770
804
822
806
760
754
798
842
858
798
836
858
856
872
744
744
738
814
834
830
768
736
796
830
744
794
824
780
776
802
832
804
798
720
744
764
706
730
734
738
746
802
800
778
762
796
846
820
750
770
830
892
848
796
814
842
838
790
776
812
876
816
764
860
900
862
786
802
# end time: 2014-03-25-09:49:12, 1395755352.88
