# R wave intervals in milliseconds per line
# start time: 2014-03-16-20:46:42, 1395017202.76
592
630
664
708
788
822
846
856
842
744
668
722
716
760
714
678
726
756
778
714
728
778
776
800
708
746
792
802
806
744
734
726
754
788
758
706
732
736
686
702
750
798
816
812
818
762
720
754
790
822
798
748
808
798
762
750
794
810
826
770
804
844
828
724
684
710
756
794
818
740
710
750
768
776
690
704
734
752
710
710
710
746
770
782
754
740
756
730
690
652
710
696
690
702
758
794
798
790
722
748
744
748
758
716
730
770
800
818
798
814
828
824
816
776
708
724
744
776
812
780
690
686
730
774
822
856
840
798
824
828
834
816
766
808
814
828
810
760
806
818
814
844
776
820
836
834
764
748
784
780
708
678
670
676
702
686
658
650
692
738
762
686
674
764
756
776
784
736
790
804
776
768
792
800
782
720
754
812
862
872
912
872
884
890
858
844
804
828
824
784
750
804
786
762
758
822
862
848
794
784
852
814
760
736
774
762
796
714
746
786
782
722
788
846
864
790
784
832
822
762
762
796
804
786
732
772
812
814
772
814
850
848
770
798
802
738
684
734
790
826
796
822
828
848
836
780
740
776
790
804
766
790
822
830
802
782
796
800
754
702
758
790
794
738
786
824
826
758
732
776
780
724
682
748
798
870
820
828
834
784
710
742
762
744
710
748
770
760
696
742
762
770
748
740
810
834
830
824
834
824
744
764
768
842
764
776
828
820
758
826
852
850
814
804
812
806
750
718
682
752
798
804
840
854
850
790
782
804
792
760
724
780
842
844
874
816
874
868
856
794
812
822
844
802
766
824
832
800
744
804
840
826
790
854
878
878
798
806
814
810
752
800
836
866
886
840
814
846
844
846
806
778
814
806
740
772
834
864
860
804
832
806
828
732
752
752
730
666
686
698
678
676
620
678
672
696
720
692
728
758
776
742
702
730
742
756
758
696
662
714
754
796
822
792
724
714
776
710
680
712
736
746
748
778
780
770
720
714
720
726
738
740
702
678
696
684
660
666
710
760
790
764
756
782
786
784
732
734
758
770
746
706
750
824
806
792
718
778
774
772
762
770
728
756
772
782
732
730
770
788
770
730
770
790
798
744
718
744
758
754
700
726
764
792
786
730
768
786
784
764
700
702
724
748
770
776
748
794
792
748
666
664
724
752
764
728
674
670
638
656
668
708
740
766
774
730
704
720
736
754
744
714
768
828
864
870
846
872
888
878
848
786
802
798
792
742
792
828
834
780
804
846
838
794
712
748
778
792
854
776
778
800
806
770
738
768
784
742
746
794
814
794
742
774
788
788
750
780
812
834
802
806
836
836
806
780
804
790
790
778
810
824
804
740
782
798
810
778
760
800
802
796
748
780
794
798
764
736
764
772
762
722
756
802
824
790
774
810
814
758
740
768
790
782
754
794
748
712
706
728
706
718
768
786
796
738
732
770
792
818
736
768
802
788
752
816
834
830
764
738
772
770
742
704
770
820
838
812
800
822
814
790
734
768
810
820
792
736
760
766
772
726
746
774
790
764
758
788
784
770
756
792
808
768
734
778
808
818
770
750
780
780
768
714
740
764
782
752
762
788
780
704
690
718
730
724
698
716
762
748
688
690
726
740
748
714
722
784
796
738
688
762
738
696
664
720
756
778
754
736
764
780
758
702
718
744
764
738
754
784
782
750
708
736
754
708
672
696
734
758
796
748
834
710
704
710
790
772
788
786
766
682
684
710
692
660
668
680
758
774
740
698
802
802
802
794
780
680
698
694
752
726
756
748
716
766
808
834
826
734
702
692
750
738
736
778
814
788
722
758
788
800
824
812
758
720
740
720
782
830
866
886
822
844
922
894
850
836
864
860
838
820
746
786
870
860
822
804
826
834
808
774
830
868
890
870
816
868
868
858
766
702
714
716
696
626
634
618
564
714
790
816
822
814
798
776
782
786
778
758
762
752
746
732
694
674
668
682
694
708
710
712
750
772
794
792
738
708
706
702
798
778
736
682
668
666
686
724
760
804
820
886
862
860
846
808
760
754
754
780
792
778
866
872
774
758
784
790
730
748
794
826
774
736
776
730
768
772
734
792
830
844
818
758
798
822
836
822
740
792
832
846
806
760
820
830
812
798
758
806
822
788
772
816
848
844
820
864
854
836
760
776
798
820
776
736
770
788
752
696
752
798
834
778
832
848
838
758
728
736
716
650
630
652
648
656
682
720
772
778
770
716
748
818
784
764
688
680
686
694
772
764
764
688
676
676
692
728
762
752
678
706
728
746
730
678
664
656
652
680
696
700
686
664
632
644
620
616
624
650
684
704
670
704
728
726
720
666
662
674
688
718
684
744
804
842
846
778
730
694
718
752
770
770
748
682
704
708
726
728
706
702
724
728
734
712
678
710
736
750
712
674
650
682
670
706
744
752
736
750
760
754
746
704
640
640
660
638
622
630
678
734
774
752
724
752
764
776
768
730
666
676
682
686
750
790
806
768
702
708
728
772
774
832
766
704
758
750
718
678
706
674
744
800
828
840
820
784
802
796
758
722
766
774
800
812
790
776
808
812
812
776
738
788
806
778
728
786
814
862
786
710
730
806
712
680
662
714
764
762
736
796
830
826
802
712
740
746
768
754
712
748
834
834
798
756
810
806
808
754
726
756
788
800
764
750
764
798
786
756
804
840
858
812
762
816
834
846
836
772
776
792
722
768
756
712
726
756
800
754
746
770
784
784
738
698
802
832
842
836
770
826
840
840
818
772
804
816
812
758
770
804
820
772
760
814
840
850
830
798
836
840
848
778
770
804
818
822
770
804
834
746
664
704
696
674
626
602
614
552
580
578
576
558
574
556
594
514
568
570
560
536
550
540
536
538
542
550
552
594
632
670
700
722
720
698
668
648
688
694
704
732
742
750
726
714
682
660
624
684
674
762
868
872
872
842
838
830
796
790
768
776
700
708
686
718
766
802
808
848
852
832
782
792
792
756
740
776
826
874
842
816
822
832
856
836
840
846
836
814
818
850
860
846
836
834
860
868
830
866
846
868
854
862
884
874
860
844
852
830
840
826
846
842
834
850
852
868
780
786
814
838
846
820
832
824
782
784
796
810
794
756
762
768
782
748
780
800
822
830
822
842
830
806
834
816
834
804
814
882
848
802
814
802
824
786
802
836
860
858
880
870
842
806
812
814
782
780
776
782
788
768
806
854
830
864
900
902
868
812
824
838
774
732
748
766
764
786
832
844
800
824
856
854
784
784
742
698
718
732
736
810
848
874
824
840
860
854
812
826
796
768
770
812
822
822
800
868
788
740
654
668
714
736
780
826
788
808
846
886
878
872
872
856
820
812
848
846
834
846
862
856
796
816
828
828
824
842
874
884
838
800
820
844
808
790
820
820
854
814
852
864
846
842
868
826
754
756
788
786
768
830
878
846
848
878
790
712
758
694
670
704
694
688
758
770
802
748
686
702
730
752
774
766
760
704
678
662
660
680
736
764
784
718
760
778
796
828
786
712
700
716
754
802
798
778
834
798
760
802
812
786
714
732
766
790
800
768
752
694
718
734
714
728
810
848
810
732
708
724
806
806
766
842
868
894
876
864
872
884
854
794
770
826
842
854
840
780
798
824
834
812
836
840
854
746
682
658
654
752
852
906
896
870
880
872
834
768
764
856
858
870
844
848
896
888
820
884
860
888
810
826
830
878
802
816
894
882
852
826
882
866
844
844
884
878
802
714
748
780
836
818
738
764
800
812
740
752
806
830
780
788
824
842
830
728
720
786
810
812
752
686
698
672
744
696
688
728
796
834
852
804
826
818
778
746
762
794
796
764
800
846
860
836
842
870
854
780
762
828
840
812
784
830
832
796
764
776
778
724
702
802
926
932
860
860
844
738
752
780
842
826
762
750
742
696
676
632
670
640
656
728
788
780
764
748
750
758
762
768
746
728
774
832
842
806
778
790
736
702
700
712
714
700
728
746
810
774
766
804
752
804
828
826
816
758
656
668
646
648
724
806
856
854
882
916
936
932
916
872
878
874
804
776
700
758
894
936
900
908
920
908
822
836
838
810
754
750
800
806
822
778
810
810
808
796
818
846
824
844
828
842
830
772
774
796
792
790
848
874
854
778
802
818
828
784
780
824
844
854
774
704
700
712
776
840
854
888
908
906
832
752
712
710
746
788
738
734
680
730
766
774
728
706
696
664
630
680
680
732
774
800
774
694
674
670
686
710
742
830
864
832
856
744
686
678
662
662
672
692
712
750
740
810
876
872
864
810
764
746
752
776
780
788
786
760
762
790
810
794
818
832
834
820
766
768
758
728
686
648
644
712
830
902
864
810
844
834
810
746
764
796
816
772
782
812
826
828
792
788
804
784
760
802
836
820
706
696
656
648
638
654
672
690
690
736
768
754
710
728
724
726
718
722
692
656
638
658
678
728
746
720
698
714
724
722
780
822
812
794
742
708
690
702
708
734
750
736
738
768
760
748
704
666
650
632
628
624
636
690
740
752
730
730
724
702
688
664
664
682
732
786
804
764
734
718
688
704
680
710
748
738
728
754
784
# end time: 2014-03-16-21:12:30, 1395018750.33
