# R wave intervals in milliseconds per line
# start time: 2014-03-31-11:27:17, 1396279637.3
738
588
902
568
816
700
786
732
682
1322
794
664
690
634
720
746
830
834
788
748
734
782
800
798
752
720
698
782
784
784
718
818
812
804
768
750
786
844
854
866
864
804
794
784
756
796
736
748
850
900
884
766
766
790
812
766
718
764
812
828
822
794
836
882
866
780
786
778
804
790
754
724
754
782
818
780
804
830
800
700
702
682
704
750
720
742
796
794
860
790
766
844
842
810
766
750
756
832
800
744
712
766
782
800
792
760
780
804
834
816
776
758
740
718
726
746
830
770
802
856
826
866
736
778
772
790
764
766
788
820
844
760
726
762
800
782
802
742
780
798
882
830
774
794
802
772
746
742
768
804
868
872
878
768
766
792
808
890
862
798
774
758
800
722
734
710
750
800
800
782
808
866
830
762
754
782
776
826
776
736
772
798
850
780
704
694
740
748
768
752
700
780
798
822
782
786
780
812
806
770
748
718
732
814
816
770
826
820
772
744
766
788
798
736
786
800
812
738
728
710
676
736
678
742
782
838
792
714
718
712
774
770
736
758
818
800
770
748
832
838
784
778
762
794
848
850
780
746
740
798
770
818
722
768
796
814
786
686
760
706
686
764
766
864
804
780
830
822
876
802
708
764
754
758
754
716
744
694
740
672
616
650
660
672
722
678
760
756
728
738
802
786
820
776
738
744
790
770
842
796
726
778
780
770
738
732
698
688
678
728
634
680
646
730
728
682
632
662
694
714
740
746
768
648
718
702
748
714
682
736
720
732
748
778
778
832
820
742
798
734
764
736
788
768
758
794
764
766
708
706
768
720
758
704
734
744
724
780
748
684
726
708
698
674
680
740
682
742
758
762
816
768
716
736
712
786
668
702
724
756
748
786
710
714
762
800
826
818
750
708
768
742
792
744
774
866
920
936
928
872
854
842
838
802
750
752
752
820
830
828
780
786
824
876
852
782
746
766
788
766
734
766
848
860
822
810
760
820
800
810
768
760
784
838
834
766
792
802
826
796
784
752
764
828
788
720
768
774
814
826
778
722
740
774
782
724
712
740
726
670
630
696
702
680
702
690
716
750
782
752
800
814
814
766
720
718
744
716
674
694
750
740
726
740
732
816
818
796
734
720
782
768
746
720
736
792
768
728
662
706
738
798
832
784
742
746
828
816
776
700
790
790
830
792
702
758
746
710
680
676
762
828
824
730
814
834
848
788
710
794
804
832
804
752
840
842
850
796
750
776
776
842
754
752
754
788
800
818
830
810
774
778
834
796
736
740
724
800
806
744
700
726
716
730
762
742
804
744
720
710
726
728
750
734
784
740
762
800
758
724
676
728
714
784
746
750
784
796
822
728
722
808
840
854
770
700
712
766
750
710
724
748
834
846
810
744
814
802
804
758
690
772
746
782
722
762
786
800
782
732
752
750
790
776
786
756
752
722
736
746
760
712
734
710
750
714
706
730
768
802
742
790
804
796
818
770
792
722
676
672
732
766
780
772
734
824
836
848
818
748
762
744
802
764
726
740
776
770
770
680
734
720
712
748
654
700
728
752
720
764
744
726
770
740
730
750
766
780
760
790
730
720
774
768
756
706
700
768
764
818
728
752
754
768
764
782
728
736
794
758
816
732
710
738
752
748
810
762
710
734
718
792
756
712
738
774
792
804
758
786
798
802
760
712
740
750
758
710
734
752
768
766
712
712
710
700
730
684
692
770
778
732
744
762
796
810
782
718
780
784
778
738
696
700
748
742
730
704
732
766
722
682
634
720
748
778
758
740
684
716
716
782
796
728
740
732
798
764
782
738
774
784
794
752
758
738
730
798
784
716
742
750
774
796
758
694
750
766
796
760
750
750
786
810
788
732
802
806
806
742
738
720
696
714
646
648
662
742
772
800
728
706
696
764
756
716
720
750
766
790
802
764
768
772
798
804
814
814
766
692
678
742
726
806
772
788
780
800
772
784
752
764
762
754
704
680
742
758
764
738
682
708
700
740
732
684
700
680
696
698
696
660
716
724
742
790
710
720
702
696
760
740
682
694
640
674
688
712
724
680
734
728
706
738
678
676
702
726
746
778
736
752
774
776
768
716
762
760
744
796
742
710
772
758
716
720
678
704
718
700
712
674
700
678
722
654
668
670
700
726
718
668
704
700
700
716
706
680
698
708
724
738
712
700
732
704
662
680
678
684
762
764
720
678
740
730
732
702
672
680
738
726
764
758
710
756
716
752
710
660
608
618
714
800
904
888
862
844
810
824
802
792
758
736
718
650
666
674
686
708
756
772
742
722
742
742
736
728
732
740
716
696
684
672
722
708
694
710
720
730
722
694
702
692
730
694
666
676
688
754
746
740
694
684
704
698
750
710
664
666
722
720
700
656
652
674
688
702
646
702
668
684
744
692
670
696
706
680
746
684
686
744
732
704
674
680
684
684
738
698
678
742
734
728
686
706
708
702
646
668
650
628
658
636
626
702
724
696
732
710
692
738
708
668
658
664
680
690
712
754
758
804
774
764
740
754
728
710
748
704
718
756
776
768
790
776
796
800
766
684
738
750
786
788
736
752
838
834
792
692
708
708
726
686
654
670
650
734
740
710
702
690
704
690
714
702
714
816
820
734
702
746
748
746
738
792
752
744
684
710
728
692
760
660
810
840
746
790
790
818
804
796
784
754
742
724
754
714
752
718
746
774
772
834
792
826
788
764
720
734
732
744
690
762
770
804
778
770
762
774
768
760
722
716
700
746
792
848
862
826
740
786
782
788
774
720
752
786
814
820
824
742
748
766
752
816
740
680
740
724
732
760
728
664
698
706
730
700
752
770
796
794
728
716
698
736
770
758
782
746
738
738
800
776
748
764
754
804
748
768
766
800
810
816
744
748
742
758
746
784
688
730
732
750
744
784
738
774
768
784
746
688
750
752
746
696
736
750
786
798
754
714
792
796
762
772
678
686
680
676
712
762
724
838
870
858
736
750
722
756
708
732
722
814
840
794
748
786
784
842
758
690
756
778
792
802
748
782
802
786
788
740
758
776
748
728
756
798
804
750
726
724
794
802
764
706
770
744
770
696
706
668
716
730
720
682
702
746
756
736
698
696
708
708
714
668
680
706
696
784
712
660
638
690
# end time: 2014-03-31-11:44:39, 1396280679.53
