# R wave intervals in milliseconds per line
# start time: 2014-06-26-14:40:32, 1403808032.77
600
584
644
648
666
696
684
676
664
628
598
638
634
724
684
694
778
768
760
656
734
716
720
712
714
672
704
678
718
696
654
632
668
670
612
634
586
596
620
654
682
692
756
678
684
702
694
672
638
654
656
652
648
634
638
628
666
634
652
682
650
650
666
680
616
606
622
628
632
650
678
650
638
650
668
694
708
712
640
690
682
696
706
694
622
652
666
706
744
746
664
674
702
664
688
620
622
634
664
698
738
716
686
730
722
698
650
610
640
638
614
608
670
640
632
660
666
656
648
670
662
650
502
566
556
604
554
584
596
596
572
578
588
574
626
678
638
630
618
622
600
600
628
642
654
680
696
672
626
654
668
642
688
642
604
584
610
608
630
638
622
614
664
714
746
706
648
680
688
660
692
630
606
608
654
644
620
596
634
660
674
636
604
640
636
634
634
586
632
656
660
650
622
654
674
682
666
624
666
676
676
630
652
654
670
652
634
652
674
678
674
638
594
580
594
596
600
614
650
698
662
628
652
638
676
608
590
614
614
628
626
634
664
682
686
696
650
654
656
658
654
644
622
646
684
708
708
768
684
668
700
696
694
658
614
644
636
638
612
602
602
630
636
648
650
634
598
602
598
620
634
646
620
612
622
650
650
646
652
636
630
682
664
642
628
682
664
642
610
636
662
686
682
624
608
654
648
668
682
650
634
600
614
602
610
640
666
690
674
648
668
654
646
638
684
732
780
706
744
714
740
718
678
660
678
646
642
614
680
650
646
654
682
652
652
714
682
632
600
588
616
630
766
808
862
802
814
818
762
734
686
718
744
736
684
712
738
778
774
768
716
764
734
668
664
654
646
702
716
700
680
722
714
686
646
650
668
684
700
678
626
662
684
684
686
660
642
662
652
634
612
634
664
652
622
600
600
580
596
784
820
814
788
770
732
698
668
696
656
628
662
644
680
682
696
710
714
712
688
684
680
668
632
680
650
638
634
646
642
626
666
610
594
596
614
620
648
666
650
640
650
662
650
634
602
630
636
652
678
652
640
672
674
668
646
624
660
648
638
610
606
664
664
650
648
660
748
690
646
714
674
628
602
614
636
646
656
662
650
636
598
604
634
628
624
646
716
724
752
772
762
726
734
650
668
666
618
596
582
584
600
626
630
652
680
734
766
772
680
728
706
716
714
716
716
706
682
682
670
678
652
620
612
622
616
678
720
748
718
670
716
714
720
696
694
618
674
622
632
602
580
638
646
672
612
664
666
676
676
670
628
696
684
698
670
656
664
732
702
664
656
664
730
672
662
684
698
694
662
658
670
684
684
654
644
704
700
718
666
682
702
694
700
658
650
726
710
676
672
712
708
678
636
648
670
664
730
652
668
684
682
664
624
662
652
658
662
698
642
644
698
648
622
658
656
632
636
666
704
726
698
686
686
672
624
656
634
660
668
672
662
650
680
672
660
622
654
692
702
692
680
750
728
684
666
676
662
670
642
636
660
672
670
646
684
698
732
710
694
766
732
720
664
682
668
634
602
618
630
636
634
610
590
616
648
632
634
666
668
680
656
662
668
696
700
702
670
632
700
686
664
722
644
696
690
696
702
650
678
702
716
678
692
718
718
730
672
664
744
720
654
660
684
714
738
700
672
692
688
668
646
698
684
668
636
664
680
670
634
680
690
712
718
676
676
664
718
660
612
624
654
666
666
650
662
670
652
666
688
634
678
648
658
612
682
664
636
602
632
648
652
670
632
630
686
762
788
798
816
718
748
714
686
684
636
664
732
740
726
652
652
650
644
652
688
728
716
656
664
686
718
714
762
638
650
696
702
666
664
688
694
670
618
684
646
598
618
620
784
636
600
664
632
622
628
632
620
636
680
722
762
762
754
764
732
718
700
686
668
644
620
636
646
634
632
632
638
662
686
700
712
708
696
676
676
616
680
652
650
668
658
622
618
618
632
618
668
598
632
618
646
668
682
666
634
670
680
692
646
632
648
670
668
682
696
686
684
620
652
652
662
666
642
654
688
736
774
758
764
706
704
660
682
656
682
694
700
656
648
732
736
766
716
718
716
710
646
614
672
692
718
696
688
682
764
676
624
650
656
660
654
632
654
676
700
720
664
652
654
666
660
620
632
654
680
702
714
668
692
694
694
654
612
654
696
652
566
584
614
600
614
686
664
618
648
650
640
608
620
608
644
638
614
616
618
650
680
704
716
668
648
668
652
648
620
582
634
662
694
720
702
652
648
704
668
712
654
648
662
656
658
636
634
666
688
730
730
688
646
684
686
698
674
630
718
732
734
730
732
748
738
682
636
662
676
694
682
636
686
714
728
674
666
662
680
652
632
654
678
694
674
636
684
710
720
670
682
698
702
670
652
678
692
696
664
670
648
712
688
648
636
680
690
718
648
706
676
734
702
678
688
700
702
680
650
672
664
712
654
630
684
676
624
606
544
568
624
692
670
670
688
672
654
642
610
648
628
610
610
586
570
612
604
620
652
656
720
694
660
632
682
670
670
662
676
650
624
632
652
666
656
600
628
606
610
634
652
658
622
628
652
654
650
634
612
634
642
666
656
624
612
614
628
642
650
616
590
598
580
628
580
580
610
646
672
690
650
650
660
660
614
680
674
680
696
658
630
770
750
730
732
712
676
624
688
626
640
662
686
646
622
618
626
622
630
640
682
706
680
632
696
686
682
640
614
604
604
604
638
672
668
662
682
702
680
620
646
656
672
628
646
606
648
670
672
626
682
700
708
694
648
650
680
702
684
650
666
704
716
696
710
678
700
634
666
684
636
666
724
708
698
664
676
680
600
604
616
600
618
604
600
620
666
708
642
710
724
698
668
702
720
714
698
652
686
694
686
616
590
602
628
686
700
662
714
736
814
844
826
834
690
746
724
718
704
684
652
654
706
742
678
710
730
718
680
648
676
684
672
674
662
736
716
684
688
620
638
652
668
700
682
664
708
728
708
640
696
658
726
660
664
698
708
658
684
672
712
712
660
632
654
674
684
652
684
720
718
728
634
672
632
618
596
590
604
652
742
782
712
726
678
734
700
638
646
678
696
690
676
608
636
648
654
662
636
650
694
710
680
698
714
742
766
734
646
714
726
712
680
636
680
706
708
700
626
632
658
688
718
722
666
670
698
710
704
656
598
676
680
694
666
684
730
736
734
676
690
700
714
658
660
698
694
646
688
658
746
690
668
676
684
632
646
676
694
688
644
636
702
748
764
718
638
616
618
646
648
638
682
720
726
670
652
682
654
646
682
700
682
668
716
752
724
678
670
632
602
614
590
572
596
650
736
772
780
702
700
690
732
710
638
604
658
620
610
660
640
666
688
666
670
660
718
652
648
638
614
580
600
600
594
604
572
566
576
572
566
564
578
528
584
564
568
600
578
586
616
652
682
636
628
658
672
680
632
628
680
718
708
680
734
754
696
658
708
714
712
652
658
662
682
676
646
726
752
762
694
774
752
714
636
652
672
648
620
646
668
680
684
736
780
812
794
680
812
784
752
818
528
670
684
646
700
688
710
718
734
752
750
718
714
716
686
682
682
652
596
580
620
650
682
700
700
756
778
702
730
736
666
636
622
674
702
736
738
742
718
684
712
720
690
630
732
730
716
636
616
702
732
752
734
666
650
728
710
710
668
684
716
720
712
686
754
776
732
664
720
688
686
646
598
640
674
770
720
686
680
770
700
736
748
778
764
720
670
698
708
680
698
648
684
706
686
644
722
708
750
652
678
682
676
682
650
666
682
688
700
652
676
694
694
632
638
648
660
708
708
700
738
756
746
662
672
692
688
684
668
600
682
684
662
624
614
632
638
662
700
692
660
694
724
734
714
676
610
642
640
664
698
738
744
698
744
768
762
716
672
716
682
748
698
636
684
702
690
656
608
640
666
682
688
642
698
710
714
682
628
676
666
674
616
640
672
720
762
750
686
680
704
716
702
652
632
616
604
598
576
616
858
832
804
776
800
710
688
696
672
686
638
694
700
670
634
600
600
600
608
592
590
578
600
612
612
614
654
610
634
630
620
598
594
618
632
656
636
626
636
614
612
642
644
636
652
718
730
752
704
636
626
684
698
700
706
722
674
648
700
704
676
644
632
700
708
670
676
710
718
670
696
738
750
694
676
718
740
740
654
742
730
732
672
638
678
680
648
616
642
694
732
722
678
716
734
736
688
664
674
646
610
650
672
674
632
654
688
730
750
704
648
726
700
656
626
648
672
686
712
728
672
654
682
680
686
654
604
662
684
708
702
704
748
754
696
714
702
714
708
628
696
704
712
682
616
644
660
666
598
628
636
636
632
602
600
614
624
628
628
590
564
628
602
614
622
602
646
676
664
740
668
684
706
698
726
666
682
688
698
666
618
634
618
680
666
652
700
732
752
744
754
730
748
754
684
654
694
690
696
786
698
776
762
744
696
768
716
682
668
696
690
664
678
724
750
752
746
700
752
728
666
656
682
672
660
616
602
622
602
670
716
718
700
744
724
792
722
702
716
714
716
674
698
704
640
622
584
660
646
658
682
718
700
634
698
684
670
630
652
646
666
688
714
730
716
638
668
666
652
596
630
636
660
694
680
726
744
742
686
700
716
706
648
674
636
652
650
632
648
694
758
798
836
780
770
766
814
720
700
680
744
686
698
740
768
764
762
722
750
724
734
672
698
738
764
770
742
700
720
732
750
734
682
712
736
756
768
710
772
730
764
682
692
664
678
638
634
604
628
598
664
652
694
686
690
646
678
686
684
680
626
624
674
678
656
664
716
762
758
664
706
674
686
720
728
652
732
734
718
650
660
674
710
706
744
770
768
718
700
750
716
630
600
586
564
630
820
880
820
824
796
780
668
586
616
584
564
582
566
582
666
636
690
780
798
772
762
788
780
696
702
684
670
634
658
608
636
626
596
596
590
674
718
750
764
734
694
672
648
632
616
636
682
670
636
680
704
734
698
682
702
700
670
614
686
702
726
688
716
752
764
712
686
708
710
650
634
636
658
700
760
810
826
794
790
744
766
774
606
708
734
748
756
712
718
686
710
706
642
712
708
718
700
714
730
716
642
700
698
730
702
686
728
718
678
690
748
738
742
682
724
718
734
736
662
650
670
680
702
670
730
750
752
706
698
778
748
722
698
718
732
726
662
718
698
622
530
616
626
640
660
608
614
632
624
620
612
598
620
564
608
606
618
604
608
638
652
680
656
662
702
688
682
696
668
686
688
666
598
648
666
656
648
670
646
682
686
676
636
652
666
666
648
634
664
690
650
684
698
706
682
642
660
672
670
628
608
688
696
672
648
682
692
694
650
630
636
622
622
626
654
642
650
690
714
732
682
666
704
716
704
662
712
736
790
664
764
764
776
694
750
736
738
694
648
684
706
722
708
684
734
764
782
736
744
742
744
692
646
704
734
728
684
750
780
784
718
704
732
702
682
644
668
670
698
666
638
720
712
760
676
678
692
696
666
632
634
648
652
630
608
660
686
684
646
688
718
718
702
660
666
674
680
650
634
668
686
684
646
634
672
644
694
626
648
654
664
652
618
624
654
676
658
620
652
682
686
632
652
652
644
634
616
644
670
684
668
654
690
676
752
702
676
636
630
638
690
714
682
718
716
754
674
688
668
644
656
634
632
582
604
614
618
648
672
712
732
702
702
666
702
682
682
688
676
656
682
736
782
772
776
834
770
682
746
704
700
642
626
654
696
708
646
660
670
698
670
626
690
678
706
614
634
628
650
668
644
662
712
740
762
736
746
754
754
660
716
730
758
746
754
728
788
778
722
752
780
748
752
780
708
652
692
686
690
658
618
668
688
678
648
648
704
716
706
644
704
660
690
630
618
622
644
702
732
750
778
772
688
676
720
684
620
576
656
618
644
580
572
582
600
616
602
582
648
634
596
634
620
600
600
594
592
612
638
662
688
652
650
580
618
628
652
714
674
730
720
762
676
656
688
728
782
742
748
764
798
702
616
618
658
674
686
666
668
726
718
720
670
726
750
752
776
668
688
696
690
714
664
# end time: 2014-06-26-15:10:30, 1403809830.37
