# R wave intervals in milliseconds per line
# start time: 2014-03-10-16:17:46, 1394482666.96
596
636
652
646
634
618
648
632
640
574
576
566
644
656
664
692
628
616
570
670
662
594
690
766
754
646
650
682
700
752
636
684
764
834
752
702
814
820
696
784
786
750
766
668
754
830
768
714
732
816
858
784
614
788
618
624
572
548
828
754
718
716
618
768
796
788
800
874
846
648
754
760
742
822
768
850
900
898
902
934
950
948
936
934
586
746
936
858
910
884
836
900
918
878
870
558
922
824
906
902
798
826
798
514
542
634
610
620
600
820
854
856
822
884
678
786
682
884
902
878
836
848
674
710
754
760
808
880
872
856
822
894
868
886
914
902
884
914
906
862
838
862
836
826
858
892
910
944
942
916
880
934
926
956
844
864
910
896
808
754
706
738
846
938
960
958
918
926
922
868
782
780
854
906
910
884
894
884
820
846
860
828
848
876
882
810
704
694
720
772
820
746
724
804
862
888
848
852
854
782
796
812
840
830
854
888
876
868
878
892
840
816
834
900
860
782
794
850
854
784
766
872
890
862
794
832
870
894
854
872
924
896
872
892
902
860
846
880
910
928
886
900
896
880
816
804
846
870
854
866
894
856
828
884
928
908
862
882
882
870
774
822
868
804
718
758
848
894
884
904
884
930
830
796
836
882
854
848
870
908
878
894
892
884
826
748
792
832
744
710
726
790
872
876
762
766
812
828
776
828
882
900
874
818
824
850
848
772
714
798
870
920
938
902
826
836
862
874
852
868
906
874
922
832
836
858
892
908
874
910
926
942
912
912
918
870
866
890
868
854
852
894
888
794
862
876
852
734
716
746
780
700
720
802
872
874
770
822
574
748
830
812
822
810
886
868
804
754
794
764
712
726
816
902
792
826
890
888
838
802
836
860
840
792
844
862
768
686
712
768
798
778
854
908
914
920
886
860
844
882
838
798
826
854
878
824
742
756
720
718
798
782
718
774
866
888
832
806
846
840
838
746
802
832
832
770
822
880
894
872
816
856
872
894
858
822
872
896
906
838
846
880
908
870
836
848
870
836
728
698
770
886
916
856
854
868
868
814
794
840
784
706
748
812
870
880
836
866
872
840
772
812
852
876
874
824
850
888
918
930
892
892
890
878
838
728
770
810
848
826
828
896
874
890
798
816
800
748
690
734
828
832
772
806
886
854
754
684
694
736
762
772
872
868
832
846
876
872
836
860
884
918
892
882
874
860
832
818
796
736
646
664
668
650
736
832
858
762
762
798
742
658
628
614
642
640
662
678
688
600
676
562
652
614
602
602
596
596
618
632
640
644
624
598
606
614
622
618
608
614
656
720
732
706
648
656
694
732
758
750
696
662
692
694
670
672
740
790
834
838
830
778
706
700
772
780
778
726
688
740
758
788
726
718
686
662
714
780
724
702
758
810
814
778
722
758
772
748
682
662
710
784
832
832
782
806
794
770
762
764
760
702
642
656
716
820
860
854
856
768
732
786
788
796
766
744
816
804
818
786
774
804
856
834
850
788
752
714
742
792
804
818
842
840
834
798
738
768
812
848
816
734
752
790
824
762
744
716
688
728
790
812
768
774
822
798
758
664
606
646
878
910
918
898
842
798
716
726
792
804
754
740
724
654
648
638
606
600
598
564
570
584
568
580
592
576
576
572
580
598
650
682
738
722
724
756
810
814
808
786
802
832
838
820
808
824
826
738
742
740
774
812
840
870
874
828
814
828
836
836
808
854
892
910
872
852
904
890
860
822
848
838
776
656
664
694
758
818
754
674
686
678
820
832
850
856
854
854
852
866
832
734
726
740
734
708
676
678
700
786
740
734
808
818
834
830
776
786
782
772
748
736
662
684
666
676
688
732
724
710
726
732
670
740
744
732
740
652
702
738
722
686
696
734
784
790
780
714
688
710
750
776
792
806
738
770
828
856
804
724
796
802
820
808
802
764
820
814
800
784
782
816
838
824
796
804
860
846
766
680
626
656
638
686
820
870
864
812
814
804
704
632
672
656
664
640
742
706
680
690
684
764
776
726
772
778
794
812
822
808
810
788
740
712
634
630
650
774
826
780
746
726
706
704
694
652
680
718
758
844
840
840
844
824
788
740
752
722
788
762
788
824
848
844
822
784
762
744
710
724
782
848
840
780
826
808
782
696
704
676
754
724
716
682
630
670
720
818
844
782
802
768
780
760
768
666
696
678
640
666
708
792
800
766
770
766
776
658
648
696
762
850
746
776
784
848
830
832
816
818
816
728
722
686
680
662
634
628
636
680
734
818
830
900
886
880
880
840
832
820
800
848
840
876
888
898
856
846
846
890
870
844
798
716
772
800
836
818
874
826
850
830
838
784
816
816
806
764
826
840
852
668
526
832
854
860
884
800
858
856
852
764
716
702
826
842
916
834
784
840
850
900
822
796
824
812
794
818
864
856
894
826
808
852
876
854
822
852
862
854
788
766
720
672
686
726
702
672
696
760
848
878
882
804
782
710
736
792
710
686
700
696
686
786
786
824
870
902
918
898
848
834
932
890
888
788
760
746
738
720
676
702
734
846
852
842
846
876
902
898
898
850
828
808
772
724
670
668
686
770
812
818
760
762
772
800
826
824
826
788
746
782
752
734
776
794
774
722
726
752
768
778
816
766
718
722
762
786
796
764
710
686
654
720
810
858
828
822
870
904
908
868
688
858
744
742
818
840
902
828
848
854
840
830
778
784
804
798
862
836
810
812
834
800
830
762
784
830
816
754
746
770
796
752
716
738
710
702
626
582
654
680
686
726
760
778
754
678
726
742
732
812
806
832
818
756
742
718
740
772
784
832
818
830
830
804
764
800
778
744
702
726
770
818
840
814
812
796
732
758
664
656
872
630
614
640
690
788
816
786
752
732
770
774
772
774
722
746
730
744
816
808
788
790
776
818
836
830
806
714
772
756
788
800
818
842
902
868
814
856
862
852
818
756
826
828
852
808
810
798
826
830
722
722
782
844
860
822
854
842
836
818
754
756
784
798
792
724
712
700
678
710
764
800
900
876
870
820
754
724
702
682
634
620
578
630
626
672
740
808
844
866
878
868
842
826
826
816
858
852
848
836
798
812
820
840
842
830
792
816
854
872
842
824
876
898
868
852
876
860
800
766
816
850
836
802
854
912
924
900
870
922
928
912
866
838
868
892
892
834
798
820
842
806
784
858
898
900
866
892
886
862
786
788
810
852
858
832
860
860
864
846
780
734
754
768
732
684
640
684
740
830
836
772
788
802
806
750
704
728
782
826
848
852
876
868
836
770
776
816
864
884
864
896
924
910
862
778
782
802
808
818
762
752
790
816
838
838
868
904
918
910
866
848
848
836
828
778
768
810
850
854
806
816
830
822
800
740
774
790
792
726
736
768
778
724
670
690
716
742
738
700
718
784
828
802
786
660
634
658
662
634
622
612
606
630
666
682
656
658
696
720
670
626
698
724
756
764
770
688
662
712
648
606
584
554
612
722
730
780
760
698
614
640
636
668
728
766
802
818
802
862
818
744
698
678
680
698
748
774
790
810
792
782
762
784
738
750
764
778
796
788
844
830
844
804
832
776
702
664
660
666
724
828
882
850
868
806
784
758
768
754
726
764
794
714
686
702
756
814
834
832
760
738
752
754
770
800
828
836
772
746
736
764
824
854
812
798
836
810
858
796
688
686
698
714
714
712
756
876
876
896
862
822
884
812
762
816
826
838
826
778
778
846
846
838
836
748
712
720
688
724
784
766
748
792
832
840
846
772
820
778
794
788
840
870
918
868
838
844
846
882
860
854
842
882
872
876
838
802
816
872
832
770
844
844
832
810
734
724
804
806
816
780
698
686
686
736
744
734
774
812
724
904
750
762
812
836
848
840
752
712
726
722
688
648
634
652
710
732
750
692
750
816
800
798
788
760
738
658
618
632
614
562
568
624
644
628
700
776
806
808
762
752
762
764
828
800
798
756
714
798
810
822
834
762
740
736
718
730
724
700
662
666
704
738
730
702
650
638
656
704
728
706
664
650
666
702
756
776
744
644
664
672
712
778
726
680
668
684
736
762
836
792
746
728
736
698
706
642
628
714
774
842
832
804
830
848
834
810
744
712
736
792
846
874
866
868
848
834
814
842
760
744
784
786
778
688
654
630
632
832
830
844
812
782
650
768
640
608
596
584
652
662
692
668
650
628
604
648
624
634
712
750
758
718
664
632
684
636
668
692
704
# end time: 2014-03-10-16:41:58, 1394484118.76
