# R wave intervals in milliseconds per line
# start time: 2014-03-18-20:36:47, 1395189407.11
670
698
702
722
778
778
762
714
762
726
794
722
688
646
696
698
752
828
810
794
850
874
836
838
786
822
860
866
872
860
830
840
844
886
868
836
784
848
894
902
910
870
880
878
846
880
806
708
778
808
874
844
876
874
882
874
834
786
786
772
748
712
704
712
762
722
720
758
782
770
742
772
806
828
804
780
800
804
776
770
832
866
886
876
842
856
852
866
784
786
826
846
842
800
836
796
798
838
828
824
840
870
808
808
900
898
886
852
826
864
860
848
862
876
884
826
874
868
870
852
820
828
860
772
804
808
854
864
816
824
850
844
824
768
796
796
808
794
794
818
874
816
834
864
868
846
860
886
898
892
880
852
882
864
862
822
784
814
852
858
802
804
872
888
836
836
852
834
802
780
818
862
808
790
842
858
820
798
830
846
810
780
780
772
750
752
786
870
822
884
848
822
766
678
648
676
738
764
774
770
714
770
782
826
786
776
746
682
664
682
674
720
780
806
806
808
796
856
838
852
846
800
800
782
814
868
874
882
860
860
860
840
836
842
844
842
834
856
848
848
828
814
866
812
716
722
746
786
822
796
824
844
936
926
886
882
886
880
850
840
856
906
878
872
866
896
786
748
766
838
892
924
862
872
862
860
768
778
798
784
778
806
864
878
838
916
906
882
852
892
860
810
732
782
804
818
876
884
942
878
836
824
832
850
780
792
808
844
792
806
830
842
828
808
830
824
830
776
836
802
778
770
816
874
872
840
876
892
874
842
836
900
836
816
872
882
882
854
896
922
900
920
938
904
914
904
912
854
836
868
870
820
840
906
850
804
786
776
830
838
858
852
892
900
850
820
826
752
676
660
728
768
864
886
830
824
826
824
816
820
844
818
768
764
814
838
814
860
894
914
882
876
880
876
838
834
826
794
814
830
832
842
886
882
884
894
896
856
818
836
840
832
808
838
866
832
814
850
862
830
808
818
834
776
730
734
796
860
886
858
828
868
808
746
760
784
812
792
818
850
834
854
840
858
824
768
756
772
812
808
820
846
856
792
728
758
676
668
702
720
742
736
666
660
680
688
682
656
622
598
578
632
714
792
828
842
866
876
882
874
852
846
856
874
858
830
824
844
880
896
908
916
914
882
882
856
866
858
822
744
752
782
818
834
802
750
776
796
812
818
810
830
828
812
754
724
754
748
710
640
646
726
764
790
748
758
800
774
716
698
714
690
692
716
814
856
858
776
786
790
830
860
850
836
738
676
670
690
756
798
784
794
840
852
862
830
814
820
830
852
872
880
860
856
852
844
802
794
814
778
778
798
828
854
870
852
836
840
826
844
834
810
836
854
846
816
766
790
830
832
820
866
884
866
804
824
836
834
800
820
826
818
730
714
756
810
818
768
862
854
838
770
738
748
780
808
786
718
740
794
820
790
730
772
816
822
780
814
828
820
800
756
780
796
798
756
732
780
816
828
824
838
810
732
754
778
796
804
768
810
842
856
796
786
800
788
716
670
708
682
762
712
694
674
716
716
754
730
748
792
768
670
726
732
760
740
764
702
736
714
750
702
692
686
700
670
620
664
662
758
796
790
830
882
792
812
802
790
612
694
698
652
632
638
608
584
568
590
592
592
696
588
606
686
576
602
606
622
634
614
606
616
652
698
786
814
854
860
866
864
868
834
800
762
744
724
722
732
740
712
680
652
640
670
692
734
822
844
852
848
826
716
660
628
628
644
700
732
762
850
888
910
898
884
830
824
850
872
868
810
678
690
650
710
776
858
910
914
910
888
842
732
684
678
696
722
746
710
708
742
746
818
850
868
858
790
750
800
830
836
816
738
692
690
696
704
696
688
676
668
646
698
784
868
810
800
802
804
818
804
766
746
748
748
744
730
716
650
612
656
614
598
648
742
778
776
766
762
828
874
886
862
832
846
856
790
734
782
824
876
824
792
828
862
816
834
840
740
726
760
794
754
772
826
846
846
828
792
706
710
722
684
666
682
702
800
852
860
922
900
840
826
822
746
728
746
776
796
790
710
744
708
718
704
682
708
712
694
658
654
656
646
642
626
650
704
678
638
618
584
616
606
652
718
718
720
722
752
740
736
760
748
722
668
606
612
638
656
700
736
818
856
866
840
798
816
828
796
748
718
706
692
784
844
888
900
880
832
834
830
798
758
758
732
738
722
694
674
648
638
612
602
616
672
754
822
846
840
822
854
786
726
710
724
752
796
780
752
784
816
808
730
720
702
736
772
812
844
806
714
712
720
742
770
782
780
806
696
686
700
738
788
712
680
666
630
668
642
634
624
616
628
604
616
612
654
644
684
718
796
764
718
778
768
746
700
686
724
810
828
794
878
902
924
918
806
722
786
778
718
684
700
750
782
854
884
862
852
798
768
784
784
790
776
768
724
678
670
690
748
846
882
886
850
808
800
840
806
732
752
762
814
852
870
844
816
786
788
792
812
778
754
822
872
924
936
916
798
734
702
692
672
686
674
662
712
654
660
648
636
640
690
826
848
846
790
798
774
776
788
760
726
754
800
788
728
724
720
740
764
728
656
708
706
658
648
652
686
714
736
702
690
666
706
680
774
794
856
822
798
772
732
782
756
734
736
768
722
706
682
680
650
620
624
632
654
766
874
884
844
806
816
850
848
898
880
868
826
736
762
770
822
900
924
934
912
886
874
862
830
858
828
782
788
844
856
868
844
730
684
696
742
814
778
748
798
890
912
900
862
780
784
774
754
744
670
624
638
702
730
802
888
914
922
920
850
838
844
846
834
824
772
766
844
886
902
898
836
832
840
838
836
768
778
796
832
868
878
816
866
870
876
866
802
814
832
836
844
790
806
838
836
792
776
822
846
836
794
818
878
844
756
762
768
740
666
648
652
630
682
736
760
702
688
724
796
800
734
718
762
784
798
740
744
804
810
780
758
818
856
870
802
808
828
802
808
720
758
802
822
784
792
842
864
836
806
822
876
830
760
788
796
832
874
790
758
766
778
782
708
698
698
674
694
766
806
800
742
766
798
812
780
762
792
786
830
742
742
776
812
834
798
808
832
848
846
808
832
866
878
862
812
872
858
862
816
738
702
688
742
728
880
922
866
836
874
882
842
734
682
694
736
788
844
798
858
898
912
854
864
888
884
798
780
822
860
892
820
852
870
866
890
844
878
854
796
754
780
872
850
770
860
864
876
810
802
792
818
756
744
846
846
804
776
834
856
838
766
830
818
782
728
740
744
772
690
720
784
852
890
902
798
758
692
696
678
664
680
652
730
826
830
780
812
856
866
814
708
716
748
816
850
860
804
776
838
832
814
786
812
816
798
756
782
800
818
736
712
714
752
764
734
786
814
800
798
750
716
722
730
730
690
652
716
728
732
802
732
774
720
768
758
824
830
840
820
794
806
812
842
828
762
728
682
626
606
646
732
738
738
774
790
792
750
698
646
664
624
670
690
682
652
650
590
620
644
636
678
652
712
672
652
692
646
616
586
582
602
634
730
788
824
834
850
860
852
762
668
654
680
698
678
678
696
686
684
646
666
618
596
572
574
582
632
722
856
880
886
918
924
930
938
928
900
886
866
816
802
798
780
788
806
840
828
830
842
836
796
826
802
844
764
752
744
788
742
748
780
808
774
808
856
848
782
702
672
664
662
638
664
662
612
630
640
678
748
818
802
778
786
770
758
682
646
712
726
792
776
762
778
860
836
846
802
782
764
774
796
882
852
806
808
864
846
728
674
684
684
718
686
692
660
646
616
620
592
648
614
582
608
594
584
598
590
600
622
642
680
686
702
684
656
646
682
746
834
866
880
884
858
826
756
714
696
742
824
870
884
916
818
828
798
856
838
906
902
892
840
838
734
688
730
772
830
862
882
878
910
880
806
814
798
784
776
824
888
898
880
826
804
834
754
660
670
634
616
678
732
790
834
780
718
700
688
692
734
730
688
698
718
760
732
786
788
766
716
700
702
702
760
770
800
802
780
748
744
734
726
694
702
698
686
662
716
738
720
702
682
766
788
868
822
818
796
818
806
828
864
870
876
856
844
876
880
846
904
870
796
# end time: 2014-03-18-21:00:08, 1395190808.43
