# R wave intervals in milliseconds per line
# start time: 2014-03-04-18:03:39, 1393974219.8
# Very hungry and drank 3 cups of coffee since noon, sitting at desk
598
648
662
656
684
666
616
620
598
604
566
600
584
622
648
696
722
790
718
680
628
650
644
660
684
700
744
786
784
844
804
820
814
628
984
792
774
754
722
710
716
724
792
750
756
778
750
730
734
706
682
678
684
684
670
652
648
664
694
722
736
746
732
714
680
674
652
646
630
604
586
560
572
612
684
752
788
814
818
816
798
768
736
722
696
666
692
690
700
758
722
672
656
708
746
784
818
806
770
778
778
766
762
704
654
642
706
692
744
790
808
826
802
790
792
784
770
732
704
694
700
714
728
700
708
730
742
766
758
732
730
730
708
718
696
708
700
770
754
734
734
796
800
810
776
772
782
776
770
710
690
688
718
732
730
684
692
716
760
804
810
782
788
788
788
774
744
730
738
760
758
782
750
706
682
654
646
670
692
756
796
806
810
748
778
748
750
746
710
666
720
698
784
796
766
766
790
792
788
764
762
736
732
726
720
732
754
780
792
774
772
764
742
724
724
662
698
676
678
658
658
696
704
734
748
738
782
764
732
706
696
666
654
668
692
720
698
700
706
712
710
688
700
714
708
676
686
690
716
696
678
688
706
708
686
696
694
698
702
696
708
704
700
676
642
686
684
706
698
676
720
712
700
656
660
692
712
754
730
724
742
748
752
762
758
722
724
722
726
710
704
692
664
680
682
694
718
682
712
718
734
762
772
764
740
692
644
642
696
690
700
758
742
748
740
716
694
682
636
612
634
654
702
748
746
750
714
642
588
584
582
662
666
676
650
628
618
628
636
646
672
706
720
734
748
734
716
726
722
700
654
618
598
604
618
612
638
686
724
802
806
808
804
794
762
742
766
728
726
696
650
638
648
670
710
744
756
734
738
764
760
760
770
764
750
740
726
702
714
728
714
704
718
786
780
734
726
730
736
726
706
692
738
702
674
662
680
690
694
696
664
672
698
710
710
698
702
750
736
704
676
712
734
758
728
694
668
656
664
620
546
574
590
588
596
640
680
702
664
608
614
688
710
746
784
752
676
656
628
612
590
586
616
672
678
652
630
614
590
582
572
584
600
648
710
732
738
748
740
698
734
700
692
690
672
626
634
634
670
728
774
796
786
770
776
782
778
786
772
760
754
720
680
668
688
752
796
834
840
794
804
808
800
786
732
704
720
724
732
734
730
762
788
798
804
782
790
794
790
780
736
738
730
788
740
688
690
724
810
822
818
786
796
788
772
740
692
692
692
696
720
678
688
710
714
708
666
628
616
626
618
592
586
598
618
642
666
724
760
766
756
752
744
730
726
686
662
670
678
702
734
754
742
736
742
750
748
728
740
728
736
698
732
738
762
770
752
758
786
794
790
752
748
768
802
788
764
744
768
710
658
626
650
698
756
810
828
796
814
808
768
772
740
748
750
720
704
724
734
728
690
684
702
720
748
730
746
724
766
704
712
730
726
696
712
682
702
700
718
688
712
726
734
740
714
692
706
706
704
700
676
692
716
746
756
706
704
710
730
750
756
724
710
720
740
778
782
756
762
756
766
732
716
730
738
750
726
716
738
754
778
760
728
734
740
746
724
730
720
712
728
666
656
650
646
696
752
756
730
754
748
748
716
712
724
732
718
688
712
734
762
736
736
766
786
790
736
734
740
750
744
686
690
702
720
744
732
744
760
766
760
724
744
740
752
726
740
760
776
760
746
750
764
746
708
724
720
788
752
782
814
822
792
792
788
818
774
710
656
702
692
718
712
716
746
780
810
774
770
780
762
718
736
710
700
752
728
676
702
714
720
742
716
698
726
760
772
748
764
770
782
730
668
666
666
638
660
600
602
656
712
758
792
772
718
718
726
728
736
764
740
712
726
742
756
764
724
738
734
758
728
698
702
714
738
744
704
690
706
724
744
736
672
688
674
700
722
750
778
736
710
684
738
724
720
696
654
664
688
716
750
734
728
784
786
798
776
782
748
752
746
728
708
708
688
748
720
692
704
700
674
694
726
738
682
722
714
712
728
700
692
706
704
716
692
686
698
726
734
700
664
670
680
700
738
766
788
768
730
758
742
748
750
712
712
712
788
784
756
750
772
762
750
698
706
710
740
764
756
756
772
776
750
720
716
720
714
684
676
660
670
712
734
684
686
694
710
716
690
654
686
714
730
722
742
704
730
744
756
762
726
736
744
750
762
730
726
740
750
734
702
706
728
732
744
712
684
722
682
664
680
684
684
656
632
648
656
690
708
676
686
710
732
758
806
768
764
754
804
744
738
752
762
772
764
756
778
796
792
800
766
768
758
770
764
724
706
654
622
622
760
794
792
824
778
796
754
752
746
742
734
730
690
700
694
688
694
684
666
672
702
732
752
766
744
728
746
732
712
718
724
720
770
748
720
712
674
680
682
714
728
726
734
726
722
682
692
700
718
736
756
780
808
818
826
796
782
756
788
734
714
720
720
698
724
760
782
766
724
746
764
792
724
672
664
652
658
668
674
712
738
768
752
718
750
768
768
734
724
716
734
712
696
732
756
778
770
682
664
660
618
644
600
554
580
520
534
572
520
536
582
624
618
600
602
628
674
724
760
814
812
806
822
830
820
794
794
798
804
770
770
798
780
796
784
806
772
762
740
678
686
718
736
708
730
766
762
746
756
756
724
750
768
726
756
808
822
806
808
856
764
702
708
670
648
680
706
712
760
788
744
764
772
786
716
698
706
722
682
700
734
738
738
742
782
702
676
726
738
772
838
878
844
856
892
888
834
860
874
806
776
786
810
786
732
734
760
776
736
698
664
734
806
768
808
770
808
818
740
760
850
796
818
828
860
834
764
766
796
762
710
796
838
826
902
902
896
836
820
828
882
822
846
848
802
822
794
868
816
836
836
810
816
858
866
866
876
874
800
794
756
750
764
734
784
832
810
798
852
832
768
806
828
812
818
822
860
874
802
832
854
874
798
766
780
740
670
670
706
704
728
756
776
808
738
730
762
766
766
734
762
774
708
746
734
784
790
756
798
800
794
806
752
700
678
712
680
744
792
804
756
744
788
798
802
708
504
580
724
802
766
832
868
888
812
824
832
800
730
742
742
706
778
854
864
796
826
844
790
796
566
642
708
748
784
796
786
750
726
774
844
846
852
880
868
798
856
804
816
726
756
752
776
766
854
898
852
872
880
846
754
792
810
798
722
728
740
752
826
924
838
856
818
856
528
638
694
768
848
868
818
848
862
842
802
828
832
788
804
830
798
830
912
868
842
834
866
838
798
866
884
892
834
850
872
826
784
824
822
802
796
834
832
816
844
856
834
822
850
828
836
800
822
828
770
778
864
854
818
830
838
784
814
816
804
762
778
796
802
760
786
828
824
794
832
854
806
762
828
840
816
800
816
830
774
802
866
878
860
800
852
780
754
798
840
854
824
862
876
820
800
822
810
732
750
810
842
820
832
864
846
858
894
896
848
802
806
794
742
782
820
804
812
854
882
850
798
834
802
746
796
828
804
808
854
836
786
820
844
802
782
862
852
800
810
820
794
776
856
804
690
716
658
652
740
824
786
856
866
872
800
820
808
752
732
772
792
824
792
854
888
826
788
842
820
730
758
790
784
784
880
916
872
852
882
870
844
766
812
842
844
810
848
886
860
800
852
794
760
810
798
774
784
850
888
920
904
912
900
824
810
822
822
764
740
814
872
824
874
904
824
884
874
856
764
794
834
848
848
888
912
870
788
774
736
708
796
814
772
764
802
864
798
844
764
738
682
658
624
634
690
792
860
870
818
816
850
784
768
786
782
750
740
786
812
782
794
832
890
822
884
858
812
758
764
834
836
824
824
770
778
714
704
736
794
806
782
842
858
852
792
808
810
812
760
792
808
844
832
838
870
832
782
758
756
762
718
718
758
712
734
750
816
842
772
840
856
824
740
762
784
764
706
690
796
800
754
784
792
820
812
744
760
770
756
726
752
788
786
744
790
778
742
742
704
650
662
680
718
722
732
830
846
804
808
794
864
808
778
802
776
758
822
866
880
836
850
884
882
854
812
830
866
788
752
794
776
744
792
860
876
822
836
856
828
792
822
810
754
772
800
774
766
824
820
788
826
842
814
750
764
826
760
668
706
706
746
712
736
794
796
756
806
814
760
736
772
778
740
726
776
820
844
818
836
836
780
776
784
758
718
652
732
720
682
740
746
782
744
736
784
818
786
750
810
798
740
732
704
678
656
720
702
760
820
816
772
770
838
780
812
746
762
786
772
796
664
728
740
712
724
754
764
728
776
750
746
786
722
690
722
736
746
732
810
810
768
806
832
796
700
672
686
696
772
760
816
862
876
878
794
844
848
766
744
802
782
822
774
846
832
818
868
864
786
798
818
828
790
796
840
828
792
840
856
812
798
844
808
790
824
896
786
812
814
824
756
778
828
828
870
902
876
842
862
820
836
802
846
822
794
822
844
776
772
824
856
824
792
818
792
768
818
866
872
798
758
768
804
802
768
766
812
802
756
742
760
786
790
738
770
810
800
772
784
814
820
760
762
826
846
846
812
828
874
804
804
826
832
872
796
816
840
818
826
824
854
850
838
866
856
796
792
828
762
700
738
788
742
748
736
802
780
744
768
790
770
746
786
818
808
740
744
758
776
746
722
822
852
788
724
722
730
700
658
680
692
750
774
720
684
630
708
758
760
744
766
776
746
746
764
760
744
776
806
810
776
754
830
814
734
718
762
760
796
782
778
776
738
730
714
772
742
710
714
776
728
756
740
704
728
692
682
730
720
700
698
702
702
730
720
752
740
708
702
738
742
762
758
684
728
750
774
758
732
754
752
742
778
808
736
722
722
724
672
646
698
736
750
724
714
674
702
718
698
646
624
670
684
694
678
742
770
752
686
696
694
676
736
720
686
720
762
736
816
704
698
734
716
640
638
604
618
620
670
616
606
630
630
640
636
620
652
594
604
622
668
720
768
802
774
792
824
800
790
762
712
744
728
744
760
760
792
782
776
760
774
708
694
688
668
628
638
620
614
602
638
608
602
586
598
564
602
566
592
502
542
568
616
670
756
596
910
664
660
608
646
632
674
660
738
764
786
772
696
564
638
634
572
726
798
838
854
858
848
828
796
748
688
694
748
776
824
816
856
768
710
686
712
770
806
832
816
864
834
854
798
790
780
808
642
930
710
684
748
806
828
816
882
846
818
784
774
772
770
754
728
768
798
784
770
722
818
754
738
726
728
684
702
776
796
854
822
818
790
790
768
772
764
730
716
824
754
786
734
762
792
788
758
710
732
760
724
736
742
720
742
718
738
756
750
734
726
760
730
702
760
688
702
734
750
734
704
724
716
774
708
710
752
760
740
748
762
764
744
706
696
718
704
674
638
700
730
732
770
762
784
782
700
680
710
722
702
690
734
748
734
712
748
778
778
726
728
748
726
692
720
766
792
724
682
650
670
636
606
604
662
676
674
788
798
810
786
766
762
754
696
678
694
716
728
710
716
758
758
742
712
732
730
712
698
724
756
758
742
698
714
728
736
734
680
690
742
734
680
676
702
720
690
672
728
744
706
704
690
676
646
634
672
664
642
630
730
744
716
670
660
704
726
732
728
722
756
774
748
704
722
748
760
718
692
738
762
764
734
764
782
770
706
724
732
734
750
722
754
776
786
744
732
728
680
626
612
634
650
648
650
700
740
760
760
720
754
730
710
674
664
728
736
720
688
724
758
776
746
762
762
760
724
696
730
756
768
728
734
790
782
772
720
736
748
732
686
678
762
764
752
674
748
724
614
618
606
620
686
708
720
696
696
752
784
774
804
754
752
720
692
654
616
622
626
684
774
798
790
744
690
722
710
698
684
728
716
694
642
604
628
656
696
720
714
636
636
646
646
628
612
596
574
568
548
576
564
590
618
712
678
624
576
618
620
634
668
688
680
626
594
574
626
590
654
660
698
712
722
686
632
604
572
582
748
770
750
724
698
746
794
780
760
734
750
766
764
740
744
726
756
700
666
668
692
684
710
760
788
820
828
790
752
736
694
738
712
724
730
714
670
628
700
722
740
750
816
798
780
768
748
736
710
668
660
680
698
738
720
660
606
670
706
726
678
646
644
644
676
710
738
750
722
694
636
650
620
646
678
738
776
752
766
778
786
728
632
786
724
722
654
644
682
678
680
784
820
842
822
780
776
720
640
654
612
632
674
732
756
760
768
718
664
652
702
748
798
768
804
836
810
830
790
812
810
798
754
744
770
778
780
786
818
834
798
798
820
822
818
818
802
836
778
770
800
822
828
818
810
780
718
760
788
788
746
712
770
768
760
740
770
792
798
742
722
720
760
702
658
676
706
754
778
764
782
812
816
802
772
772
750
706
698
670
706
748
784
752
720
754
784
786
750
714
722
710
756
662
692
702
708
748
668
646
676
686
680
698
628
614
676
692
714
734
726
690
734
716
696
682
686
724
758
708
746
764
772
734
704
672
714
688
662
648
678
726
750
720
700
698
654
660
682
676
648
660
694
718
718
696
696
722
760
754
720
718
748
758
720
694
722
742
746
696
732
746
768
746
684
688
700
762
716
670
650
696
704
680
670
688
722
704
742
666
700
746
766
752
694
686
720
744
746
740
718
690
788
798
800
768
688
718
766
788
758
718
714
772
774
774
732
732
760
780
778
780
806
830
790
790
808
826
788
798
768
764
756
730
734
758
766
736
730
744
796
718
766
748
760
690
698
710
734
728
756
788
762
776
728
792
798
774
762
792
804
776
786
780
794
758
698
732
736
760
768
748
780
784
790
768
748
736
770
738
722
754
768
764
744
734
794
770
732
676
674
718
760
692
650
618
618
650
686
760
680
688
674
630
638
678
606
600
680
700
678
662
714
756
768
778
768
788
786
830
770
782
790
792
778
756
788
798
748
766
708
732
706
676
682
740
756
832
776
778
794
790
746
742
740
728
716
700
674
694
698
802
776
726
806
808
814
804
746
720
776
698
620
642
690
702
680
624
614
610
608
616
556
592
552
562
578
520
538
536
566
568
574
562
546
532
532
538
538
540
560
536
546
546
570
594
568
554
560
560
572
586
588
570
572
574
584
588
562
560
558
580
598
618
610
604
602
590
624
638
646
650
652
612
574
564
578
570
574
582
608
594
604
598
666
630
620
586
568
562
600
642
658
616
614
618
622
618
618
622
626
614
630
648
674
732
768
786
776
738
710
684
630
666
646
664
698
740
778
790
852
838
818
812
790
774
754
740
726
726
740
744
728
736
692
650
616
700
682
644
638
724
776
806
814
812
722
694
660
604
610
638
622
604
590
614
678
722
768
792
810
832
764
736
744
778
806
822
856
876
844
888
770
786
780
780
766
766
804
808
866
826
838
780
772
756
812
762
754
550
622
688
744
728
672
646
632
642
706
838
866
686
960
816
826
854
820
766
726
668
712
752
816
836
814
780
782
782
778
808
812
798
810
776
774
758
712
672
678
662
680
690
638
734
754
794
844
864
586
742
750
752
700
688
636
624
620
674
706
730
716
720
736
738
762
806
776
738
700
676
634
630
612
626
608
626
652
620
644
622
622
610
638
532
606
568
578
554
594
566
592
578
624
618
622
628
644
628
584
644
620
654
700
644
670
638
670
640
604
614
656
638
626
668
650
628
674
640
634
628
608
608
684
648
658
664
688
632
616
706
722
764
778
778
764
722
716
682
654
682
708
764
690
668
652
654
732
782
792
794
760
720
726
720
728
658
686
738
834
828
824
864
832
818
798
820
788
774
774
788
802
826
804
858
830
798
786
790
778
766
740
760
806
790
842
798
794
780
756
716
788
804
820
800
770
780
774
750
720
714
724
764
782
776
776
840
828
790
798
808
804
788
780
786
792
682
640
664
650
648
662
748
778
832
# end time: 2014-03-04-18:46:26, 1393976786.29
