# R wave intervals in milliseconds per line
# start time: 2014-04-02-10:36:02, 1396449362.11
682
750
784
796
774
878
732
754
802
794
756
740
740
730
674
650
664
598
566
838
562
646
716
742
794
776
766
638
708
734
754
748
686
616
646
634
642
776
748
802
684
652
746
764
740
720
680
730
822
842
768
644
688
718
772
748
802
874
908
878
872
882
814
746
690
734
784
836
828
726
810
764
694
728
708
646
596
594
648
646
782
826
898
856
740
716
712
770
810
794
782
808
754
668
714
740
762
852
846
782
848
766
744
764
716
624
642
692
764
810
870
816
784
848
788
748
732
672
700
700
778
754
684
698
646
688
720
798
770
732
818
790
844
782
704
758
760
794
800
752
700
768
774
850
812
728
746
746
834
820
770
776
792
828
764
690
706
794
762
790
698
668
720
750
758
696
734
784
806
802
714
752
762
768
710
726
734
732
796
672
684
680
768
780
714
690
736
736
792
694
660
670
696
778
772
726
760
780
738
716
674
724
758
804
758
756
770
846
800
748
790
802
764
736
678
718
732
764
706
732
792
840
826
718
688
676
678
750
700
708
720
804
732
672
720
684
628
640
646
650
656
676
690
648
694
652
614
638
608
614
630
608
598
600
636
706
776
760
686
728
806
864
902
862
754
766
812
790
776
690
670
646
694
758
820
750
682
784
850
864
788
700
736
806
834
854
804
834
868
870
850
764
826
806
784
718
676
650
706
832
858
756
722
768
846
824
712
750
746
790
772
712
732
776
824
826
742
788
776
832
772
714
704
770
780
744
690
712
784
768
690
746
762
770
714
648
638
702
700
734
694
652
656
644
664
666
640
712
768
770
670
774
738
736
674
642
652
660
672
640
610
702
688
768
744
664
746
758
796
784
748
670
756
748
756
746
696
670
726
778
776
768
718
770
780
766
784
704
726
784
802
796
768
790
768
806
714
646
682
720
758
822
744
684
780
842
856
802
804
708
646
656
664
760
760
728
768
766
800
660
686
754
732
782
656
632
708
718
724
660
714
754
768
696
674
716
774
758
682
676
680
694
674
610
632
630
680
754
796
866
794
734
662
638
684
518
640
652
620
654
646
684
642
644
714
694
692
664
666
600
664
646
666
632
662
666
658
676
644
662
742
740
678
680
674
702
778
766
720
728
642
606
700
740
726
730
696
728
756
762
692
668
890
682
722
692
644
668
642
690
716
736
700
668
610
620
638
644
622
656
682
680
648
648
658
672
660
648
712
712
662
720
664
644
630
648
650
614
680
678
672
666
744
674
636
660
658
694
652
682
614
710
716
718
684
724
652
620
620
692
738
766
758
686
734
746
782
768
796
728
618
662
654
670
708
658
688
670
702
786
832
868
754
792
810
796
756
728
658
696
716
742
730
782
762
668
682
674
696
704
710
732
674
768
768
836
732
694
722
782
792
752
678
606
658
630
730
784
748
778
802
892
892
850
740
800
734
780
710
702
732
776
814
766
732
816
804
718
726
726
748
818
734
728
742
758
818
762
704
716
770
740
762
716
766
804
820
792
722
782
766
770
708
676
716
720
666
660
604
684
706
726
672
686
696
800
768
690
684
696
724
766
726
672
720
718
756
766
698
702
738
776
782
714
740
736
714
740
662
686
750
720
642
660
636
682
708
730
740
764
682
686
714
748
746
652
736
766
802
798
782
718
714
756
730
770
716
734
744
768
760
680
744
772
768
776
734
744
788
774
730
720
744
814
792
766
724
736
724
782
740
674
754
770
754
700
716
754
760
758
714
756
768
828
788
718
634
706
730
758
728
710
784
768
692
644
656
726
762
724
722
760
808
762
732
694
696
752
732
682
686
700
792
792
698
702
700
734
728
654
690
714
674
732
686
750
704
598
700
698
746
756
726
766
800
834
774
744
708
764
750
678
660
676
620
652
630
612
668
652
654
650
656
660
670
690
702
764
686
640
590
582
630
708
766
882
898
904
862
844
756
796
788
732
696
640
700
726
724
660
752
756
786
704
670
686
724
698
666
672
642
640
642
620
670
644
660
674
700
620
696
722
716
704
734
674
674
700
726
726
666
706
728
730
810
700
762
748
766
734
674
698
748
786
694
798
696
674
680
736
718
762
736
704
742
720
658
768
616
682
614
632
678
706
702
702
670
682
628
600
634
606
624
710
750
706
706
750
802
726
754
810
752
710
640
686
732
708
704
712
758
712
746
668
656
626
680
650
748
794
782
716
750
758
698
758
660
624
666
666
626
660
698
784
824
798
736
674
856
774
772
688
692
698
710
742
740
706
744
816
712
780
778
772
794
740
664
700
722
724
684
676
776
760
660
616
632
624
618
616
644
634
650
658
690
686
734
696
664
634
676
644
618
586
556
644
628
680
694
700
752
666
632
602
620
632
664
704
646
654
774
800
766
706
640
610
686
734
758
704
742
754
740
770
682
642
726
758
812
792
720
744
796
770
692
648
622
712
746
718
702
664
746
798
724
644
646
652
664
658
660
732
650
712
692
694
724
690
696
732
656
608
672
658
716
712
680
700
656
708
602
588
642
636
618
702
756
778
830
780
640
658
646
662
644
740
740
740
664
762
788
778
756
780
688
688
746
720
682
668
724
670
668
690
724
726
806
706
718
692
704
720
738
698
664
738
796
804
686
704
660
650
650
628
660
646
604
626
642
620
596
552
568
612
584
502
626
554
572
540
568
540
558
508
584
542
524
530
532
544
542
596
566
592
564
514
568
556
610
624
644
588
614
602
568
552
570
548
574
560
596
552
542
690
722
542
576
552
606
616
638
646
604
626
612
578
604
584
600
618
640
668
660
662
666
656
632
584
600
590
630
542
582
666
738
774
696
682
738
700
644
612
708
700
776
776
808
690
636
594
644
606
588
606
602
672
670
724
722
722
628
686
630
690
608
656
654
1714
1130
680
532
574
608
604
616
636
620
592
608
560
530
580
584
582
606
640
642
718
840
788
662
646
696
712
720
684
684
636
672
668
640
704
744
760
812
770
752
748
670
602
626
620
638
682
864
886
884
862
896
802
784
738
710
658
660
646
722
792
872
856
768
752
720
712
638
650
640
664
758
768
706
676
740
722
688
692
614
668
682
682
728
642
698
726
714
750
678
708
748
694
686
696
742
666
648
666
678
606
636
634
612
624
728
770
704
754
744
716
720
678
666
702
668
676
656
674
650
664
624
610
644
670
690
664
680
678
634
646
636
654
642
620
636
596
590
570
580
622
684
784
820
810
836
740
796
752
740
708
716
730
730
704
640
682
726
840
880
854
806
742
758
774
672
688
680
714
700
704
628
674
696
650
760
768
814
788
766
690
684
702
700
714
658
654
658
658
622
672
688
648
638
646
672
668
668
700
664
644
608
612
592
672
706
768
784
820
684
664
692
708
658
622
676
710
670
706
740
666
722
700
762
754
722
682
658
664
666
700
728
682
652
736
704
724
722
768
766
768
734
726
664
680
738
634
624
650
706
654
640
662
692
686
710
646
690
654
664
626
606
556
720
738
766
748
730
662
592
664
666
674
720
738
746
746
734
722
684
656
682
662
674
696
698
738
754
746
680
682
648
704
666
636
550
716
534
566
560
568
596
568
542
578
622
552
618
594
602
648
712
632
694
734
710
780
768
804
708
632
686
694
662
666
730
788
766
726
768
738
702
658
654
650
634
622
660
670
676
710
680
706
690
716
706
656
734
730
750
762
712
752
664
698
692
662
698
658
678
714
734
744
686
644
674
664
664
658
676
688
712
728
692
670
664
730
716
742
748
780
712
740
760
778
766
790
786
764
788
714
764
762
722
716
670
686
700
690
704
740
758
768
752
668
700
700
718
712
712
666
712
716
708
752
702
650
726
700
776
746
718
738
738
738
682
650
706
718
812
778
756
822
782
798
716
696
696
718
674
754
746
762
702
690
770
752
708
706
734
736
774
728
670
704
686
724
776
692
782
784
778
750
660
692
734
756
786
708
752
768
770
680
716
732
772
766
762
698
764
788
802
732
698
768
778
742
740
720
748
776
736
738
758
788
762
786
724
732
778
704
722
722
742
774
736
732
796
802
742
718
698
716
790
800
768
724
764
760
814
704
718
684
698
666
620
720
742
784
734
722
728
730
778
670
714
696
738
722
704
686
700
724
690
656
672
690
680
740
794
778
744
708
712
784
772
760
690
698
762
792
782
726
702
710
704
740
708
748
814
822
776
782
800
784
716
678
722
736
748
762
764
804
784
770
666
744
730
742
672
656
706
746
756
656
692
636
712
676
654
708
768
784
720
642
714
668
656
708
736
730
710
774
728
716
616
678
692
610
652
602
618
620
728
776
858
812
836
722
690
656
674
668
690
838
866
850
808
752
690
744
762
762
774
742
704
744
786
784
800
748
770
776
718
698
706
744
820
774
702
632
682
684
742
702
682
686
718
744
736
744
674
632
656
650
708
734
800
724
694
762
742
696
568
626
604
686
772
812
778
752
724
730
742
776
660
672
664
684
704
712
672
632
660
654
654
628
604
642
648
690
730
792
754
776
680
706
620
650
612
622
590
570
588
636
636
688
714
770
720
690
654
632
612
616
622
652
634
612
694
736
772
792
762
790
702
642
680
688
698
786
764
778
680
700
760
748
696
662
736
764
774
738
676
716
770
772
762
730
758
770
802
784
720
698
760
768
762
776
728
742
804
794
788
694
682
698
690
764
684
710
722
748
770
730
682
710
716
766
714
662
652
680
692
728
752
714
756
718
680
644
686
728
722
752
684
682
718
760
782
738
716
688
718
720
788
722
666
684
714
740
736
746
684
740
728
734
680
640
680
706
716
740
680
652
726
752
736
678
724
692
714
728
680
636
656
680
658
688
682
680
608
660
650
648
618
620
616
686
714
786
796
772
676
674
734
732
752
726
726
714
742
744
770
704
720
804
806
806
736
726
742
756
754
732
732
656
686
692
794
778
752
682
692
774
752
758
658
684
678
752
768
738
690
758
768
760
718
702
696
690
764
718
710
712
720
788
774
720
666
714
662
628
676
650
# end time: 2014-04-02-11:02:13, 1396450933.46
