# R wave intervals in milliseconds per line
# start time: 2014-03-06-17:08:33, 1394143713.58
558
584
602
600
686
680
630
604
600
540
738
654
504
746
704
802
802
712
766
802
796
832
734
762
702
720
640
624
662
788
820
820
760
776
808
792
760
766
688
696
716
748
730
696
726
728
770
784
804
756
672
690
722
774
804
788
798
650
702
684
720
674
684
780
784
732
790
790
830
738
772
682
664
638
662
818
772
784
842
866
844
880
832
730
680
670
706
706
754
752
780
786
784
774
748
764
698
668
684
814
810
816
794
730
756
796
844
782
794
718
734
766
750
678
638
642
636
704
802
608
1024
724
660
630
666
620
720
790
824
828
810
706
740
726
704
702
648
644
660
676
688
694
700
702
684
630
594
648
640
636
640
704
666
660
720
688
638
642
612
580
592
650
646
670
698
662
652
662
676
714
712
732
746
688
678
678
700
744
772
824
728
706
708
780
738
662
648
640
692
688
684
678
630
598
608
598
592
584
558
594
582
604
616
650
656
648
634
622
620
590
612
588
628
598
630
618
668
694
710
716
708
702
616
592
620
662
756
794
814
776
724
542
840
712
730
724
654
616
616
634
668
732
772
788
736
682
670
704
694
736
724
672
636
646
674
700
716
664
652
630
638
692
720
668
710
748
752
808
774
686
676
716
700
790
786
738
756
824
808
810
764
708
722
756
638
638
672
666
748
752
652
648
694
638
612
594
608
624
624
612
624
664
664
688
680
672
638
616
590
592
600
654
746
786
792
778
744
752
696
684
656
636
692
700
726
726
692
634
626
656
662
672
702
686
646
662
690
670
670
654
606
642
642
606
608
604
604
576
588
610
702
758
754
698
666
694
704
734
760
802
774
700
662
658
718
702
708
722
714
664
630
610
656
628
728
800
810
782
752
750
734
718
656
588
684
694
722
738
744
722
754
714
704
660
690
672
604
644
664
730
772
792
738
670
706
718
754
710
698
734
756
746
688
668
702
678
682
614
638
616
618
616
634
664
770
800
806
760
700
720
708
680
740
692
664
656
678
720
776
762
730
662
674
728
740
766
726
670
668
660
696
752
786
808
784
836
744
778
758
746
712
782
766
778
810
816
760
722
748
762
776
760
700
694
702
718
748
762
740
686
700
728
744
780
794
774
730
508
672
734
758
768
704
728
722
802
790
682
650
694
724
750
782
708
716
734
756
708
666
662
674
686
678
632
636
680
710
726
714
748
764
776
788
700
654
684
600
670
742
696
674
770
792
758
754
754
764
750
796
742
662
620
612
606
600
724
760
774
734
780
774
798
784
892
630
706
700
710
660
704
758
780
840
802
702
618
600
686
732
756
820
812
816
808
798
736
772
716
712
716
716
736
726
792
736
790
782
786
776
754
782
700
694
660
652
640
676
720
756
818
830
820
804
720
676
650
662
648
660
640
712
752
812
840
844
822
816
794
774
738
682
680
728
678
700
628
598
648
686
748
734
754
800
676
710
674
636
632
582
584
572
576
578
564
604
612
656
734
768
750
680
752
756
734
698
632
662
670
684
668
628
648
658
634
624
694
748
706
700
706
716
696
680
664
654
678
674
650
630
636
708
732
752
742
712
670
670
662
636
602
598
626
750
786
814
800
706
720
718
704
708
686
714
658
610
632
656
698
748
766
756
724
674
672
696
718
750
760
704
764
726
732
688
648
602
636
656
602
668
682
714
768
728
682
644
612
576
560
572
584
600
680
762
778
826
792
772
726
678
672
678
672
694
694
704
706
732
780
776
706
700
720
736
734
720
650
642
700
702
684
640
638
664
682
690
684
650
644
658
664
664
636
598
598
588
588
572
548
606
602
648
698
698
686
624
636
700
706
724
718
702
656
640
608
660
660
698
710
656
626
702
670
690
724
740
692
674
694
694
682
672
638
660
706
750
760
748
698
716
730
740
714
670
684
708
716
718
688
688
710
720
690
642
632
622
618
656
692
736
722
694
662
714
720
750
740
716
670
708
632
618
598
602
598
682
552
624
698
750
820
732
686
694
708
712
722
730
740
718
744
728
762
778
718
680
702
668
722
746
782
812
790
826
692
686
646
668
684
728
762
758
738
764
780
786
778
700
638
652
638
668
704
822
848
856
846
822
830
816
804
724
720
756
782
762
774
768
720
712
784
794
798
814
744
778
776
772
694
750
732
750
740
698
696
690
674
690
702
802
770
714
778
764
858
818
808
764
708
704
732
838
836
812
808
880
806
736
710
698
650
678
684
724
776
700
650
634
654
682
778
794
818
758
724
740
742
750
706
674
732
726
704
716
642
736
744
748
776
754
704
704
706
700
678
636
646
692
736
762
734
680
638
594
608
646
710
732
758
736
724
728
776
706
726
638
616
602
602
628
672
714
734
760
700
766
758
766
764
750
722
702
690
694
702
682
678
650
668
670
656
620
582
620
616
640
690
714
738
734
698
684
682
694
688
684
648
622
616
614
626
688
732
762
762
690
676
722
712
728
734
724
702
718
732
732
710
674
696
720
730
732
674
688
704
718
702
702
704
724
756
764
754
742
668
652
668
668
696
648
628
626
654
594
734
738
826
608
722
752
730
690
724
696
686
668
646
610
628
658
712
764
772
758
712
730
796
788
778
778
768
740
666
646
650
674
702
748
716
688
672
676
686
706
732
752
760
696
672
700
650
624
626
656
678
632
602
600
608
636
672
724
760
776
748
732
738
738
726
690
706
710
722
672
736
696
712
710
766
728
654
732
726
742
756
770
726
682
692
706
720
732
728
786
746
660
714
712
708
658
662
662
714
760
786
794
776
752
742
724
718
712
686
542
766
666
698
788
804
794
730
722
756
778
804
794
740
682
634
634
638
692
716
684
670
720
736
746
732
702
726
722
720
710
666
682
696
696
716
702
660
698
730
758
770
750
688
710
714
716
698
656
686
706
734
738
686
708
754
732
710
690
670
672
654
700
674
652
676
686
690
666
682
684
762
738
724
754
690
724
754
768
782
766
734
734
750
754
742
720
734
758
776
784
702
748
748
746
738
728
692
672
624
696
686
720
714
682
722
762
762
720
656
644
696
666
620
634
618
622
686
736
762
760
716
726
740
732
736
716
658
708
728
758
756
726
684
710
704
772
736
708
660
642
710
638
602
632
678
730
802
808
798
726
710
728
722
652
662
664
696
704
734
696
676
658
682
654
654
614
630
646
652
692
684
676
690
682
654
576
600
590
608
584
610
666
686
752
744
706
726
748
628
844
642
654
652
648
630
604
662
676
714
670
702
704
796
762
694
690
646
648
602
610
622
678
702
730
682
702
698
718
682
676
682
710
732
712
622
708
720
680
842
758
766
734
758
538
878
680
704
700
662
652
698
722
712
664
686
712
670
706
704
724
722
684
672
738
688
684
636
716
628
620
682
742
702
714
704
726
698
702
674
664
650
676
696
656
696
644
772
724
734
688
696
688
668
686
654
700
734
506
632
790
698
778
686
650
658
680
758
764
718
682
690
744
718
718
616
662
674
692
714
708
686
506
582
636
678
636
708
614
598
612
606
698
684
686
668
802
718
708
696
684
722
740
730
720
650
704
720
718
658
718
728
734
732
574
792
720
716
664
706
704
704
688
740
638
682
686
684
756
762
726
648
686
670
686
680
680
660
608
628
608
596
560
618
614
648
688
692
700
712
738
738
736
736
706
620
634
634
642
646
650
646
568
796
684
684
668
682
682
672
718
720
774
786
802
754
502
600
808
782
774
718
728
784
742
656
686
656
678
614
612
604
624
598
610
640
630
612
644
692
728
768
760
742
708
706
692
730
684
622
642
644
668
734
746
626
710
710
768
750
788
606
642
758
728
646
768
702
704
770
774
764
754
690
762
602
752
800
808
804
712
524
910
678
688
790
780
704
692
748
740
726
692
734
658
778
690
654
712
656
716
718
744
734
732
730
738
652
660
594
660
670
692
678
652
688
748
714
668
666
728
696
684
628
706
724
760
756
694
740
746
728
638
630
652
680
678
740
764
750
738
772
664
666
598
752
786
784
832
788
808
872
828
754
738
712
760
706
668
652
714
724
718
688
726
744
746
758
730
672
676
686
656
716
680
706
750
780
792
764
708
706
684
618
606
660
738
760
814
798
774
704
640
666
660
652
732
728
798
734
688
710
738
762
748
730
632
632
640
592
624
664
724
762
780
754
668
684
650
680
672
660
666
676
672
710
690
668
680
616
622
686
700
738
772
784
792
746
772
768
800
780
774
724
706
696
708
632
660
738
746
764
776
768
728
668
678
608
634
600
654
746
714
654
738
764
780
696
760
784
790
810
752
794
822
806
798
716
758
752
750
728
740
738
718
722
728
764
780
714
648
582
636
728
820
810
776
766
746
686
676
682
694
654
644
608
598
598
600
590
608
588
574
572
624
564
608
602
628
656
676
688
698
670
650
682
660
658
662
672
578
616
576
594
658
712
730
808
776
822
774
752
782
758
744
682
648
660
642
698
694
664
634
690
686
714
696
692
654
690
692
754
732
760
684
670
658
710
702
720
714
652
634
682
656
642
662
686
706
644
666
654
664
744
768
770
806
714
712
716
704
698
666
662
694
724
750
760
718
750
734
746
724
712
684
698
678
678
662
652
698
650
656
648
724
708
648
668
644
670
726
748
754
760
692
740
734
710
756
706
708
700
706
712
734
780
706
706
764
744
664
654
660
680
706
772
728
700
740
714
768
680
682
692
704
680
686
648
696
688
678
696
618
648
690
648
682
668
678
676
640
662
658
676
682
726
666
682
680
678
636
620
644
620
656
642
670
626
626
622
666
644
610
506
708
596
588
604
586
618
624
634
630
654
588
618
562
628
632
650
666
666
608
646
556
586
540
592
594
632
658
636
554
600
582
596
614
608
614
580
616
608
604
578
602
558
570
622
610
592
636
610
608
656
608
600
594
576
608
656
678
650
640
614
708
730
# end time: 2014-03-06-17:33:53, 1394145233.89
