# R wave intervals in milliseconds per line
# feeling tired and anxious after a day of much caffeine
# start time: 2014-02-25-22:23:05, 1393384985.17
574
724
588
638
714
770
796
758
740
770
754
782
782
716
746
720
734
716
734
682
698
668
686
668
724
686
722
748
832
806
842
804
510
810
700
758
714
770
730
718
774
792
798
634
756
934
830
814
774
796
798
798
508
604
696
714
778
756
782
768
788
804
812
792
840
630
502
772
684
516
760
542
752
782
800
806
810
804
796
834
806
762
816
832
806
744
816
806
712
900
848
848
822
718
950
846
634
1004
790
788
768
768
748
816
808
760
810
824
798
736
778
512
580
772
650
712
734
592
876
698
716
702
794
738
712
726
680
710
706
726
708
748
780
786
718
748
768
766
770
794
782
812
778
794
774
798
800
826
508
776
768
836
504
616
748
534
716
792
852
734
796
626
552
832
732
762
736
540
852
734
816
834
830
784
722
666
708
606
696
564
828
828
876
832
848
820
798
798
794
546
666
660
696
730
730
702
708
740
790
830
828
758
748
750
822
790
746
748
792
788
696
760
682
704
752
780
836
782
840
824
764
704
712
728
722
724
642
630
684
538
610
714
726
516
802
538
790
792
728
714
768
756
758
752
714
764
746
756
718
728
768
778
790
782
786
800
802
758
802
758
758
810
776
774
774
818
784
786
738
808
800
772
646
832
770
794
772
784
806
810
800
784
762
758
728
744
714
708
684
734
784
766
772
774
818
758
662
684
654
728
762
770
784
750
796
804
780
738
756
770
740
752
702
714
734
760
824
806
794
778
814
732
730
724
772
714
776
768
770
720
684
714
700
704
710
682
688
668
632
714
748
772
770
712
716
736
734
746
732
706
686
762
750
738
726
796
790
768
768
812
818
832
784
800
808
784
810
776
790
780
786
766
768
752
760
692
704
762
792
754
636
820
692
660
676
710
738
754
746
746
746
716
702
680
668
698
606
596
652
730
796
812
792
832
868
828
634
926
784
736
662
714
734
766
778
726
766
742
718
786
712
712
766
796
754
730
844
866
850
622
854
664
650
680
680
720
628
946
710
508
764
766
812
790
762
782
796
786
854
810
802
808
860
900
772
800
852
820
818
886
776
740
828
832
836
816
810
778
762
688
700
740
774
762
720
676
674
722
778
826
886
844
796
812
778
718
654
648
674
704
830
854
804
840
828
816
828
768
758
758
748
794
748
774
788
792
756
730
774
780
750
790
784
784
798
786
748
758
748
794
622
594
670
732
596
666
658
666
634
688
654
708
658
650
656
760
646
764
534
644
692
706
794
782
796
780
772
754
690
712
722
738
728
810
788
766
806
776
820
794
756
730
800
782
762
736
748
730
772
742
658
734
738
732
792
734
750
786
796
758
722
766
756
728
722
758
768
756
730
764
774
730
732
730
752
778
706
752
766
764
728
708
718
748
696
710
752
790
818
758
724
724
692
678
640
676
728
744
752
616
650
618
622
622
676
710
688
684
700
764
736
694
688
668
750
694
702
688
678
742
740
770
736
810
792
790
760
806
798
786
730
724
666
848
768
762
786
772
774
672
652
710
724
746
722
680
676
752
700
702
648
652
710
688
762
778
806
734
696
726
736
768
844
836
804
798
756
758
754
718
648
638
598
626
660
646
706
776
772
732
704
754
764
786
762
786
726
770
784
852
826
824
766
798
782
746
728
712
782
796
800
818
810
776
802
780
750
718
732
798
804
816
798
844
796
774
714
706
734
750
810
752
736
768
822
792
760
792
790
706
698
670
680
670
696
658
640
658
668
686
682
640
690
666
686
686
750
728
714
742
778
866
846
784
738
748
740
688
734
738
780
790
772
820
822
814
804
748
728
754
772
742
788
784
790
818
754
800
784
772
750
696
764
742
734
744
710
722
752
752
762
720
756
746
792
736
736
748
774
710
764
734
746
738
748
688
682
682
650
706
696
732
722
696
800
734
714
734
740
792
738
732
758
790
746
756
736
794
774
708
750
712
720
704
664
696
704
734
776
766
704
752
768
764
714
710
680
744
724
742
688
690
780
782
754
784
768
784
742
698
748
750
776
770
748
734
714
766
718
654
692
670
684
692
576
764
714
722
730
672
684
592
838
582
564
640
642
772
758
788
784
566
592
760
748
718
570
780
712
684
670
624
574
600
614
604
696
782
808
812
848
814
858
824
738
712
720
666
676
674
618
630
586
620
620
686
756
796
818
824
808
822
742
790
780
736
760
648
642
694
726
788
836
808
774
766
756
728
738
630
678
682
704
788
772
710
728
740
722
746
688
690
700
730
670
646
714
716
748
740
746
804
756
792
696
718
700
742
686
672
744
720
754
694
754
740
738
750
718
732
698
644
692
662
706
646
656
746
736
736
728
736
770
774
768
746
710
706
684
682
604
684
680
698
670
634
680
702
712
646
654
616
642
648
688
684
680
708
748
728
742
710
720
752
744
702
752
764
752
800
718
714
740
720
720
716
730
706
794
756
664
736
716
744
720
692
696
738
688
670
612
636
614
656
696
762
768
716
722
730
732
766
718
686
738
706
742
672
712
692
734
616
868
732
748
752
774
736
752
754
764
716
658
716
734
758
734
700
714
726
592
852
694
686
716
714
538
816
704
700
694
642
700
756
770
782
746
750
748
738
690
742
736
698
724
656
718
730
738
696
704
714
718
686
704
682
706
692
662
770
742
702
636
674
656
658
680
656
706
684
726
754
758
738
756
768
780
776
720
646
702
722
750
766
812
756
748
780
750
722
698
748
768
770
784
750
764
748
684
600
600
646
670
734
778
754
718
696
694
702
716
720
668
660
636
676
660
718
720
716
648
700
686
700
774
736
716
734
736
756
740
672
706
702
772
800
838
792
782
784
756
806
760
744
748
752
760
726
728
730
722
728
644
618
678
710
704
728
662
712
716
650
730
712
720
666
680
690
692
706
666
668
630
712
772
802
800
824
790
834
768
712
714
692
770
778
764
730
740
802
782
756
784
778
794
816
772
796
800
772
724
734
742
772
838
752
760
694
714
700
718
700
660
710
696
728
698
672
674
666
724
860
808
770
740
820
820
780
528
686
738
770
766
702
652
696
760
796
828
796
766
772
684
650
580
606
816
594
760
840
798
820
796
784
732
752
736
722
758
772
614
740
558
792
802
788
760
610
982
754
554
700
776
808
816
754
724
788
756
756
714
718
720
722
656
612
666
658
716
848
842
802
758
524
604
564
642
680
688
704
736
746
730
730
732
744
722
790
824
848
580
780
632
744
760
760
768
780
736
758
714
670
646
704
682
688
644
684
706
740
668
668
712
724
758
756
718
682
700
646
666
754
650
642
654
660
648
744
788
826
832
860
824
798
810
608
852
676
654
624
672
654
646
712
822
880
868
900
852
820
806
724
646
702
692
708
716
772
748
720
730
684
676
688
718
748
832
764
732
652
706
712
786
784
778
758
738
640
710
652
654
596
598
622
632
710
692
688
686
732
720
632
638
618
644
612
642
682
684
712
754
730
652
650
616
614
638
764
826
794
790
756
782
762
740
676
676
614
636
636
680
732
738
776
764
678
624
640
660
700
762
790
800
732
702
700
700
730
734
720
700
702
730
732
800
808
558
586
766
784
804
758
744
628
770
670
656
668
668
712
748
790
786
794
764
752
756
716
668
628
704
632
582
620
650
676
654
682
650
684
718
788
766
776
702
650
652
644
638
636
746
780
800
768
702
664
676
694
714
768
748
738
694
672
616
628
614
694
718
828
848
820
830
898
854
830
820
722
740
620
604
630
716
764
812
822
806
760
754
634
662
634
616
746
818
864
852
886
846
852
832
806
826
766
738
812
788
780
724
732
790
794
780
716
792
788
802
786
706
758
754
694
668
554
618
598
738
508
752
802
820
810
832
720
696
618
618
668
684
714
756
744
750
708
728
760
520
598
790
780
756
742
740
694
686
662
610
680
784
662
522
738
722
736
674
688
614
632
576
752
510
554
584
820
838
834
828
860
802
784
798
770
748
736
722
776
734
708
674
690
650
692
612
700
548
534
612
684
728
744
830
834
816
768
782
802
556
586
792
718
714
654
678
668
686
762
840
830
880
816
816
814
788
744
770
750
768
782
780
712
770
766
770
786
760
806
828
818
706
674
670
654
732
764
782
700
640
610
700
712
754
830
822
780
800
808
648
942
720
768
780
824
758
822
808
876
814
810
832
830
794
746
748
784
776
744
660
692
706
782
798
838
778
710
734
754
770
782
770
770
756
814
760
806
726
718
744
772
816
820
812
828
810
854
786
784
814
788
724
670
696
788
780
770
670
696
708
728
746
732
664
636
656
668
768
802
810
748
740
724
688
728
744
762
784
776
666
686
716
702
652
676
686
734
752
752
782
718
716
730
686
646
652
718
772
780
856
766
748
812
784
792
750
758
814
782
768
746
796
776
816
736
726
754
782
802
784
816
818
828
774
786
794
796
704
706
644
700
740
694
708
718
740
736
708
620
628
688
872
812
846
784
808
726
908
764
708
726
714
682
630
634
718
726
724
764
716
698
666
654
650
606
608
608
616
544
532
592
612
742
804
816
852
872
832
828
764
742
698
784
766
742
786
694
702
674
690
738
678
726
682
708
754
782
716
736
720
766
750
744
716
694
718
654
782
516
616
606
594
586
650
514
626
684
730
722
760
808
844
758
782
776
762
730
758
690
634
656
668
658
664
708
806
798
848
762
806
758
708
618
644
606
622
638
652
680
688
848
854
842
816
734
670
644
626
582
604
576
582
576
592
640
608
662
614
704
748
848
834
764
682
656
608
580
644
716
788
814
802
778
770
772
756
810
776
760
736
762
758
838
840
856
812
744
752
704
670
648
628
630
612
624
612
624
636
702
768
786
782
830
754
730
634
636
616
592
630
688
800
810
792
834
846
856
836
810
824
774
726
782
772
746
742
682
670
734
820
836
852
776
766
756
772
750
700
704
712
774
820
814
744
718
766
744
716
672
716
770
808
812
728
746
752
780
796
804
770
802
758
686
642
668
662
672
700
640
628
654
712
766
806
876
830
754
760
694
728
634
612
584
602
576
656
738
806
884
854
820
812
802
838
792
730
738
732
772
786
850
768
760
792
812
836
832
800
798
774
796
732
748
758
832
820
816
786
792
762
818
772
758
770
840
792
728
738
760
812
744
658
648
658
698
702
720
708
632
652
692
734
818
724
752
698
754
774
780
836
754
758
750
802
762
702
770
774
768
672
670
686
726
798
748
708
640
732
744
802
784
772
756
708
690
628
670
724
736
768
784
754
754
706
756
664
652
662
656
670
694
718
772
756
772
780
794
810
780
768
694
618
654
632
694
726
810
828
828
740
774
730
756
750
732
724
704
648
608
654
658
688
720
758
772
782
742
684
684
654
670
654
658
634
746
744
736
714
706
590
650
664
690
712
756
664
636
650
710
660
654
744
800
800
796
770
780
738
648
654
652
672
610
688
738
780
772
780
676
660
684
686
684
678
724
704
762
750
726
674
700
718
724
742
694
698
736
702
704
698
698
690
702
690
732
704
758
738
734
732
802
750
670
718
644
616
654
756
534
820
818
840
792
740
758
706
656
708
606
750
810
866
840
804
742
708
706
672
782
792
842
864
844
810
776
738
686
726
668
616
662
674
770
724
714
760
784
806
824
784
776
730
754
704
682
662
730
780
720
694
698
732
704
762
814
842
830
822
784
798
766
704
644
622
608
822
546
884
898
882
862
890
870
816
822
742
718
710
722
766
718
800
854
794
756
752
830
846
888
886
838
908
834
780
778
710
734
672
706
704
742
628
930
792
754
790
746
750
750
764
774
784
772
790
784
720
712
764
722
716
734
766
754
742
724
702
648
702
716
716
710
688
704
668
630
670
642
622
592
612
638
700
742
774
770
736
766
690
632
672
690
694
710
770
696
674
674
664
650
714
756
796
808
832
790
816
802
774
738
710
684
672
890
662
686
658
650
708
770
672
662
736
726
756
758
802
774
758
710
694
678
710
740
762
774
736
752
786
788
760
720
680
738
728
776
724
722
684
668
660
716
752
830
834
806
762
674
672
600
608
648
754
844
856
834
868
798
780
768
730
734
702
686
746
724
662
734
808
860
720
730
768
818
840
828
838
776
702
626
658
674
680
652
732
788
818
830
816
798
770
630
688
678
680
790
820
760
648
740
730
762
784
782
766
794
722
670
630
656
676
684
748
808
894
872
802
820
862
886
836
782
670
686
656
648
568
766
820
878
870
866
834
774
794
806
806
800
722
666
732
774
876
822
692
656
612
724
744
838
844
840
816
828
762
706
674
606
584
612
650
668
748
766
770
844
868
914
832
770
748
678
706
764
804
858
838
830
794
708
716
670
662
670
906
604
814
850
852
862
806
828
722
678
624
622
706
708
758
754
806
780
764
720
742
716
682
644
618
622
694
760
816
840
832
762
714
756
700
718
634
626
856
596
602
638
644
722
710
676
736
586
602
614
520
642
640
728
674
622
676
672
774
824
826
830
770
752
682
678
602
632
648
602
600
658
706
776
798
778
830
800
768
752
696
648
656
606
630
692
792
806
778
772
820
810
808
804
726
712
710
738
746
782
750
772
784
822
772
738
750
732
768
724
708
708
766
734
750
694
744
768
726
734
724
740
704
708
774
752
838
714
680
728
700
736
716
700
730
642
672
678
700
672
698
692
690
768
700
716
710
720
768
678
664
608
614
576
634
640
726
798
792
818
762
704
770
774
704
628
654
620
692
710
784
774
736
754
760
734
716
792
808
782
766
726
722
770
808
770
754
760
588
602
748
778
770
792
786
652
862
786
764
816
708
732
746
702
758
708
656
698
672
682
696
676
664
682
760
732
682
702
684
662
628
632
638
726
772
810
806
820
818
808
776
752
676
684
724
784
832
840
748
762
702
704
728
754
748
788
716
724
722
718
730
808
762
826
724
704
750
704
712
704
648
666
674
622
650
706
732
766
784
784
736
726
740
680
636
682
710
774
768
752
772
822
746
770
732
678
666
620
646
660
716
772
738
748
754
804
788
716
668
686
664
742
706
686
672
734
750
828
828
818
802
812
762
726
706
696
686
680
710
680
712
666
668
752
660
676
704
774
740
788
740
732
730
612
690
622
638
672
706
794
778
830
770
770
734
702
746
664
634
688
688
764
816
816
786
720
678
662
772
818
798
844
786
744
614
794
676
650
652
730
736
750
744
700
672
734
692
778
826
744
716
760
788
764
762
712
736
752
768
758
722
664
650
704
714
836
808
824
794
734
694
772
778
756
734
648
654
766
810
820
828
748
650
730
778
726
800
690
580
704
680
712
726
694
656
774
756
778
802
518
616
684
588
510
744
776
764
794
786
770
762
758
654
706
728
734
740
808
844
862
844
806
856
830
786
788
716
664
682
710
710
732
670
684
732
760
684
662
708
720
712
756
776
770
810
758
740
708
730
682
692
620
646
646
712
678
694
680
700
708
702
698
760
764
804
734
694
696
734
736
730
734
664
604
630
632
630
702
736
762
746
778
768
714
748
690
666
664
648
710
630
656
670
696
750
774
778
768
720
768
716
664
616
594
640
644
706
734
808
774
716
764
702
644
614
656
640
644
750
768
712
750
736
786
696
702
728
692
770
562
632
650
726
790
784
824
736
634
726
726
758
782
728
680
740
768
776
784
764
700
674
662
734
738
690
646
718
664
638
692
646
700
698
698
712
758
694
668
632
656
646
640
678
716
698
676
694
668
582
694
622
650
652
678
738
752
832
822
722
622
648
684
746
802
816
802
798
740
696
716
686
664
596
656
664
748
818
774
790
842
766
714
694
702
754
748
762
772
684
706
742
716
646
736
690
632
628
700
704
718
782
750
750
672
712
722
730
744
732
734
690
736
648
648
648
680
660
654
654
634
630
610
662
666
710
660
696
682
698
764
502
622
652
674
650
690
708
698
798
796
790
772
728
744
668
634
648
654
732
778
816
822
814
780
658
740
708
736
664
646
652
676
712
752
742
738
718
636
822
790
808
706
774
770
788
768
692
684
600
618
674
638
750
864
868
900
848
832
790
756
746
642
580
608
582
672
668
658
546
846
866
870
848
900
824
656
906
720
716
730
718
698
618
640
608
626
662
704
792
818
790
846
790
634
696
702
648
644
718
792
836
846
846
838
804
690
660
652
672
708
814
810
856
814
766
774
708
672
632
628
568
654
648
746
836
816
816
804
780
584
868
678
604
642
646
598
638
672
680
742
702
724
702
754
652
674
670
668
652
622
688
610
642
614
654
680
686
722
680
720
636
620
664
646
630
606
694
704
688
764
772
844
784
726
650
716
702
682
734
732
674
680
616
660
624
630
628
628
574
678
642
636
642
620
616
624
636
608
700
676
670
662
670
694
716
714
716
764
768
764
736
672
566
732
646
640
668
738
762
768
748
748
804
790
708
634
606
506
756
572
574
600
586
626
658
700
730
774
694
766
712
638
634
586
580
604
634
696
774
862
850
856
814
762
526
794
732
784
822
826
802
810
780
780
748
736
738
646
664
692
756
768
782
778
800
748
722
684
612
628
642
678
686
694
738
790
784
740
740
634
670
696
670
724
780
718
692
736
702
722
674
702
604
644
656
698
798
818
836
806
818
716
648
682
684
704
736
764
718
706
688
748
724
728
710
760
738
726
706
696
756
786
812
816
768
732
734
734
732
730
780
742
756
624
676
702
680
566
644
804
862
814
666
508
784
660
636
636
630
684
682
696
692
718
626
624
752
648
628
680
568
838
660
646
680
554
848
770
748
674
630
582
748
810
822
822
846
798
762
728
716
686
664
702
640
618
610
630
612
676
682
706
720
760
734
692
670
694
680
684
654
670
654
620
634
678
660
648
618
652
602
626
662
668
690
698
792
776
760
722
584
660
692
714
754
744
720
696
746
686
646
742
758
774
798
778
780
710
702
624
858
666
708
672
746
776
836
834
880
800
722
722
704
704
656
692
644
622
648
684
724
758
750
730
710
610
670
644
636
708
710
772
702
746
770
742
708
668
626
702
704
726
786
786
776
708
758
572
600
666
696
762
760
732
736
686
672
642
624
592
630
620
638
742
718
696
752
742
756
740
654
728
682
686
606
680
752
678
622
668
654
666
734
760
764
686
634
732
758
808
818
804
718
760
732
672
648
668
670
728
732
656
640
638
622
620
786
674
692
746
698
690
606
634
630
630
600
630
640
662
672
680
692
722
700
748
742
704
616
662
714
720
740
760
696
632
686
718
704
716
748
704
642
604
676
642
678
724
734
730
764
712
644
752
684
616
686
704
748
814
764
798
748
686
694
672
670
696
720
704
760
746
722
716
688
664
652
650
666
662
682
756
726
708
752
730
798
770
770
678
676
680
706
744
740
752
702
714
720
726
752
752
708
724
706
674
656
644
724
748
784
802
836
778
732
750
756
742
734
724
662
686
708
670
738
716
678
670
656
678
796
780
794
774
776
714
686
600
742
658
826
650
644
674
774
810
826
790
738
758
806
796
784
776
714
736
736
746
654
696
704
742
728
718
718
726
706
612
622
650
666
620
730
712
764
784
802
804
764
784
702
666
650
698
634
668
770
810
870
832
810
776
822
728
720
594
746
676
706
716
742
764
776
728
696
690
700
634
664
658
690
700
720
670
748
746
716
698
698
704
734
772
760
794
740
714
786
692
682
650
692
632
658
640
728
720
746
750
736
742
744
726
774
750
722
728
764
734
718
718
730
770
704
762
780
832
796
792
538
600
528
640
654
670
514
678
786
832
804
822
768
734
684
658
656
664
640
652
646
730
776
804
848
806
796
770
584
818
650
618
658
680
610
672
672
770
786
844
826
846
812
724
664
672
686
698
678
702
758
844
852
844
862
888
862
842
838
750
696
696
726
760
810
814
810
764
736
750
752
798
800
782
752
716
722
738
756
758
728
758
732
698
708
784
578
626
690
686
682
772
786
796
804
872
814
832
506
606
822
748
698
654
722
808
816
818
768
780
756
682
828
686
652
650
650
634
612
700
764
826
862
918
896
888
862
800
576
542
730
728
752
724
762
766
784
752
802
716
732
748
718
744
730
824
780
720
702
684
736
682
712
716
744
762
820
788
788
780
762
826
776
560
684
598
658
718
718
716
710
724
712
642
618
664
662
676
742
764
724
784
690
728
696
760
744
772
794
780
772
736
746
736
752
744
768
700
668
662
704
732
772
824
862
872
866
858
770
792
706
708
690
702
664
684
726
704
746
830
880
890
892
822
832
566
734
682
686
724
758
770
790
744
792
744
744
732
768
764
818
738
772
828
808
732
662
736
702
680
610
634
696
694
702
744
660
724
714
718
680
746
732
712
726
764
754
748
766
734
730
700
720
718
692
692
524
654
528
692
790
810
818
816
734
544
844
682
698
738
786
858
774
794
784
792
768
738
746
708
720
676
658
694
704
742
752
736
736
736
776
742
696
702
684
764
790
784
694
820
766
716
710
690
726
742
766
780
756
680
656
706
742
770
774
770
772
778
768
716
712
660
650
702
750
810
840
836
842
762
714
706
716
734
726
726
746
722
772
746
734
730
692
698
762
762
764
796
748
768
746
782
762
748
724
762
804
782
740
664
762
786
802
822
780
748
732
698
654
658
704
770
834
874
880
810
618
954
796
816
834
826
758
750
686
670
798
830
820
828
876
836
800
738
752
718
770
770
782
764
754
730
692
664
662
604
632
664
714
774
692
734
720
716
734
776
776
726
772
778
770
754
730
754
666
740
674
638
690
698
758
834
846
856
846
836
830
768
718
730
722
702
756
756
736
732
682
648
604
678
616
662
718
780
856
820
890
868
850
790
706
698
720
750
764
766
728
658
660
682
706
736
760
818
790
700
736
714
746
718
636
700
708
738
744
722
776
764
726
748
692
684
624
642
608
658
728
732
786
822
832
788
816
800
788
748
758
734
764
734
690
598
922
784
754
744
718
708
694
704
654
630
634
698
736
800
818
864
796
778
760
716
744
820
802
794
818
750
688
614
620
672
700
726
796
768
818
788
798
750
732
680
696
698
734
806
818
820
808
840
790
776
820
796
716
694
690
706
798
814
802
858
848
802
830
768
728
762
678
742
766
810
780
720
706
694
670
682
732
790
812
796
768
736
760
748
758
766
752
772
690
712
738
730
774
742
586
592
760
560
690
640
736
818
860
868
850
586
704
702
774
770
768
782
812
814
794
748
710
870
680
576
706
536
814
814
520
770
820
566
632
810
794
768
634
734
734
750
768
760
758
750
716
724
658
656
672
692
734
512
796
880
668
550
686
508
558
684
714
758
678
504
704
700
668
612
632
640
640
670
682
696
718
756
782
712
754
686
730
636
688
704
768
828
840
572
612
774
546
826
768
758
754
734
768
734
770
734
538
596
802
548
776
562
602
698
522
688
682
634
700
724
760
768
754
502
662
742
746
732
756
600
706
744
738
922
556
700
662
702
786
546
866
730
904
760
900
836
858
810
820
820
828
808
528
636
800
540
508
630
778
700
756
836
700
546
782
504
576
528
830
548
628
502
802
534
634
748
534
790
760
524
592
786
504
744
552
588
758
558
802
522
596
772
580
814
534
602
502
530
636
740
524
764
514
578
778
512
800
784
712
676
728
742
530
586
758
716
732
748
534
510
630
802
754
514
798
772
780
756
802
734
568
608
582
712
600
752
720
576
626
732
550
812
786
506
626
548
618
682
652
768
802
524
744
826
810
802
802
754
766
750
750
1450
872
524
704
700
820
806
774
806
780
504
562
582
744
804
538
606
694
528
698
682
666
688
652
774
694
756
804
764
764
790
768
642
866
718
716
656
630
634
654
678
666
732
804
644
1028
828
842
582
888
846
886
860
856
776
788
754
808
770
696
686
708
736
810
588
622
820
844
836
818
754
762
768
802
808
812
624
708
546
704
744
534
786
818
586
558
820
710
614
584
640
622
544
708
606
660
532
716
612
590
644
660
636
640
648
566
586
536
640
612
634
624
632
596
610
520
582
566
582
604
658
722
694
706
516
554
646
586
802
786
528
754
770
770
724
782
712
720
580
628
586
604
608
688
734
702
556
574
708
584
712
544
608
816
630
638
674
694
702
728
662
640
638
598
624
564
606
616
680
766
794
552
584
614
706
726
700
660
640
626
628
588
534
568
620
592
692
722
656
734
616
634
584
602
668
762
786
786
788
758
504
576
640
706
696
640
738
632
682
652
642
694
554
648
632
670
636
666
628
634
616
584
586
586
582
626
652
644
796
748
668
802
696
634
640
670
708
732
718
716
718
718
828
646
618
726
758
736
790
744
760
762
664
786
668
738
616
596
518
646
706
586
832
692
794
832
838
824
742
764
664
600
650
616
598
634
604
662
654
734
750
752
772
728
702
622
676
606
564
592
612
646
732
834
624
854
838
868
816
780
744
718
730
690
678
746
772
804
834
798
754
746
642
690
536
652
642
766
776
728
750
834
832
782
940
780
746
746
694
676
776
740
738
786
748
726
566
724
950
614
682
802
772
752
978
572
590
750
528
730
692
586
764
778
668
744
720
584
662
508
706
702
734
606
508
750
518
610
726
774
746
758
920
586
814
650
788
760
868
764
762
502
612
734
794
790
794
762
624
638
732
790
800
790
714
804
612
774
756
774
692
788
642
648
652
650
736
736
682
826
572
684
778
704
690
872
648
680
770
718
708
696
746
732
686
678
642
686
660
714
772
764
644
622
834
648
646
740
584
810
746
550
742
750
748
702
678
660
616
560
820
522
728
570
658
646
760
786
792
806
804
796
802
700
710
778
810
832
832
856
842
770
822
806
572
710
710
796
842
584
526
726
578
598
786
710
534
804
548
622
828
632
586
780
790
764
792
792
782
684
708
668
720
772
702
714
732
724
714
704
646
614
562
636
642
678
666
678
688
700
666
678
720
714
620
790
694
696
674
712
646
664
648
676
698
602
614
620
650
630
696
676
676
734
712
712
698
690
662
690
688
746
756
778
808
764
808
728
714
676
640
600
620
628
670
784
802
806
802
850
742
740
730
656
618
662
686
708
722
752
740
700
696
648
628
662
600
696
716
768
772
728
714
766
704
698
676
734
688
684
734
762
772
748
770
696
702
642
674
666
646
700
744
758
800
786
800
798
778
754
734
704
690
626
660
622
648
672
746
850
516
864
652
986
780
718
656
672
682
706
776
786
742
736
708
768
732
718
678
670
# end time: 2014-02-25-23:33:27, 1393389207.48
