# R wave intervals in milliseconds per line
# start time: 2014-03-13-19:52:11, 1394754731.03
654
686
664
732
794
716
652
650
632
624
642
676
750
826
852
838
860
862
862
788
740
786
770
728
740
790
810
788
798
806
786
756
784
790
760
734
782
880
822
884
840
852
824
756
666
702
714
748
786
744
728
796
784
722
668
690
722
764
700
690
722
722
708
722
740
776
730
762
798
790
746
742
746
802
764
736
720
780
816
808
848
832
826
742
706
646
672
696
664
658
748
766
778
772
846
844
794
752
778
766
772
736
758
776
772
712
758
742
748
726
722
722
780
800
746
798
776
712
724
796
770
702
714
728
756
700
706
790
794
822
772
788
808
816
834
802
804
810
784
738
694
782
788
782
780
810
802
790
760
778
748
702
686
728
710
716
686
760
744
714
698
738
752
752
694
708
722
702
690
660
698
712
778
742
728
756
752
784
702
700
718
706
684
656
708
696
678
662
728
732
740
706
686
758
734
690
730
716
762
722
666
680
734
730
734
726
758
758
808
720
712
720
720
648
720
770
816
822
796
758
778
766
752
724
726
746
766
744
754
756
814
756
748
760
754
724
710
724
726
662
690
632
688
698
718
680
720
746
730
710
734
736
688
690
734
782
824
790
762
792
788
806
762
760
782
780
796
728
756
792
808
816
814
792
848
814
766
718
752
770
796
776
808
812
820
810
758
782
788
748
724
684
710
684
732
686
724
756
770
730
700
714
712
690
658
702
746
798
792
760
776
772
770
728
714
696
780
772
682
706
704
772
734
716
760
734
688
670
670
730
758
764
728
764
738
742
662
746
718
708
726
720
740
758
726
722
748
716
706
708
694
664
700
738
764
744
712
714
724
742
742
780
778
832
748
722
736
718
698
754
710
732
716
768
782
722
716
780
758
708
682
670
656
670
736
688
674
708
746
774
774
722
668
710
680
744
702
680
718
746
774
762
762
776
756
768
708
788
752
750
724
730
768
782
774
754
796
792
782
718
664
682
700
728
752
692
752
770
764
714
706
728
734
790
754
664
674
630
662
698
734
760
778
794
762
740
778
732
756
700
682
754
732
708
774
766
826
800
774
746
740
716
754
748
712
712
748
752
750
706
736
730
712
688
720
746
760
762
780
782
776
764
746
772
780
780
744
726
744
774
794
738
646
888
730
740
776
820
788
750
754
760
728
700
722
748
702
734
762
818
822
722
704
700
738
728
676
714
754
792
814
810
820
830
858
810
842
810
750
718
678
674
690
744
742
786
802
742
754
774
776
708
684
690
744
722
694
718
736
750
714
722
764
762
770
752
744
766
766
754
702
724
756
802
766
702
698
738
752
710
712
752
792
814
814
786
778
738
746
796
786
742
710
718
746
768
756
746
772
758
734
698
720
744
748
752
782
792
794
732
744
756
752
722
726
760
786
728
656
688
726
762
736
712
724
742
750
760
798
826
832
814
838
736
706
756
712
670
696
706
804
744
744
646
690
668
662
668
686
718
702
680
692
628
696
674
694
706
724
720
724
696
702
658
674
662
684
700
716
674
700
692
704
676
676
704
710
704
676
670
688
706
716
718
684
700
720
730
690
700
746
750
718
652
694
696
694
700
686
712
734
718
698
710
734
742
744
690
720
744
746
724
702
734
736
744
694
684
706
744
768
756
744
766
780
768
714
720
720
718
672
656
690
726
758
720
724
736
696
648
662
686
694
714
682
714
732
712
708
668
652
660
668
668
648
678
708
704
716
718
728
736
696
664
678
702
720
700
714
750
780
786
772
778
772
758
744
684
752
756
770
702
672
694
710
722
704
690
740
756
778
718
700
716
738
712
666
670
694
696
686
668
650
674
702
722
702
680
706
712
710
690
726
762
760
712
716
714
704
652
644
652
644
692
736
734
756
720
716
670
696
710
640
628
640
644
708
768
792
738
744
762
718
682
710
704
680
710
720
696
666
690
698
666
678
708
716
682
706
728
706
680
682
684
660
632
652
692
716
696
744
788
788
766
720
730
740
700
754
758
732
746
780
794
764
758
774
790
744
714
714
716
714
722
702
654
662
698
728
730
702
724
684
734
764
744
720
672
602
612
622
676
724
756
772
798
784
750
720
658
668
676
618
640
622
640
638
652
700
748
756
750
738
672
636
636
634
616
670
730
786
778
802
770
696
684
662
638
652
710
724
686
666
616
600
690
772
804
746
688
708
712
742
756
774
742
720
728
720
716
724
738
740
742
722
712
686
710
702
678
738
754
772
772
776
760
752
738
726
786
712
722
698
690
694
706
710
716
714
708
712
710
690
682
742
702
680
690
712
716
720
738
734
716
724
724
698
738
678
678
680
692
692
686
704
720
726
730
690
674
672
664
660
696
718
688
746
754
762
692
682
624
684
638
658
686
732
762
782
762
782
776
776
750
722
682
690
718
752
780
772
752
824
812
780
710
690
702
724
724
726
726
728
768
790
762
740
694
716
690
642
674
696
708
714
694
642
650
656
650
662
690
682
662
674
694
702
660
632
632
604
612
634
612
610
646
704
694
734
750
720
706
702
716
714
692
784
786
712
696
732
764
782
764
730
724
732
750
712
738
702
720
740
738
758
690
674
626
632
598
622
664
674
662
574
568
532
578
502
504
514
554
948
520
512
508
512
514
516
532
532
526
532
530
528
534
564
596
620
642
670
718
720
668
660
686
698
722
696
640
596
652
706
682
650
742
754
788
810
812
788
788
784
768
760
750
798
752
764
810
828
818
844
848
842
848
846
832
848
852
828
834
842
806
778
822
810
796
760
794
798
782
818
846
814
784
764
732
662
616
682
692
708
742
770
764
742
742
794
734
740
738
704
678
754
760
766
756
790
796
798
754
730
766
782
782
780
852
840
822
802
808
814
798
744
722
730
766
780
772
794
822
786
820
814
796
768
796
796
766
758
798
818
790
780
784
772
766
714
718
684
694
764
744
756
836
848
832
848
844
848
818
770
760
770
782
782
776
786
860
824
836
852
838
774
802
760
766
776
772
784
814
824
810
834
862
854
790
766
790
714
712
738
782
800
770
744
788
828
852
802
818
814
818
792
796
812
788
808
734
748
776
812
796
806
844
810
778
822
776
822
764
806
754
790
768
788
794
770
728
736
722
790
792
800
772
694
668
584
568
620
622
758
834
870
874
890
910
870
864
826
800
806
732
752
826
822
806
820
840
846
834
836
844
826
782
768
758
708
730
768
802
808
810
800
798
780
746
708
728
746
752
784
800
816
774
782
798
782
748
756
764
752
782
764
802
800
754
762
824
820
780
774
780
790
736
734
714
680
694
732
808
840
846
818
832
828
780
750
800
766
742
760
794
784
750
704
720
676
662
686
740
786
802
754
750
750
734
698
716
768
794
806
816
840
840
812
836
828
862
814
786
790
844
762
832
812
788
728
738
734
704
728
654
632
626
608
664
672
622
642
624
646
618
662
732
766
788
794
758
716
680
676
738
744
762
754
700
682
704
720
730
694
654
690
736
774
744
730
702
680
658
696
688
656
620
572
582
562
568
568
608
688
814
858
830
820
800
832
740
758
784
796
772
734
778
748
720
680
660
706
772
750
702
714
712
792
784
780
730
752
764
702
718
702
730
754
738
692
736
782
806
798
770
778
774
728
702
698
676
720
784
830
786
748
772
742
726
700
742
722
686
764
828
826
834
834
846
806
812
810
758
696
726
764
800
764
800
840
826
794
850
852
820
784
814
784
730
738
842
832
828
882
910
900
838
832
790
732
742
716
676
766
822
864
816
862
880
880
810
814
814
800
744
728
788
762
734
760
766
706
732
780
794
746
762
838
812
742
792
758
782
688
722
738
726
756
792
810
754
762
794
822
752
810
796
744
682
660
646
670
708
720
794
870
890
854
842
832
822
754
776
820
828
786
832
852
840
768
786
808
816
764
788
830
852
818
764
804
786
802
780
822
844
824
764
740
756
726
698
734
766
788
798
746
728
748
848
798
802
832
812
760
780
812
826
806
742
768
802
796
856
790
818
818
820
764
768
812
790
756
788
804
820
844
728
732
742
802
748
750
784
794
728
744
814
802
786
736
746
738
718
732
762
766
796
832
842
814
814
800
728
712
732
730
714
690
712
736
700
710
744
756
708
694
782
792
806
816
792
762
790
804
786
790
770
794
796
852
824
796
826
836
876
858
870
834
756
774
802
788
754
712
712
716
778
742
746
812
812
776
780
812
810
782
780
814
826
782
788
812
804
752
782
798
794
750
754
850
812
722
746
774
748
712
772
820
824
782
822
840
814
784
788
796
798
738
704
744
808
828
802
798
864
808
774
758
768
748
716
738
764
856
868
800
760
752
788
790
752
790
816
834
770
774
810
804
838
774
800
822
796
772
812
808
748
734
782
824
824
768
768
774
788
706
718
792
784
728
746
820
806
730
750
756
702
704
732
704
778
790
826
828
718
778
774
774
750
736
762
766
720
684
742
782
818
806
822
840
834
770
772
802
794
794
730
728
760
776
752
754
792
808
814
772
748
756
746
726
662
716
748
760
728
768
792
754
768
768
732
664
676
704
718
714
696
686
706
754
784
746
770
776
770
728
752
752
742
688
706
722
784
756
790
788
780
716
710
720
742
746
722
744
770
782
762
746
764
770
728
724
660
674
660
638
650
676
664
666
706
724
736
710
716
720
730
722
688
722
740
742
720
670
626
622
634
658
698
736
732
748
766
748
702
720
740
740
710
682
686
696
710
704
694
748
770
772
720
712
706
708
676
704
718
728
714
676
692
712
718
692
708
730
744
732
692
706
704
708
666
664
680
698
714
690
686
712
716
708
678
696
708
720
702
686
706
714
756
690
670
676
684
664
652
678
690
700
662
694
714
700
676
674
700
722
688
632
614
628
652
674
654
620
634
692
746
748
742
784
778
760
710
716
736
740
720
670
646
688
656
692
714
714
692
702
716
702
694
716
720
680
680
696
706
702
668
678
698
692
672
710
744
752
708
692
716
730
712
680
690
718
706
692
724
770
752
720
748
756
760
740
756
720
792
762
728
668
700
720
746
722
704
732
756
766
740
712
732
720
692
650
662
690
706
704
742
784
764
716
734
752
744
706
740
776
766
720
756
776
758
708
726
744
736
720
744
778
778
740
754
762
720
702
730
758
774
762
786
768
694
684
712
654
654
634
672
722
734
700
736
758
738
690
714
748
748
720
760
784
772
746
790
814
784
724
742
760
758
758
772
774
664
618
662
616
612
634
720
824
822
868
752
778
750
732
652
624
590
622
636
670
714
748
774
776
776
770
746
760
694
686
708
736
756
730
726
756
790
798
744
704
692
764
762
766
738
714
732
766
774
762
726
736
748
768
738
744
782
796
798
768
786
790
822
770
758
772
766
716
662
678
660
652
654
714
762
734
708
738
742
780
698
718
732
738
698
704
742
776
766
742
770
792
772
730
758
762
732
690
674
732
716
688
664
700
730
738
706
752
758
714
690
692
710
702
682
716
744
752
714
710
748
776
772
720
722
732
730
688
686
732
770
764
758
754
744
710
690
702
716
704
710
750
780
738
724
748
744
694
694
704
700
670
666
712
726
704
676
712
718
706
680
718
728
746
728
696
698
712
728
728
694
662
684
702
724
700
676
696
732
754
704
694
722
734
730
680
696
714
726
678
694
628
652
634
646
636
678
610
556
588
604
860
708
794
798
770
750
736
712
706
708
708
724
734
760
768
774
758
730
706
692
702
704
686
666
680
674
704
768
766
766
740
696
660
678
698
786
832
844
846
892
810
758
760
766
770
784
766
736
742
736
798
774
772
756
726
804
768
770
758
718
740
732
754
766
672
638
686
680
702
686
676
668
654
642
638
650
662
684
676
650
656
670
678
692
666
630
626
614
630
662
752
802
810
814
772
746
688
640
620
608
602
592
608
622
620
628
604
616
634
620
612
598
606
650
736
794
794
780
770
742
678
678
712
732
730
722
718
732
730
728
690
682
630
632
636
652
622
636
664
660
688
712
668
666
692
696
710
702
658
658
678
702
740
780
722
724
716
704
680
666
674
688
694
686
718
712
712
656
656
694
698
702
674
646
636
654
620
614
616
676
754
774
784
746
678
724
680
646
678
682
698
718
696
700
684
690
658
654
646
620
626
652
702
722
792
786
768
724
662
644
648
670
688
720
698
722
742
724
714
680
670
658
630
620
624
662
694
706
678
684
690
686
642
636
642
674
716
742
728
682
688
712
738
762
764
796
770
714
708
706
722
728
760
744
720
730
754
770
732
736
768
768
752
710
714
734
746
732
732
746
760
704
754
720
752
706
712
704
618
602
614
638
650
658
672
606
594
580
606
618
640
622
642
684
730
756
750
738
702
712
636
624
618
656
666
692
716
700
706
696
646
636
654
686
732
748
744
736
680
652
624
640
646
682
690
648
620
646
626
586
628
620
632
650
630
610
606
604
586
584
570
560
606
606
604
622
702
746
774
792
732
686
650
646
652
674
700
680
728
720
738
732
734
722
714
724
684
680
700
768
814
814
810
756
728
738
728
740
756
764
764
782
784
744
682
686
716
744
746
696
714
718
732
690
656
678
694
716
728
694
690
714
706
698
676
698
724
732
730
690
706
704
706
676
662
684
704
728
732
730
748
752
736
696
668
684
694
698
782
772
760
760
744
740
724
708
724
740
758
762
738
730
742
736
700
676
680
710
730
744
730
758
776
774
764
714
712
708
718
696
720
718
726
680
644
634
654
670
700
732
734
698
674
678
664
650
622
600
606
628
644
672
648
632
628
644
648
644
670
642
648
666
690
708
688
676
698
706
722
706
660
662
646
640
624
660
700
718
732
706
712
710
712
696
684
714
736
750
724
728
734
742
720
742
748
756
726
726
720
692
636
622
644
626
636
638
632
642
680
638
630
652
680
656
610
578
574
548
552
538
544
570
628
692
680
592
628
634
596
558
540
534
536
518
542
566
544
556
568
588
586
564
576
588
584
582
604
638
602
538
598
542
528
542
548
540
564
554
574
582
576
584
582
572
568
556
554
552
560
574
612
640
652
670
662
668
654
658
658
656
660
656
660
642
652
670
680
674
636
620
624
646
666
684
724
736
722
690
668
664
640
632
590
596
612
622
670
724
748
720
704
742
770
738
742
762
774
762
734
738
750
774
728
700
712
760
736
712
708
728
712
668
702
744
766
756
712
774
800
794
730
772
768
760
772
798
810
806
770
700
706
694
698
784
734
698
718
718
692
714
758
764
716
698
708
716
738
724
728
726
748
760
728
716
762
764
760
732
682
686
688
690
622
628
622
666
690
678
610
624
626
588
562
558
538
536
540
538
540
552
560
604
604
592
600
644
684
710
726
724
716
678
614
576
570
578
602
618
602
614
572
584
574
606
658
724
746
676
684
688
662
684
626
640
676
696
718
726
678
656
656
668
678
712
700
662
652
626
730
734
764
746
732
696
674
636
640
666
724
742
768
774
784
776
720
658
642
708
720
734
732
758
744
702
690
728
712
672
570
582
550
584
550
526
556
590
650
704
698
688
622
624
614
556
570
568
574
554
554
558
556
564
572
616
664
672
700
716
698
696
702
658
664
616
556
578
566
532
530
528
506
520
504
520
512
528
964
998
510
508
514
510
516
538
568
582
604
614
578
558
532
526
648
746
782
778
764
756
720
716
722
716
738
766
780
768
766
706
664
656
682
738
758
712
736
744
750
758
762
742
714
686
716
740
774
800
828
834
818
786
774
788
792
800
772
824
778
708
706
768
826
850
862
820
830
822
790
762
696
580
574
576
556
560
574
582
634
624
708
652
638
618
662
680
682
704
714
718
724
690
664
634
614
648
630
666
718
780
786
802
802
788
798
766
722
740
684
726
738
776
822
746
632
596
616
602
666
752
788
810
852
812
780
792
774
722
670
656
732
736
784
806
834
786
820
774
700
676
666
686
752
824
836
838
846
862
850
842
838
842
836
816
790
762
714
686
662
658
676
788
826
872
868
858
866
840
818
806
778
790
706
720
680
682
718
740
704
706
752
728
696
656
660
658
654
646
706
700
710
660
624
584
616
568
546
582
614
706
776
824
802
784
722
674
696
724
736
750
742
742
684
670
662
672
694
684
658
700
742
754
762
782
764
742
642
592
614
626
622
564
588
620
590
578
662
726
810
802
812
776
802
760
752
754
718
678
710
756
762
756
716
708
676
734
732
764
780
784
766
756
736
746
756
762
774
726
742
740
722
712
736
784
796
774
750
730
750
788
718
690
662
690
722
784
800
836
856
844
806
792
762
754
754
708
672
734
754
812
820
776
770
706
676
658
666
726
774
800
768
766
796
794
772
756
750
776
790
826
830
828
870
834
816
838
766
774
742
738
748
770
746
678
650
666
646
680
712
744
804
810
784
776
708
658
664
608
626
576
560
588
610
596
648
660
648
626
648
662
658
670
754
704
728
692
696
732
796
830
816
844
826
752
708
722
694
700
700
706
728
768
788
766
762
744
666
710
704
722
726
734
766
802
792
808
748
698
718
740
754
772
774
766
752
742
748
772
778
784
768
720
758
768
750
700
780
804
794
864
852
822
800
808
796
806
818
816
822
760
704
712
726
762
734
732
694
638
648
630
626
658
720
790
798
802
802
788
752
680
708
700
740
732
728
684
610
600
592
648
590
644
724
760
796
812
806
802
784
740
754
718
770
734
768
760
784
724
732
756
802
750
782
788
764
724
658
740
740
772
810
792
834
796
746
690
680
708
732
824
792
828
798
834
808
786
768
726
768
724
702
716
738
766
770
760
686
626
636
698
748
782
750
742
748
676
704
644
624
606
672
666
746
802
820
828
852
812
776
760
748
736
712
730
746
774
764
814
788
764
760
746
736
728
680
710
746
772
718
714
756
806
818
824
800
748
718
750
696
672
708
716
754
772
756
770
798
792
742
736
776
738
710
706
730
758
740
746
776
786
784
746
736
736
734
710
692
734
738
768
654
766
760
760
740
692
684
678
668
652
640
670
714
742
774
794
810
842
804
800
798
788
800
742
772
742
714
654
636
656
704
788
830
838
816
806
802
694
704
646
654
722
794
840
844
816
808
816
810
798
760
720
666
660
690
696
784
732
696
702
754
794
870
854
850
800
790
768
762
760
750
702
652
686
640
710
758
798
808
768
768
736
784
790
752
696
700
670
740
754
802
788
776
752
724
724
672
684
712
724
756
782
792
784
766
776
742
680
656
642
668
720
776
782
818
706
756
720
730
770
726
648
652
614
628
636
648
662
700
684
728
776
832
846
892
832
794
784
708
680
652
626
632
858
840
810
742
722
730
712
670
660
658
666
702
746
758
728
698
730
804
774
788
748
732
760
782
820
804
756
728
736
756
758
732
720
702
706
682
692
748
794
806
814
812
812
754
716
694
724
768
782
748
758
744
742
796
700
632
662
644
686
762
870
874
878
878
874
868
854
780
878
808
768
790
770
750
778
768
822
870
880
874
872
846
832
836
820
876
824
864
802
774
792
690
740
748
768
764
722
776
792
806
864
826
794
838
798
824
808
800
790
744
750
768
840
830
820
792
862
864
854
788
782
748
698
774
798
776
770
776
724
692
754
780
748
756
742
800
794
774
796
768
820
754
708
750
750
722
712
776
820
828
768
794
772
766
732
760
742
694
588
598
616
628
616
646
630
522
780
690
712
738
754
774
696
672
664
672
686
684
672
600
590
626
604
698
750
762
788
782
780
776
766
774
774
776
744
802
718
682
656
698
722
766
790
790
858
838
840
806
708
718
678
672
672
682
632
596
592
608
594
574
550
602
610
636
646
652
604
602
604
614
606
700
734
768
806
816
850
800
752
708
664
730
780
822
830
790
794
844
822
828
880
824
808
798
816
784
806
786
826
784
766
742
698
664
738
702
714
740
710
764
768
792
744
728
686
710
746
780
804
762
812
782
726
744
738
762
778
788
812
806
792
694
648
684
658
694
708
704
758
808
830
822
758
736
808
792
726
820
780
792
784
800
812
818
734
702
728
706
652
680
706
654
674
724
762
788
752
746
764
764
718
684
726
748
774
722
732
772
750
742
758
726
694
578
624
560
574
560
560
538
678
764
758
732
694
638
628
586
572
574
588
618
638
650
690
712
770
740
788
790
796
788
734
722
704
674
716
592
636
646
700
768
786
744
818
812
764
808
784
778
806
686
690
654
656
684
728
702
654
660
612
566
582
570
604
682
712
742
688
648
660
634
654
664
698
756
736
706
658
680
680
718
790
826
772
764
796
746
750
730
620
626
692
670
650
684
720
748
720
670
662
678
656
682
670
678
718
776
824
794
766
830
810
792
704
656
686
648
634
680
740
720
678
686
648
664
668
630
646
676
664
636
616
638
620
612
668
662
712
652
652
682
694
630
580
630
600
592
614
636
678
682
646
714
656
700
678
652
678
658
690
692
690
732
704
704
706
686
700
724
724
744
676
666
666
656
654
712
754
696
696
696
734
694
686
682
754
740
712
696
696
718
812
796
752
746
758
756
742
690
636
660
662
708
764
778
796
826
822
762
696
674
676
722
822
856
934
920
908
876
866
876
876
812
718
794
818
836
812
852
852
798
724
774
796
860
844
884
850
808
804
796
830
582
634
698
758
756
752
652
644
640
656
632
626
640
634
636
654
662
666
704
742
712
694
740
688
674
736
736
728
694
692
730
722
700
734
780
796
772
718
776
742
700
664
652
728
698
678
768
824
776
732
728
744
774
794
834
830
780
834
836
842
808
790
826
848
856
812
820
842
828
852
820
826
862
736
784
760
724
776
784
818
886
814
848
852
842
772
708
794
790
788
742
716
708
716
742
790
744
746
798
834
780
758
806
766
734
730
712
812
718
700
792
804
772
790
838
764
748
772
760
710
756
678
702
722
798
838
848
846
834
844
780
754
806
758
778
698
654
640
680
676
776
938
860
856
834
866
746
722
790
796
740
712
804
820
822
770
770
764
790
706
700
722
712
664
722
748
794
788
732
746
778
780
798
738
744
746
766
696
724
760
794
754
746
778
766
786
804
804
758
794
712
684
702
724
744
706
660
702
718
674
646
680
734
718
682
698
672
654
676
692
688
678
730
756
742
716
726
798
756
710
686
706
694
658
666
708
730
736
768
756
784
728
732
668
636
606
588
594
588
588
542
584
554
596
586
578
592
588
594
594
576
576
580
584
642
562
540
608
622
652
646
668
700
734
698
660
602
666
636
652
604
624
582
620
612
606
596
590
598
628
660
688
682
726
664
622
662
618
616
654
688
762
824
822
804
802
798
782
802
736
752
752
700
672
668
728
690
686
796
836
800
788
746
794
752
770
760
740
686
746
762
826
846
836
778
730
768
776
810
778
828
798
788
734
752
780
820
810
824
846
832
790
758
762
770
746
738
792
858
866
830
810
846
838
802
732
724
742
764
758
744
690
632
656
680
766
820
830
808
862
836
812
798
832
828
838
784
766
776
794
824
838
818
818
844
852
838
794
800
794
770
768
768
768
804
794
780
794
794
812
784
756
744
804
778
740
676
690
678
700
708
682
744
796
810
850
804
756
854
820
756
688
650
644
584
# end time: 2014-03-13-20:54:07, 1394758447.88
