# R wave intervals in milliseconds per line
# start time: 2014-03-05-23:18:11, 1394079491.24
# Ate fish and rice with garlic and watched an interview on youtube
650
666
632
616
658
666
678
688
658
640
644
642
620
686
624
636
664
674
708
736
714
696
752
698
686
636
620
630
628
638
650
654
678
730
718
684
682
684
666
648
646
626
684
646
648
614
600
646
638
620
612
616
626
630
636
616
618
612
604
632
600
626
584
604
650
662
686
710
706
680
696
702
688
692
660
656
658
636
628
648
608
638
640
650
660
666
650
642
658
632
624
624
624
622
616
602
644
622
638
722
694
678
636
632
634
626
636
632
628
648
670
660
674
696
708
710
678
648
670
678
678
680
666
632
646
684
672
710
646
662
646
662
648
682
642
624
648
666
674
680
662
666
718
756
756
724
692
726
746
742
728
704
672
660
660
658
676
692
700
736
760
766
750
714
730
696
730
696
674
686
700
712
714
718
700
674
706
714
700
670
666
670
678
678
646
672
676
682
678
686
684
676
666
636
650
658
660
670
670
690
694
704
678
688
694
682
654
636
630
634
644
640
638
626
646
660
674
646
632
642
652
642
646
664
666
668
632
676
680
680
678
676
658
666
680
680
658
662
684
712
742
718
684
694
670
716
670
648
648
674
696
696
710
742
746
732
676
708
692
704
680
662
668
678
682
668
650
660
668
668
652
634
648
642
638
638
658
674
686
668
646
648
638
638
660
674
688
692
668
660
676
678
688
704
664
646
642
652
670
682
708
688
656
666
668
666
664
646
648
654
660
656
640
662
674
680
670
654
684
686
682
658
652
640
652
670
656
608
658
648
658
666
666
638
620
638
642
660
662
642
688
682
678
660
668
674
668
650
660
670
672
654
676
698
690
658
678
658
668
656
630
638
644
650
672
648
634
654
658
666
644
648
666
678
650
644
642
656
660
638
666
682
698
640
648
674
664
666
662
640
644
660
690
712
722
756
792
788
788
780
728
724
748
754
756
746
770
692
710
732
744
720
700
670
696
702
710
686
706
716
718
692
682
704
698
668
686
632
648
626
596
634
630
652
680
700
686
662
704
734
760
766
762
750
764
762
744
726
756
770
778
770
712
696
728
742
748
722
732
764
758
724
734
746
750
696
672
692
710
710
692
658
674
668
722
678
668
692
704
698
680
692
774
762
738
714
742
766
756
714
682
700
704
712
702
686
722
734
744
702
692
716
718
724
732
700
714
728
720
678
688
706
708
680
672
706
710
718
696
672
694
692
686
684
732
736
708
704
726
724
700
674
686
718
728
736
708
686
706
714
708
708
676
710
714
686
644
706
710
700
682
702
702
692
670
640
630
586
586
654
646
650
660
700
738
762
724
672
688
694
684
744
748
740
716
684
700
706
720
724
702
704
736
742
738
732
722
686
672
688
704
736
754
754
730
740
724
724
708
694
666
664
684
718
734
734
694
700
694
636
660
666
688
698
694
662
662
684
694
670
656
692
720
736
716
736
770
750
710
722
726
734
694
684
712
718
716
690
708
722
730
708
714
750
766
766
716
716
720
708
692
658
674
664
644
612
680
684
714
702
684
722
736
720
684
706
688
672
656
664
652
654
664
712
726
738
806
830
800
734
736
718
674
650
656
662
676
692
680
762
770
752
706
736
746
740
704
718
740
748
734
704
728
740
752
750
690
724
716
716
700
682
720
738
746
744
746
764
766
734
724
736
712
676
722
718
730
708
694
728
742
746
714
706
728
734
702
680
702
708
710
690
690
696
748
714
696
700
672
642
638
642
658
654
640
646
672
678
692
676
662
686
702
708
688
682
708
710
706
678
704
728
736
730
712
682
700
696
742
698
700
716
708
678
684
658
644
620
624
672
646
620
636
664
644
624
618
636
646
656
626
626
640
674
704
694
672
644
668
670
680
660
636
626
684
686
704
730
732
704
696
682
710
654
666
666
692
752
772
748
696
670
690
702
706
700
682
696
736
714
704
718
716
704
662
646
722
660
640
626
626
634
662
668
652
670
700
712
712
684
648
650
672
668
676
680
696
740
766
776
762
728
758
756
746
718
674
702
734
764
746
714
734
732
778
762
738
702
736
752
740
742
776
776
788
772
758
762
744
710
704
692
664
660
674
684
686
702
714
696
668
676
680
666
654
662
674
688
672
638
692
692
692
680
656
660
700
668
632
652
652
652
632
612
644
660
684
650
628
650
646
656
666
654
668
690
684
686
662
686
684
678
668
642
672
678
664
696
710
726
698
658
656
648
640
638
602
616
616
622
620
680
750
788
780
708
702
716
728
716
696
664
712
740
764
752
712
716
742
714
686
692
700
712
700
674
716
750
768
728
688
704
716
680
644
634
674
664
668
654
672
680
734
710
682
692
702
708
700
676
666
690
640
684
684
688
676
658
658
690
702
708
692
666
714
710
678
658
700
746
790
788
750
738
706
652
642
652
654
670
664
676
710
730
696
680
688
688
688
668
656
680
682
670
632
656
660
652
638
660
702
736
734
676
666
654
666
646
630
670
694
722
694
676
716
726
730
698
702
710
764
716
740
748
712
656
670
620
588
532
612
628
630
628
618
604
594
576
578
570
570
556
548
560
562
568
556
560
558
600
526
576
646
648
674
674
646
642
602
740
728
722
704
694
684
680
678
680
692
676
726
702
706
714
716
712
694
664
626
622
614
622
654
684
686
684
644
596
632
630
654
686
708
704
708
710
712
704
692
656
688
632
632
646
670
682
664
692
730
802
742
692
732
742
756
716
664
654
690
670
666
656
670
734
794
874
822
784
780
738
764
662
678
642
660
666
666
682
758
736
716
706
692
698
700
676
654
666
662
658
648
628
646
678
700
718
784
776
752
722
694
704
706
726
714
692
714
734
730
800
746
702
684
684
682
674
640
642
670
694
704
776
720
680
680
686
694
712
698
694
712
728
728
724
698
730
734
732
762
720
726
732
742
712
674
658
668
676
676
672
678
734
740
754
726
682
712
722
738
746
720
742
722
718
678
636
688
686
676
652
624
628
622
628
650
636
598
650
662
696
726
738
694
690
714
718
726
708
682
752
766
776
760
702
716
736
730
742
738
700
714
714
714
718
686
710
728
718
688
710
724
724
694
672
710
722
706
732
672
692
714
730
716
682
702
722
714
684
686
664
692
724
736
686
690
740
740
732
692
686
710
710
718
684
664
678
684
712
656
696
730
754
764
734
678
688
708
706
700
700
718
740
744
728
690
646
638
682
628
610
644
668
698
662
646
674
716
746
748
702
684
738
710
718
682
678
694
698
704
674
644
642
632
670
646
654
696
686
688
736
772
790
762
728
740
740
724
700
650
642
674
682
700
720
720
768
754
750
710
658
670
682
720
766
832
784
762
770
748
718
686
720
742
772
774
720
726
722
764
744
710
702
674
642
598
616
640
600
646
644
658
672
664
626
642
656
642
662
618
604
618
638
636
624
592
630
586
660
614
598
630
612
600
640
612
620
624
636
642
648
672
684
692
668
648
652
682
706
748
788
800
790
752
732
722
706
706
724
722
728
730
728
710
686
648
690
710
706
662
664
698
706
660
622
700
726
722
686
634
632
678
652
616
634
596
654
664
702
714
670
628
634
646
640
684
634
620
602
642
622
642
656
644
664
624
642
656
664
704
722
732
726
730
750
760
750
724
760
718
728
716
710
694
662
660
676
668
674
660
656
624
620
638
688
724
752
700
674
706
700
686
698
660
668
652
696
642
648
680
706
732
688
706
738
736
732
690
692
710
710
708
658
720
706
664
688
626
622
640
620
618
600
606
608
612
686
652
640
648
606
572
610
632
660
662
652
718
708
712
670
604
642
618
650
632
628
622
636
656
674
692
708
712
692
730
696
678
652
692
674
672
688
702
712
702
698
690
694
666
660
674
674
682
668
674
662
704
658
630
640
680
726
750
688
636
708
698
694
648
650
670
664
648
626
646
686
698
736
688
686
744
720
696
654
658
714
694
680
654
674
696
698
710
668
678
682
672
640
608
664
656
680
672
634
660
674
696
658
680
674
716
666
638
662
686
708
724
696
702
728
714
676
616
618
618
612
616
626
628
612
592
618
628
622
588
586
606
592
606
602
586
602
600
660
620
602
608
604
584
612
570
562
592
608
628
638
616
622
652
690
704
716
722
712
676
644
664
682
704
714
712
676
624
608
632
626
620
624
650
690
746
764
832
804
794
774
746
678
650
656
670
678
684
686
678
646
646
642
706
664
656
678
650
672
696
714
706
660
648
676
678
656
682
692
728
712
678
634
662
682
694
690
646
654
690
678
620
614
616
638
658
650
658
716
740
744
706
666
684
680
634
640
618
632
662
690
724
730
690
702
730
730
718
736
674
632
698
688
694
716
720
706
698
752
728
702
652
662
666
648
680
644
624
642
658
678
650
630
602
670
680
706
718
714
668
680
700
704
704
682
700
678
698
692
654
678
676
746
728
710
678
680
728
678
676
708
724
738
720
652
644
660
678
714
752
734
754
788
788
782
770
738
754
760
748
734
674
630
650
670
712
724
670
732
744
750
702
638
616
620
622
614
616
602
618
648
692
738
724
678
690
716
704
724
686
664
668
674
654
688
628
656
660
650
668
640
640
670
704
724
728
704
652
630
616
584
600
590
614
652
702
754
762
752
752
780
762
720
700
710
706
762
760
776
770
734
710
754
724
772
738
682
696
722
740
756
702
666
690
674
698
640
654
664
670
646
670
650
690
722
756
746
720
752
752
738
694
676
698
708
698
652
658
670
662
646
660
610
630
652
660
670
660
634
656
674
678
660
628
654
642
686
660
636
634
668
680
680
674
638
660
670
666
658
624
674
668
696
724
694
738
720
712
700
658
654
676
692
744
722
678
686
712
712
706
678
682
708
724
708
658
650
702
658
692
654
674
680
692
672
692
694
706
682
640
652
670
680
686
662
664
688
692
716
702
710
696
736
682
632
632
648
642
620
598
638
674
722
722
686
670
690
736
696
646
612
618
648
634
616
634
634
598
610
528
560
616
640
656
670
682
684
682
652
644
640
614
590
572
558
568
598
636
782
834
834
816
834
866
870
882
876
880
876
854
838
818
786
754
720
712
696
704
700
708
712
722
726
730
716
688
698
684
672
676
642
648
682
706
700
704
666
700
704
706
702
664
672
692
698
696
654
674
688
660
624
694
690
658
662
696
704
698
658
670
684
670
710
670
650
670
688
670
640
670
686
662
678
706
692
690
708
710
674
646
640
630
644
620
620
674
636
628
628
628
634
616
622
564
570
590
646
660
660
660
694
716
726
714
674
698
710
708
696
670
644
678
688
690
684
634
606
614
620
628
670
760
804
814
762
772
766
750
730
668
660
640
640
692
670
658
676
664
676
668
662
640
626
636
612
614
632
670
688
698
690
658
606
602
602
606
630
656
670
660
706
750
790
790
772
746
672
674
686
678
728
684
634
684
688
694
762
752
714
720
722
732
720
678
640
706
694
702
678
684
730
730
730
688
666
692
700
688
642
644
648
638
634
590
594
600
620
632
628
628
640
642
648
630
586
602
604
586
602
614
590
598
634
680
738
784
792
756
718
704
710
708
716
706
682
708
730
736
742
742
704
708
700
690
674
642
618
640
662
694
730
728
690
704
728
734
726
708
670
678
678
668
634
610
634
644
674
672
664
684
706
714
680
688
716
700
702
658
666
636
662
662
674
662
636
660
678
698
704
688
710
716
712
704
656
660
664
660
650
636
668
698
716
730
706
662
696
692
668
634
584
614
612
646
692
744
724
666
668
664
662
658
612
602
622
610
612
628
650
694
730
704
674
652
640
618
606
614
608
612
636
668
702
706
702
740
752
760
742
686
702
718
726
708
688
728
748
746
692
690
726
726
724
672
654
684
700
720
690
650
666
692
692
652
604
622
628
628
620
618
610
610
604
602
602
596
596
590
578
546
554
580
642
754
816
832
816
774
796
772
728
682
634
646
656
678
718
734
702
670
696
732
756
734
686
662
660
644
624
634
622
620
646
674
692
682
634
646
662
684
694
702
700
652
650
640
626
624
626
626
648
608
650
660
690
716
724
734
696
706
730
728
720
688
626
628
656
682
712
750
680
706
722
746
802
780
734
736
740
716
642
680
694
704
716
670
642
712
700
702
666
674
684
712
740
746
696
634
672
694
718
742
732
666
648
706
684
650
652
638
656
664
670
660
704
744
752
742
738
694
678
688
678
666
634
666
686
710
688
698
704
710
704
736
726
786
748
730
750
684
636
670
654
658
660
650
630
646
702
690
706
706
668
700
730
754
764
764
754
724
676
724
712
694
664
670
736
732
690
632
678
706
746
752
670
678
686
692
696
682
648
686
702
704
684
644
664
686
688
678
648
674
676
732
698
652
676
674
724
680
650
660
678
700
706
672
686
708
778
760
702
658
708
690
672
642
674
674
670
720
684
674
696
698
688
648
648
656
662
646
626
632
652
660
644
648
660
680
666
622
614
622
672
672
700
674
654
696
706
694
712
630
594
612
614
700
660
650
644
664
690
706
680
632
622
604
608
584
586
604
536
550
562
560
584
624
664
700
710
732
742
698
692
698
788
776
778
728
692
692
694
704
784
764
708
670
654
662
602
596
608
624
608
640
596
606
616
632
644
680
720
756
764
786
748
748
688
682
700
708
712
692
718
716
698
650
644
670
708
716
690
688
690
728
736
732
712
656
594
622
604
614
652
700
766
746
754
756
702
660
636
628
640
664
678
654
658
676
710
732
712
658
720
706
714
664
672
640
652
656
680
656
658
728
724
734
708
650
674
694
682
680
646
632
626
682
646
624
658
674
700
676
656
668
664
654
612
604
608
610
620
606
606
622
624
630
630
592
648
626
604
584
570
562
564
564
624
650
666
654
696
738
748
756
754
692
712
676
724
696
692
706
716
704
752
730
756
776
772
756
738
700
688
702
706
718
702
648
676
688
694
696
686
620
694
682
646
606
596
592
592
580
584
598
608
658
672
654
672
666
708
636
608
662
662
646
630
656
676
690
700
688
634
622
644
666
676
656
666
672
724
704
704
680
700
680
678
654
658
672
666
600
592
604
598
610
584
604
638
658
638
612
668
668
686
708
702
714
634
614
616
622
644
664
692
730
754
740
760
738
718
716
720
734
742
744
740
722
700
628
648
638
646
696
766
810
772
702
674
670
684
714
750
730
688
656
666
672
690
728
862
872
784
746
676
636
680
686
736
776
766
760
736
692
650
658
638
598
592
590
586
588
640
748
836
820
798
794
778
806
730
704
718
700
742
720
716
696
690
666
650
684
664
672
680
670
650
676
744
734
734
718
756
682
690
690
690
664
628
660
670
740
694
656
692
718
688
642
674
698
678
632
614
666
656
620
614
650
676
698
666
668
682
688
664
634
648
646
618
588
604
618
618
616
644
730
768
778
722
748
710
756
722
702
700
700
686
722
676
648
664
672
690
706
692
726
736
728
684
662
682
692
696
686
672
708
708
714
682
630
646
638
640
632
622
656
698
738
730
680
684
708
694
636
616
620
636
660
694
718
712
676
686
694
680
680
656
602
668
658
672
686
680
654
680
688
702
706
660
698
688
702
708
696
640
612
656
660
696
722
712
668
646
684
696
696
752
700
638
660
686
630
618
630
638
646
660
672
680
682
674
694
704
702
760
724
660
726
730
740
740
718
664
642
700
712
762
784
750
760
772
760
758
740
670
648
672
668
668
634
602
598
592
578
586
564
600
646
670
702
722
742
696
676
674
652
710
688
628
650
644
672
704
738
730
782
728
708
694
690
620
620
622
650
666
684
672
698
712
742
762
728
730
716
704
700
684
654
654
630
656
622
612
594
602
612
602
584
596
612
634
674
716
700
654
678
678
634
640
642
654
716
686
632
632
658
730
752
762
696
742
738
692
710
636
650
650
654
642
608
604
612
654
710
778
790
718
692
696
704
712
680
636
616
626
650
684
696
698
720
746
748
730
694
676
682
676
668
634
638
662
678
688
654
654
656
638
624
640
620
656
690
732
710
664
706
710
710
680
642
618
620
626
642
668
666
676
690
710
704
706
700
674
638
696
654
632
578
626
606
588
580
558
542
594
604
674
730
708
740
734
758
748
714
726
728
704
644
644
644
706
704
682
702
690
688
684
692
682
676
648
626
644
660
672
666
650
624
628
600
612
610
590
610
592
620
662
680
682
636
636
636
654
672
706
726
738
738
656
638
624
590
570
566
570
598
676
748
780
750
748
764
746
714
720
692
690
696
690
650
696
678
678
652
640
662
672
742
720
674
672
678
654
632
594
636
654
674
692
674
636
668
678
682
678
624
674
664
664
660
628
634
624
662
620
590
602
610
606
606
600
598
630
640
640
688
642
658
678
678
666
630
620
636
632
650
646
632
658
674
672
660
652
668
684
696
676
636
616
664
656
622
638
670
678
662
660
612
664
640
612
630
630
690
674
640
638
664
674
686
680
624
590
634
640
636
608
658
652
656
724
688
642
618
616
604
606
608
598
662
628
586
634
638
630
636
640
698
674
668
604
730
636
616
578
636
656
714
752
694
714
742
740
746
764
768
762
742
730
704
750
712
710
706
718
714
682
626
602
606
618
638
690
702
750
752
722
750
786
796
772
714
722
752
708
692
654
636
656
670
680
696
700
654
692
716
740
718
670
684
682
724
700
682
674
700
680
724
660
672
692
724
738
704
718
734
740
730
708
664
696
694
706
716
682
648
672
668
724
688
652
674
698
694
698
664
662
670
652
648
622
614
602
640
590
564
602
572
578
574
542
536
574
516
538
552
542
526
544
554
576
600
622
600
606
610
632
628
632
716
706
672
676
630
654
650
618
622
628
644
644
620
598
620
620
636
640
650
642
608
652
662
692
710
686
706
722
708
748
696
700
702
708
712
698
678
676
694
702
716
684
698
722
712
684
696
722
720
678
646
662
672
674
630
642
650
648
636
598
598
604
618
620
630
668
730
752
724
718
704
730
726
714
694
638
706
642
610
594
596
598
636
626
618
634
658
676
744
708
796
792
792
776
760
734
712
704
698
666
706
626
670
656
658
666
658
650
666
678
688
670
638
660
682
710
716
678
670
640
654
612
626
598
608
622
646
642
616
610
600
632
596
606
604
652
616
630
644
654
640
614
636
668
686
650
678
686
696
700
660
652
670
678
698
654
650
670
684
692
676
658
664
668
630
614
578
600
548
528
646
744
792
780
734
726
696
682
652
690
678
670
668
666
672
682
682
670
636
630
620
612
590
616
574
636
660
716
762
790
788
760
754
740
742
732
720
704
668
670
690
736
748
764
732
722
742
752
702
642
684
700
664
668
722
764
714
706
736
746
718
680
754
756
786
744
664
660
680
684
690
660
680
724
756
744
702
724
742
728
714
738
760
750
706
714
708
696
682
692
752
724
692
672
710
728
738
714
700
730
736
722
698
732
736
742
696
690
690
674
708
662
672
686
696
676
652
684
678
652
628
624
630
626
602
606
638
652
680
658
708
736
734
690
662
682
688
692
666
634
654
652
648
630
646
676
710
718
718
752
768
768
728
746
754
750
700
638
650
670
690
694
662
692
718
722
696
680
708
714
706
670
688
704
660
644
656
664
656
634
668
684
686
660
668
698
714
692
666
700
718
708
680
718
730
744
736
714
722
704
684
648
662
674
660
644
660
692
698
632
640
652
638
612
608
600
588
594
568
554
578
602
572
626
576
584
584
590
590
576
584
630
670
704
698
696
734
770
804
762
670
736
740
758
756
760
752
730
754
758
758
724
690
724
740
770
738
684
700
684
660
642
648
664
720
668
686
716
746
746
730
678
670
684
682
664
642
668
# end time: 2014-03-06-00:07:15, 1394082435.71
