# R wave intervals in milliseconds per line
# start time: 2014-03-06-18:26:04, 1394148364.31
748
798
804
772
774
672
706
730
762
810
742
684
664
646
670
750
822
768
772
812
752
684
750
774
822
812
736
734
776
774
790
772
820
746
742
792
820
832
848
732
758
846
840
808
770
722
744
778
800
776
726
780
808
836
618
702
828
872
822
826
782
794
852
786
714
706
712
754
714
738
760
750
776
764
804
748
776
690
698
740
776
708
696
658
658
640
640
680
734
752
674
666
750
698
746
678
640
594
688
786
844
876
876
770
672
664
614
564
610
724
794
824
798
780
766
820
788
760
764
672
656
648
652
710
738
778
848
840
834
798
752
746
734
752
778
792
786
760
752
744
808
810
766
728
756
770
810
772
818
696
634
642
678
722
768
720
682
616
672
638
664
750
768
720
656
632
652
652
698
734
738
756
704
668
748
720
746
776
794
790
802
846
790
850
772
762
800
794
750
808
824
860
876
872
822
750
748
802
786
848
816
738
690
756
812
828
770
694
710
796
826
846
846
790
728
748
672
698
652
698
700
788
816
796
822
700
1014
868
836
874
778
768
802
776
892
794
694
646
656
652
668
728
818
736
680
628
660
626
634
634
688
682
662
612
598
596
596
576
600
616
634
638
622
650
584
668
652
656
654
696
682
636
622
628
632
686
688
668
682
624
644
614
646
634
640
700
746
768
756
752
740
776
792
800
804
806
768
700
670
598
648
658
686
672
720
778
796
806
824
852
800
824
748
726
672
630
664
658
686
758
824
852
856
858
852
844
824
736
736
708
734
726
732
768
682
650
636
732
730
774
826
816
798
762
718
768
714
690
712
706
762
710
656
712
698
744
772
762
710
688
696
730
790
822
814
806
826
834
826
758
800
794
784
732
726
750
714
734
686
728
788
808
754
782
770
766
730
698
724
716
702
636
664
668
658
704
744
776
846
818
788
740
824
768
728
704
746
764
808
788
744
830
842
828
798
744
728
790
778
768
694
728
704
678
666
708
750
810
738
728
670
662
696
732
764
716
786
794
786
788
860
788
782
682
662
718
754
788
812
766
756
810
802
776
794
696
708
736
740
778
770
718
722
728
726
684
642
606
734
526
704
734
780
738
754
764
860
794
738
696
708
830
802
826
630
922
790
654
974
806
752
814
826
808
792
826
862
838
840
756
666
674
710
754
776
770
782
766
830
798
790
770
750
764
732
654
626
704
580
604
554
660
676
728
758
730
706
672
660
646
604
616
650
614
632
604
600
604
564
590
502
548
542
526
506
566
560
582
682
612
598
634
612
640
628
612
622
696
720
696
666
740
722
724
720
682
670
702
730
754
734
718
688
664
618
658
632
618
600
616
636
616
596
582
578
582
580
584
600
698
748
748
786
782
744
708
728
676
674
760
722
648
628
736
714
694
668
634
658
724
734
714
696
726
734
772
716
668
660
716
730
794
760
748
776
750
718
656
664
614
630
670
692
774
774
792
792
852
802
778
800
782
770
734
666
712
734
772
820
824
760
718
802
790
892
866
860
832
784
816
800
812
830
774
774
738
664
648
648
668
714
792
826
842
862
832
786
760
704
744
710
724
726
700
680
654
642
708
770
804
824
796
850
832
826
814
860
846
824
842
814
774
744
714
722
734
816
832
762
768
718
744
778
758
738
764
800
824
826
770
766
778
756
716
666
622
712
686
718
652
584
652
628
644
648
660
742
688
690
692
710
710
690
672
670
686
706
732
804
752
708
700
574
618
658
618
704
736
760
782
796
762
752
722
704
680
710
674
674
684
670
676
714
752
790
812
828
794
740
724
732
790
814
794
792
788
732
700
670
674
674
722
770
802
832
828
788
738
748
740
766
770
730
774
750
728
748
734
774
800
746
698
704
746
732
732
732
776
802
802
774
754
748
768
796
786
746
716
734
788
812
814
810
814
804
776
718
704
648
760
798
816
838
846
838
742
690
730
746
762
788
772
772
790
786
776
756
734
730
730
710
700
718
744
754
740
756
770
760
840
810
812
774
780
774
764
752
764
776
794
784
802
822
826
832
794
802
830
752
684
672
630
648
676
782
822
818
808
814
820
790
734
734
756
780
766
734
778
788
808
830
810
796
798
786
768
760
762
754
770
742
774
770
820
734
704
726
742
760
754
776
774
772
738
738
768
754
758
758
758
748
718
698
734
764
772
762
740
770
768
778
752
748
786
782
762
760
702
712
680
754
710
706
734
756
754
716
726
752
764
784
778
772
794
784
770
716
700
722
740
758
730
726
764
760
796
754
744
744
738
716
732
760
764
764
738
766
772
778
734
724
746
762
744
714
718
694
694
752
786
782
728
770
746
754
728
696
734
766
788
806
788
804
812
788
754
768
772
760
716
728
730
736
732
716
724
726
714
670
638
696
744
792
808
770
770
780
766
746
714
732
744
738
734
710
748
770
782
774
714
708
706
712
722
748
760
718
718
718
760
732
750
762
752
708
726
720
722
722
694
668
658
662
680
682
632
636
670
688
650
630
634
634
634
644
654
648
638
630
614
584
572
568
598
624
668
656
696
728
778
806
774
786
724
704
674
630
610
590
556
554
650
684
710
754
792
796
790
772
716
678
680
694
728
768
806
826
838
862
850
852
832
826
810
802
772
734
768
752
770
784
786
774
756
776
770
844
830
818
728
754
718
738
730
694
676
690
740
752
766
728
674
670
650
650
634
660
672
682
700
690
678
678
658
674
684
718
754
746
728
662
654
630
636
664
676
694
716
692
646
650
624
626
666
764
832
870
858
832
798
726
678
666
626
636
690
760
796
770
734
706
744
766
772
744
740
738
720
680
626
624
612
648
716
760
778
780
772
774
778
762
752
742
740
730
694
664
686
704
664
644
642
652
732
794
830
852
858
864
840
830
772
716
676
716
714
736
740
736
742
768
778
766
776
788
768
746
716
692
682
682
678
664
636
610
612
650
746
800
802
754
724
730
728
702
720
750
696
662
698
714
732
716
668
710
744
770
764
748
730
670
642
638
676
726
770
736
756
786
812
828
834
814
828
824
808
748
758
754
780
704
716
746
778
778
748
734
794
764
744
730
700
710
706
698
654
676
722
752
798
800
764
770
790
760
794
706
752
722
786
762
700
660
652
674
736
774
756
756
786
778
760
722
756
762
770
744
686
708
720
732
700
694
752
740
748
736
682
704
700
726
714
666
702
726
720
744
702
734
754
736
680
688
712
726
732
680
690
708
724
732
706
712
734
746
678
662
614
680
746
796
820
772
758
764
776
776
730
656
688
692
716
730
722
726
708
656
654
676
704
720
732
764
784
780
734
722
726
786
506
586
708
706
750
800
730
732
752
744
748
652
676
712
802
772
750
724
700
634
630
636
648
564
614
584
648
696
740
840
848
840
778
826
810
808
750
724
738
770
778
738
722
782
772
750
700
724
772
754
704
738
740
756
742
712
752
752
720
678
698
688
696
656
706
742
750
690
686
696
760
714
634
712
710
732
732
710
718
694
700
606
642
664
742
704
720
760
784
794
722
668
698
710
682
730
736
770
768
774
718
704
760
682
696
732
752
760
718
704
724
648
732
734
784
748
784
770
786
784
764
768
782
758
708
694
714
670
760
762
756
836
750
788
740
690
634
612
640
716
772
790
746
778
778
756
742
750
818
810
792
766
744
768
712
718
742
716
750
694
710
738
772
762
742
724
750
760
766
752
718
700
774
752
642
778
740
702
648
646
682
706
668
696
722
734
706
674
706
726
708
650
642
664
698
678
700
732
686
642
698
792
810
756
798
792
774
738
724
682
692
694
700
708
696
728
802
780
756
742
764
756
716
734
752
762
704
688
736
726
772
712
736
760
760
734
710
696
668
716
724
752
762
716
672
696
720
736
746
734
748
786
752
770
690
694
734
752
736
728
724
722
702
690
764
762
754
730
728
738
734
734
730
692
722
764
770
782
734
722
692
708
708
666
670
696
708
672
646
658
700
724
728
716
730
722
702
636
624
556
528
548
546
548
562
576
654
630
634
622
606
616
616
606
596
596
610
590
566
550
548
536
578
536
538
556
570
588
630
672
692
702
716
696
666
628
594
646
632
640
586
558
540
554
702
766
732
722
710
624
638
596
608
610
580
632
618
734
764
736
754
686
748
752
748
754
708
756
752
774
760
758
544
706
736
746
752
756
722
756
764
784
784
766
788
816
812
784
774
826
820
812
794
804
776
798
722
740
732
802
762
778
786
814
756
754
754
790
682
748
586
570
820
828
672
980
828
800
842
798
780
844
538
686
688
732
762
782
790
790
826
742
762
772
816
766
730
796
762
818
802
798
756
758
706
768
732
702
670
696
738
758
720
744
744
768
784
722
726
662
668
654
636
696
684
650
628
630
620
642
636
694
692
674
656
672
700
722
676
652
642
648
668
708
688
692
670
680
644
648
710
682
744
710
720
804
824
792
712
708
698
642
670
670
722
754
738
734
762
728
658
718
690
704
706
678
728
780
766
710
672
722
692
656
714
724
736
726
784
788
782
724
760
774
722
650
686
684
670
722
794
784
778
736
748
768
720
682
746
780
776
752
772
748
764
688
644
632
644
630
718
690
646
712
748
808
830
796
796
784
758
748
662
654
674
684
782
744
794
820
810
750
792
792
744
656
744
728
716
708
760
762
796
720
722
780
802
736
682
688
738
700
738
774
794
860
768
748
808
808
782
750
664
694
688
628
690
722
748
738
764
750
804
688
666
684
750
748
760
718
808
778
754
714
744
760
766
700
738
714
726
812
762
754
792
784
786
674
756
744
772
728
772
828
798
806
768
784
760
768
672
704
728
748
712
726
716
804
722
696
780
786
784
718
764
752
752
720
688
684
698
732
772
826
782
742
804
768
696
668
748
730
742
692
706
690
716
754
764
804
752
774
754
752
732
718
810
784
766
742
706
734
780
788
778
756
756
804
756
714
728
748
806
752
778
780
810
726
752
806
762
776
756
756
778
700
708
728
750
724
722
772
772
760
708
788
768
684
728
586
608
654
672
724
754
764
672
684
698
712
750
714
718
734
760
710
686
762
722
752
714
694
678
766
744
788
786
854
762
754
832
792
704
646
712
656
682
702
688
692
702
652
638
604
632
640
698
700
698
774
776
746
720
734
718
744
708
694
736
728
670
712
728
744
800
742
694
776
768
688
684
666
704
720
826
802
724
750
726
752
730
698
734
712
694
646
698
686
724
680
666
660
700
732
770
790
734
706
744
672
680
738
768
770
820
852
846
808
736
568
830
742
784
818
842
792
856
818
604
690
596
764
784
750
736
770
860
856
808
866
848
812
752
772
754
846
766
700
700
718
754
746
748
760
726
764
808
794
814
854
816
838
782
820
788
808
782
812
814
770
816
828
814
744
790
740
682
644
668
730
764
786
752
806
812
852
772
782
804
818
790
808
828
828
786
850
848
818
748
818
814
852
744
772
766
776
712
704
700
774
742
694
706
744
748
692
654
670
706
564
662
572
710
650
672
682
734
748
756
744
790
754
742
740
748
690
738
686
634
648
692
782
820
800
862
806
768
810
718
720
736
782
702
794
796
794
740
754
762
768
720
758
812
814
782
818
568
668
694
534
668
770
810
764
804
784
688
692
624
702
632
654
658
632
606
622
612
626
644
676
692
668
734
684
542
796
628
614
640
642
714
726
770
756
760
712
712
734
746
672
560
674
710
736
770
768
810
808
786
742
908
782
794
800
762
776
838
818
782
804
780
770
766
768
786
756
650
610
670
640
608
676
668
700
744
776
776
800
764
748
690
668
732
720
692
668
748
726
670
676
622
714
702
648
640
672
630
714
664
684
694
688
706
692
612
642
596
592
606
686
732
770
740
702
680
644
682
698
740
754
826
760
722
696
702
678
636
618
706
742
772
790
788
812
780
780
666
714
714
720
730
672
700
766
740
734
758
804
818
784
756
780
808
768
582
776
626
720
770
786
774
784
800
766
814
758
744
790
802
786
812
812
802
732
778
536
612
714
714
798
816
800
816
818
860
814
724
618
636
654
704
744
822
836
834
820
840
768
730
702
650
662
698
702
740
738
746
746
714
736
686
692
652
608
628
632
624
650
766
780
798
740
746
724
690
648
648
586
566
632
644
744
730
780
788
852
826
814
708
690
624
576
608
624
648
744
812
862
868
846
788
812
784
848
836
# end time: 2014-03-06-18:59:11, 1394150351.49
