# R wave intervals in milliseconds per line
# start time: 2014-03-17-03:24:55, 1395041095.74
724
726
662
662
642
650
680
672
656
670
606
714
600
952
732
660
654
652
616
640
684
734
766
716
694
728
686
698
748
806
800
836
758
700
866
684
768
780
764
706
736
770
810
790
730
740
758
782
818
698
706
692
734
748
876
676
600
650
648
666
688
734
782
784
792
722
668
708
716
742
744
766
730
824
854
836
872
860
840
876
794
754
766
750
832
750
712
812
870
894
916
942
908
962
892
874
846
798
782
812
870
898
810
840
884
872
788
712
732
726
682
688
670
710
722
698
666
664
714
750
766
714
656
716
732
752
710
712
674
684
664
722
750
770
862
880
842
744
810
792
786
696
694
662
672
688
684
688
696
730
740
766
790
780
808
882
878
830
736
732
768
730
726
784
788
818
862
922
864
792
774
784
720
724
810
854
804
752
804
790
706
760
756
710
670
718
702
750
698
676
682
690
744
736
824
876
834
764
772
784
712
702
768
778
764
804
852
864
762
710
800
848
822
810
830
844
810
730
762
776
774
722
764
774
712
766
804
814
788
728
770
766
714
682
668
760
804
788
728
790
814
798
738
798
858
814
780
730
782
764
770
670
690
656
658
702
872
860
896
910
908
820
790
810
750
670
654
636
652
730
858
906
870
890
916
598
642
908
858
832
874
840
886
826
848
870
858
762
852
572
876
826
778
758
788
822
844
834
832
908
878
712
714
776
772
780
792
794
854
888
846
768
742
818
792
838
746
774
824
858
798
796
808
822
844
740
782
800
826
834
768
798
804
788
754
736
792
848
880
870
772
792
870
846
776
666
732
726
732
688
714
768
882
870
816
854
864
850
786
824
834
712
664
724
688
680
706
770
730
702
736
764
790
784
786
810
846
824
746
754
772
770
854
844
818
868
854
876
790
782
822
828
852
766
798
832
834
854
838
856
806
816
746
788
804
720
706
796
828
836
748
732
704
700
794
728
676
676
716
770
816
706
652
700
666
648
758
756
764
814
878
864
880
760
736
766
772
764
736
716
766
804
840
834
802
842
892
872
868
800
796
792
762
770
782
770
732
756
796
768
734
800
882
908
892
830
886
834
882
762
798
856
866
876
788
810
792
854
854
772
734
740
824
838
826
768
822
872
866
776
670
788
780
808
746
758
754
682
704
664
698
782
736
634
882
628
636
622
582
630
632
808
906
908
954
902
894
900
790
734
714
742
546
1124
674
532
576
584
624
794
918
922
900
818
810
814
800
860
780
678
724
688
732
812
862
830
750
720
680
764
698
738
682
688
726
766
848
712
768
778
758
790
718
646
596
626
584
620
626
604
574
872
864
808
780
798
762
738
802
754
796
786
810
836
794
730
706
742
744
714
682
686
700
752
794
860
830
772
792
682
636
628
630
638
722
818
866
884
932
898
880
788
750
716
720
746
808
812
880
926
942
896
870
886
828
728
740
784
858
840
758
748
742
794
724
698
740
784
734
720
766
846
876
836
758
790
800
836
830
778
776
804
802
786
738
742
756
718
706
738
724
654
672
702
726
692
694
764
760
710
712
730
678
728
712
668
674
702
722
644
674
642
652
646
626
726
690
644
686
676
670
706
672
650
650
652
656
678
676
668
684
736
710
810
782
770
828
790
792
810
838
754
714
726
668
714
712
736
764
762
804
836
854
794
768
790
800
742
720
710
786
758
800
842
768
736
762
726
662
734
734
750
732
670
698
724
658
692
708
694
704
682
636
626
666
644
792
854
858
842
716
710
778
756
756
786
642
714
798
778
746
708
734
748
816
814
768
810
804
802
818
830
838
830
782
802
848
804
742
750
750
690
678
706
766
796
780
756
750
774
770
708
704
744
750
732
714
584
852
766
818
860
860
852
832
878
834
822
842
836
800
802
810
880
806
796
776
802
716
746
814
880
868
834
922
920
850
830
786
752
698
668
718
732
882
906
926
786
764
838
808
700
778
768
782
858
834
752
790
792
728
718
654
676
656
710
666
670
724
758
762
760
696
704
738
742
754
746
726
700
768
786
820
840
810
800
826
844
820
784
874
820
688
700
662
668
714
770
876
786
712
680
640
692
696
734
782
738
684
658
638
634
630
612
588
634
630
638
700
736
792
812
802
748
656
674
686
632
624
602
576
630
698
896
888
854
760
714
648
710
712
720
730
728
718
810
866
846
892
806
824
850
852
808
716
744
780
800
832
748
696
730
818
804
746
756
800
764
766
694
734
800
820
752
730
770
816
810
744
696
680
708
772
888
902
866
908
900
882
814
794
794
818
812
752
768
822
860
834
770
784
838
844
744
692
706
708
672
716
768
854
790
754
722
710
706
730
782
800
760
718
698
724
748
784
806
746
750
718
730
740
744
718
678
680
666
686
690
752
822
828
734
686
710
720
716
694
672
686
670
656
644
630
660
700
750
830
870
888
876
786
710
696
682
686
700
830
852
770
728
738
776
802
712
704
734
732
690
694
722
766
728
716
706
740
770
786
762
714
694
710
744
794
768
710
716
764
824
748
668
676
716
744
732
696
734
794
800
582
668
780
792
792
702
728
706
732
680
662
678
678
720
780
892
874
892
820
714
746
764
798
812
744
764
838
840
872
840
796
846
860
908
860
806
856
818
834
760
836
880
880
876
844
892
956
922
854
738
776
804
800
776
856
874
852
758
772
830
800
700
710
730
814
744
700
686
672
784
738
678
660
724
758
774
728
764
796
836
740
680
740
736
796
716
712
760
790
794
746
760
752
796
706
658
726
720
676
690
682
714
708
692
736
780
802
770
740
674
732
738
752
768
738
766
776
728
688
646
646
740
642
664
662
690
804
864
850
802
788
762
800
750
696
658
612
600
690
708
764
834
834
852
818
770
770
778
780
742
818
816
790
730
722
732
688
668
662
674
704
676
696
792
794
730
702
682
656
680
658
674
692
708
716
688
756
724
704
696
750
684
686
696
688
690
734
796
754
692
712
788
834
862
874
808
736
770
792
796
746
704
722
740
792
692
712
728
782
836
776
702
702
756
698
740
696
692
634
666
636
656
646
728
714
656
736
738
728
666
664
678
596
622
612
602
584
634
570
582
642
558
524
588
570
578
570
596
558
580
578
626
594
608
560
598
616
590
592
596
602
610
610
656
654
630
620
620
596
676
686
676
624
656
624
606
640
638
602
602
612
638
648
662
728
720
694
660
706
736
744
724
762
776
768
704
656
694
716
736
736
676
702
728
756
736
676
686
718
752
780
714
718
686
666
688
718
700
690
722
744
744
694
682
734
756
778
716
712
750
780
794
748
792
810
886
818
724
738
726
734
736
708
714
814
820
858
796
776
820
832
806
758
752
754
730
796
702
668
732
830
824
950
806
808
814
820
776
698
770
776
716
698
672
696
748
784
782
736
700
732
744
770
676
710
702
710
798
794
690
732
702
716
684
728
704
702
702
678
704
684
688
692
690
764
686
666
716
726
722
670
636
634
668
740
826
860
894
864
814
868
798
862
822
752
762
802
846
844
782
792
850
860
798
800
748
750
826
768
824
858
930
878
812
766
720
752
770
758
756
732
800
802
798
768
814
868
874
820
830
828
796
752
680
724
784
832
780
786
862
848
786
784
798
868
800
756
826
808
814
738
788
830
844
782
788
844
834
750
742
702
672
764
826
820
774
862
834
728
658
624
678
692
742
750
752
666
680
688
736
768
730
776
824
848
752
760
766
796
780
800
688
732
742
784
800
716
736
726
660
682
636
650
724
720
702
708
710
794
772
742
674
740
746
746
812
794
764
786
814
852
756
682
746
782
798
768
712
726
836
820
730
752
730
800
772
774
712
738
768
756
784
798
796
770
716
780
830
842
786
746
774
728
718
738
784
740
752
790
826
816
738
806
808
792
746
736
762
834
820
782
788
818
830
796
728
740
768
774
774
716
772
798
828
832
776
784
864
858
804
728
720
784
796
776
778
836
858
828
772
802
810
802
746
760
762
838
770
722
756
778
812
784
778
808
868
784
748
764
742
702
700
764
816
784
828
832
860
778
814
830
802
738
730
776
754
746
710
768
820
808
768
800
806
780
756
776
798
750
684
712
678
674
738
774
766
800
890
802
726
720
766
752
698
624
596
674
746
850
874
860
910
792
732
782
786
766
734
748
798
826
754
696
708
774
792
846
812
846
846
848
794
824
768
740
822
802
788
770
700
744
722
772
766
722
716
668
666
678
798
830
842
784
732
716
732
740
744
676
708
694
772
764
780
712
664
720
706
702
700
752
696
728
640
618
632
648
636
638
636
734
764
724
752
780
800
814
732
756
768
826
842
860
790
766
760
690
688
688
738
828
884
866
876
806
786
798
802
766
682
702
778
834
860
850
734
726
750
798
816
784
770
822
840
832
774
688
662
730
738
728
746
778
824
832
836
828
740
714
766
826
910
880
856
814
862
830
734
718
720
742
698
750
828
854
780
750
776
752
780
690
744
734
748
710
736
758
774
760
704
708
740
730
688
752
768
780
762
706
732
764
748
702
730
724
732
726
680
692
686
700
758
828
786
762
822
818
732
716
764
802
830
780
812
844
816
736
806
818
736
738
714
688
688
758
740
750
846
896
842
806
834
818
750
720
740
762
780
752
744
786
802
790
784
796
858
760
718
748
754
708
690
746
826
816
758
814
868
880
806
790
780
722
676
698
742
812
800
742
744
788
740
682
734
760
820
858
718
664
674
684
674
692
786
750
672
622
666
660
658
744
716
712
620
654
624
648
622
630
642
624
658
624
592
608
590
646
696
612
590
602
606
606
598
594
568
602
592
578
580
568
620
604
612
634
670
716
752
794
862
778
798
796
814
802
772
718
726
720
716
674
680
638
628
708
746
818
772
768
822
806
742
700
760
726
732
662
696
674
686
760
832
834
802
790
706
722
734
690
642
660
646
700
736
762
810
726
742
754
734
666
696
684
682
676
690
650
662
630
700
706
692
740
660
696
688
672
672
650
660
716
750
804
768
684
660
658
642
658
698
706
812
872
878
830
788
776
756
690
680
686
678
768
768
848
838
886
826
866
852
842
820
722
714
746
772
818
834
770
762
732
718
716
746
776
764
776
800
812
812
774
788
788
784
762
756
790
804
766
706
678
668
700
798
858
896
860
872
878
848
824
832
834
816
768
716
708
764
762
790
844
874
858
804
810
790
720
678
672
732
704
732
780
816
856
570
596
738
752
762
702
670
696
782
824
712
650
730
754
752
756
724
660
610
676
640
694
638
612
608
610
628
680
724
776
830
882
856
834
802
734
660
656
670
658
654
690
718
670
668
654
702
780
828
838
796
818
830
812
816
742
660
730
762
806
874
876
866
868
864
862
832
770
814
834
856
834
732
710
724
832
866
858
890
908
846
776
768
722
686
646
714
720
806
764
752
716
776
830
806
856
770
744
830
830
788
822
878
904
834
868
892
888
852
848
838
812
770
732
758
816
856
854
880
762
808
850
866
868
838
850
866
860
844
776
816
862
876
840
806
832
818
888
826
774
824
856
858
814
704
800
810
762
700
728
768
844
766
712
674
662
670
666
678
762
804
754
758
800
818
766
682
716
700
748
824
888
866
802
726
730
734
774
814
796
780
728
718
816
812
786
762
844
808
848
744
666
640
736
782
874
902
834
840
864
870
848
786
772
790
780
822
702
752
794
834
814
788
860
840
792
690
720
722
728
688
678
706
748
742
756
860
864
868
808
838
834
820
788
792
842
884
898
844
866
836
850
796
796
826
882
812
716
748
758
818
750
752
842
830
748
724
660
674
682
714
752
700
686
754
794
854
736
692
744
764
796
734
690
758
794
824
766
802
860
876
832
820
860
878
842
818
806
858
862
830
760
718
702
754
810
892
922
924
900
800
860
860
858
848
770
786
772
784
736
704
754
798
840
828
834
824
844
806
806
762
776
840
768
772
780
804
880
846
768
806
806
796
744
704
790
800
866
796
764
828
828
816
718
728
742
748
730
794
864
896
872
880
896
880
890
826
720
786
816
850
874
848
816
850
858
866
842
808
858
864
820
794
846
876
880
838
770
798
798
820
768
790
846
848
764
704
680
684
674
674
704
670
716
744
770
742
696
650
680
650
632
606
638
660
682
664
600
624
618
624
598
782
810
796
822
846
834
824
764
790
706
732
736
720
712
758
784
764
766
806
804
822
818
818
842
820
758
760
816
784
760
750
794
868
864
844
758
770
716
774
834
868
860
836
838
862
742
702
698
774
844
882
870
816
778
816
800
770
722
770
840
880
894
844
852
858
828
810
760
818
810
752
752
828
862
848
814
834
800
814
760
824
878
878
824
894
900
864
806
820
842
844
800
840
852
898
794
810
812
740
714
682
736
850
814
740
780
774
734
674
734
734
708
832
902
880
808
782
732
668
762
708
744
824
862
816
790
846
874
874
804
826
836
780
688
674
660
694
740
754
744
776
810
814
768
770
816
868
850
776
836
822
884
826
780
792
852
778
740
774
826
860
826
768
778
772
746
706
668
686
724
786
754
710
742
772
792
764
734
756
710
762
720
700
748
792
730
698
738
782
800
740
740
812
844
838
758
772
820
758
750
756
826
852
720
652
670
672
680
752
712
706
774
818
816
804
718
750
830
812
738
658
710
748
778
770
796
860
876
858
798
724
738
730
726
698
778
806
740
826
780
834
926
934
906
840
890
876
866
812
828
864
874
802
752
734
814
878
872
850
814
832
834
770
788
832
846
846
824
866
878
814
832
866
882
834
840
866
872
804
818
846
870
810
770
796
858
784
720
756
704
680
682
702
720
804
904
880
896
910
892
832
718
718
754
800
848
832
788
818
872
822
766
730
752
852
874
868
816
832
830
788
726
766
836
896
808
740
722
662
702
690
702
738
842
882
906
880
844
864
856
778
702
706
762
832
802
778
860
850
762
754
804
838
868
860
790
762
788
838
846
792
752
734
716
716
726
750
810
816
892
892
906
848
890
842
880
850
770
772
816
840
784
756
814
754
706
710
756
790
774
718
748
822
836
776
756
764
828
784
724
760
784
758
678
724
752
780
748
684
696
778
782
722
728
762
812
892
850
794
802
824
786
710
760
790
798
742
722
732
800
750
682
710
718
736
730
698
736
772
718
660
644
628
622
610
608
606
676
674
650
620
618
632
670
712
768
738
760
836
820
708
656
676
648
624
686
690
718
716
702
686
722
702
720
690
766
790
764
712
698
756
758
744
772
814
790
782
814
776
708
770
782
788
792
732
788
816
756
732
688
716
762
788
740
734
786
806
778
714
746
778
776
772
732
774
758
666
722
742
786
750
718
752
800
832
798
732
742
810
786
698
652
684
652
654
648
682
692
660
656
726
764
786
768
706
688
744
746
738
694
706
720
722
686
662
642
622
654
654
758
784
740
686
686
718
724
730
702
724
780
842
866
778
766
740
664
658
636
682
756
848
828
854
848
856
848
774
748
760
794
806
784
802
822
780
706
710
718
794
718
666
664
788
886
864
776
838
750
746
688
664
678
680
768
838
832
792
758
542
724
730
732
722
746
802
756
700
780
792
672
658
706
732
756
714
732
766
784
750
744
726
744
784
730
674
700
772
728
742
714
756
796
716
752
752
784
766
704
752
766
798
722
718
726
774
704
694
782
828
814
726
814
812
732
692
720
686
650
634
640
624
720
746
720
724
828
818
752
698
736
716
678
602
776
716
590
592
646
642
614
664
648
660
700
656
588
624
602
620
610
582
582
600
598
590
638
716
736
692
694
810
812
768
760
696
696
680
690
734
822
796
738
722
724
670
694
670
676
670
670
694
798
922
908
908
900
880
876
866
864
850
830
818
850
872
840
824
858
882
854
736
664
648
710
754
804
728
744
808
822
816
706
712
680
666
666
764
822
828
824
762
796
854
840
840
750
754
762
780
718
686
720
750
790
758
750
794
810
790
718
718
738
756
782
720
712
738
756
826
790
748
828
822
780
706
708
772
754
736
744
832
878
836
750
786
788
710
762
744
698
738
772
738
740
840
858
888
880
850
860
852
788
710
736
748
686
664
664
670
710
674
724
714
696
704
680
688
632
680
662
654
650
644
568
592
592
582
592
574
622
614
610
616
574
590
580
564
550
566
656
544
570
610
622
662
672
700
790
818
828
742
792
816
798
762
822
876
898
864
856
818
730
670
648
658
686
764
772
754
688
692
654
640
686
724
764
762
804
802
790
736
780
808
834
780
806
832
836
756
712
788
788
792
736
736
714
782
792
802
788
722
730
754
772
788
746
778
826
816
822
730
656
688
744
748
722
664
666
662
662
670
702
728
734
710
746
750
700
648
730
574
650
636
670
692
674
650
668
686
712
768
798
820
780
764
782
804
766
752
732
758
794
796
774
800
820
796
800
766
770
756
740
780
822
762
756
680
716
738
802
752
706
682
754
768
794
784
760
784
780
762
772
792
760
714
704
690
728
708
680
686
726
768
794
760
768
782
796
764
778
784
786
724
810
818
846
838
778
730
728
768
776
698
702
670
666
736
702
668
690
774
770
784
706
712
732
710
684
760
780
806
856
758
720
758
778
810
802
758
794
808
814
752
818
812
792
852
780
820
842
812
658
686
654
688
704
670
664
712
658
644
658
572
624
626
634
622
646
618
636
618
632
682
634
684
686
708
702
706
724
670
646
644
620
654
628
600
608
612
644
662
680
714
770
752
726
694
698
698
704
696
676
672
658
658
682
708
676
696
714
648
616
658
636
628
608
690
672
654
714
708
718
738
716
712
762
724
668
646
662
672
700
668
668
728
746
736
696
724
752
730
692
734
776
780
734
718
748
760
808
702
670
742
652
650
646
710
704
664
670
724
682
668
692
690
686
672
654
736
666
666
706
722
686
732
844
792
832
856
876
820
816
852
850
822
768
794
848
892
870
866
924
882
872
928
914
886
826
868
876
834
818
782
848
828
840
832
876
820
812
812
870
764
750
866
880
886
866
886
882
864
874
874
842
764
814
846
876
842
874
850
840
746
798
772
738
778
748
740
860
808
862
898
834
854
874
828
700
718
700
770
724
674
700
800
856
798
794
852
822
810
764
802
858
846
758
734
718
778
758
738
812
784
802
766
828
846
856
830
854
852
810
704
710
810
836
814
760
762
838
814
744
676
760
778
792
786
822
834
876
786
816
800
768
724
750
772
800
746
814
842
824
738
820
808
756
738
782
784
778
718
768
812
794
766
740
748
678
710
708
688
718
736
808
838
754
786
814
832
768
684
646
714
702
678
666
694
698
670
660
684
682
702
666
666
698
604
602
652
646
600
640
608
674
676
684
672
710
712
756
706
718
732
686
652
666
710
706
678
712
688
668
704
718
676
692
700
700
782
740
714
636
650
622
668
624
606
730
576
676
722
684
698
726
728
674
670
738
728
748
736
798
800
724
732
708
750
810
782
796
772
718
712
704
718
794
768
722
746
830
836
834
790
790
790
790
718
748
762
790
806
778
824
814
804
730
752
764
748
704
754
720
654
702
722
792
782
784
826
892
844
846
862
858
816
522
738
796
770
714
758
798
778
724
802
822
782
732
740
736
782
718
756
788
774
728
758
786
794
742
778
800
810
746
790
812
806
736
744
764
826
758
730
782
762
758
764
764
800
740
716
734
756
700
708
746
752
724
692
726
810
772
710
758
836
882
840
862
860
844
890
822
754
782
800
804
734
778
822
832
768
762
788
768
782
734
730
784
752
780
808
862
796
788
820
820
818
698
744
772
830
822
774
848
874
872
868
910
902
834
788
820
836
808
794
814
862
830
768
842
836
806
798
780
814
756
738
820
836
814
772
818
810
802
762
792
824
780
708
802
828
836
748
782
764
876
804
784
836
828
832
738
762
858
844
784
856
856
832
782
824
848
810
742
808
830
788
764
728
808
806
794
784
836
846
788
730
708
684
732
816
800
828
866
852
838
802
838
842
814
806
856
870
790
770
834
858
812
788
810
888
814
782
836
792
764
752
822
896
858
900
924
890
822
820
874
810
738
756
828
774
730
792
828
848
762
820
856
830
766
810
862
872
798
810
848
842
776
768
754
718
708
754
800
814
800
792
812
872
770
782
800
776
716
730
752
768
780
736
748
778
854
530
600
750
766
830
784
762
694
682
670
682
706
700
760
830
898
824
822
856
852
794
794
834
866
832
798
830
840
756
760
800
844
796
726
826
840
826
744
784
800
810
760
732
820
826
784
754
804
810
746
754
812
852
818
766
794
856
782
770
788
766
724
696
692
720
700
732
806
878
806
832
876
870
804
782
820
834
772
868
892
890
804
730
704
686
704
776
894
852
830
892
920
898
844
868
862
882
824
858
870
822
766
790
870
858
832
854
880
888
844
846
866
832
808
850
850
836
884
898
842
826
862
862
784
784
842
828
810
876
910
872
844
850
892
810
784
794
786
722
712
766
800
756
736
788
856
840
794
810
824
764
736
832
860
858
788
820
840
838
772
786
802
860
770
766
846
862
804
832
862
850
788
808
854
860
806
832
856
852
752
768
796
820
784
762
810
872
786
792
838
844
764
760
716
676
730
720
754
750
834
866
860
798
848
856
762
704
736
766
716
666
682
742
798
786
794
834
888
868
810
850
854
846
776
776
868
884
858
856
856
880
832
744
780
812
846
796
772
846
914
914
842
850
850
808
746
786
848
896
724
802
850
840
774
694
676
736
744
678
664
652
704
620
604
624
652
588
626
612
572
576
582
558
530
568
536
516
540
514
524
536
572
646
714
726
760
746
736
712
690
650
632
598
600
616
678
796
846
776
688
674
674
684
782
802
826
830
754
686
652
716
770
838
864
840
766
726
722
752
766
796
746
732
742
676
766
766
694
646
636
670
676
650
626
614
582
640
760
782
738
700
682
704
760
782
804
814
806
808
802
800
806
816
824
838
850
856
830
806
828
844
872
878
828
792
810
746
698
714
744
838
854
850
764
748
770
788
778
718
746
744
782
746
710
728
744
766
710
678
692
692
642
648
646
640
644
666
736
766
780
712
710
746
750
718
672
670
674
726
742
710
708
674
724
698
684
674
664
766
748
730
756
772
780
696
712
700
726
746
704
682
672
672
688
744
772
734
712
704
766
718
674
662
660
624
658
606
636
636
636
650
644
712
680
642
712
688
746
742
756
696
648
668
684
798
804
750
688
710
766
832
846
814
776
824
822
820
806
692
716
718
670
680
734
774
758
766
686
662
660
650
630
660
656
714
718
678
744
762
836
822
778
730
744
774
790
774
764
670
638
630
632
632
644
678
784
854
886
888
850
838
818
712
718
820
862
854
820
842
872
842
842
834
788
660
694
666
664
674
678
704
728
730
728
644
660
640
638
618
644
678
676
642
624
658
644
670
650
602
638
622
650
690
716
704
720
770
790
748
718
752
770
744
700
724
744
808
772
796
854
850
818
810
800
826
738
668
686
710
738
702
744
746
808
858
796
794
844
790
712
704
742
710
766
818
870
822
812
842
814
712
678
676
656
746
752
728
742
734
820
874
778
756
696
730
750
774
766
706
686
674
680
682
716
810
840
852
798
784
794
790
776
704
756
780
790
810
756
786
826
824
766
694
704
684
750
790
824
776
704
796
828
822
830
766
664
686
702
740
718
672
630
678
704
788
842
868
806
790
768
708
692
694
768
750
870
868
810
696
658
676
662
672
644
658
638
654
648
628
690
714
704
682
650
648
670
726
768
768
742
706
706
720
700
646
684
672
676
668
626
610
598
602
578
590
648
668
690
664
704
708
724
698
722
676
630
678
710
728
818
788
798
822
734
720
748
816
828
864
842
816
734
716
716
734
754
822
842
850
786
710
724
648
662
608
606
612
618
620
648
656
664
702
702
814
766
746
752
762
730
704
782
776
748
778
754
812
802
782
690
706
662
692
680
722
800
876
878
846
842
844
836
832
782
756
786
856
898
872
896
902
854
822
726
688
780
834
842
812
846
878
822
784
756
824
814
752
716
798
866
822
832
862
794
712
702
664
706
696
758
734
740
838
844
670
936
820
796
668
664
630
618
588
590
636
642
708
748
760
840
816
806
840
902
852
836
852
846
818
790
794
848
830
780
762
776
818
768
690
622
686
682
682
698
664
640
702
688
748
836
834
746
722
660
620
634
628
608
660
688
732
700
724
674
758
790
888
854
812
802
668
692
736
692
642
684
716
722
828
792
754
708
708
724
712
702
718
718
764
718
810
820
764
756
730
716
730
784
818
788
732
682
734
756
746
766
760
820
780
706
648
680
650
668
728
670
656
660
636
628
670
730
694
694
670
664
664
728
730
720
722
676
718
736
778
786
708
750
744
788
800
800
752
742
742
702
662
668
636
634
616
686
708
776
790
804
810
812
800
728
688
696
748
800
822
812
742
720
736
758
762
746
706
680
722
726
720
760
844
808
800
788
840
854
832
744
726
768
764
746
800
770
722
732
736
746
800
862
864
842
834
866
804
732
782
802
830
804
762
750
742
778
722
662
670
640
738
764
806
756
714
720
756
792
806
744
700
742
714
748
728
722
670
702
708
760
794
816
770
756
794
742
706
680
680
788
840
880
820
814
822
802
760
772
726
770
810
798
728
694
738
684
726
772
828
832
764
696
700
710
784
798
808
736
710
728
730
794
718
664
666
634
666
666
766
832
824
782
806
714
690
724
768
746
794
732
788
786
816
852
832
826
720
686
696
822
886
908
892
922
866
878
880
878
840
840
730
732
740
738
848
894
924
930
906
922
910
938
866
800
802
832
854
828
804
820
848
886
808
820
858
848
854
712
716
664
698
654
668
714
674
700
746
798
768
700
740
722
684
656
632
630
638
638
666
702
702
672
678
688
732
760
736
722
728
706
676
690
716
736
696
694
722
736
728
668
692
684
782
844
804
740
710
700
678
752
790
868
888
898
878
848
770
780
728
692
704
788
794
792
784
816
818
756
682
674
654
666
690
664
664
646
672
672
700
692
658
626
646
650
670
654
680
728
728
762
684
668
680
698
716
718
664
670
686
700
720
704
700
738
758
776
728
676
708
728
766
822
840
840
814
714
702
718
758
750
720
724
778
818
818
800
770
766
746
720
668
730
750
784
768
730
738
772
734
702
720
750
792
812
766
704
728
756
754
722
674
676
660
690
778
818
850
898
836
792
802
798
792
732
736
758
798
848
776
714
734
816
840
844
802
770
798
812
822
808
740
786
746
760
714
768
796
862
798
818
800
840
812
748
790
826
830
788
714
728
764
778
720
654
714
724
756
744
708
734
730
694
658
700
724
736
710
676
698
768
814
790
808
708
722
748
780
766
732
744
764
778
796
752
772
856
834
780
766
768
746
712
690
712
718
800
758
714
756
792
808
790
724
694
688
688
674
738
778
854
882
824
742
722
694
738
808
856
816
844
726
698
676
684
704
838
858
834
842
840
818
842
830
856
898
850
764
702
668
654
632
690
688
706
770
784
760
776
786
760
746
718
708
696
728
738
768
800
732
702
742
762
826
808
760
752
820
828
738
684
666
672
678
684
734
746
732
728
778
826
802
768
780
774
808
720
690
742
752
770
752
724
736
774
728
798
808
832
768
704
666
664
698
760
808
876
828
790
764
844
822
764
690
668
698
658
666
702
744
804
826
762
740
766
704
668
660
656
652
668
652
642
706
728
748
760
726
658
668
642
604
600
578
666
816
878
842
898
866
912
876
846
848
814
850
794
776
822
800
780
790
792
786
780
770
764
752
768
774
756
682
652
644
638
644
658
712
786
834
806
798
700
670
648
644
644
632
618
616
614
642
676
792
834
886
886
878
858
832
800
758
758
772
788
810
822
794
712
712
672
718
694
712
724
692
718
686
654
700
718
798
836
836
786
802
720
710
748
798
772
732
810
822
812
772
724
736
762
802
730
740
698
724
712
710
702
736
776
786
834
842
792
818
842
846
836
724
732
696
694
688
676
686
714
798
768
700
694
692
710
734
748
778
780
728
686
684
678
736
706
676
656
660
624
610
598
600
610
612
648
702
654
634
720
660
648
660
652
654
658
726
730
752
720
776
778
718
668
668
666
666
686
706
730
710
790
742
750
762
740
732
720
662
658
648
636
634
632
716
718
758
776
872
862
908
872
820
788
814
792
828
816
798
786
842
830
800
738
726
748
766
758
672
700
780
788
750
732
792
836
808
740
772
814
816
708
704
692
760
826
790
782
822
798
732
666
714
708
818
820
838
822
836
848
840
788
788
810
870
830
792
814
824
780
708
752
688
710
682
668
776
774
780
828
834
840
780
734
832
834
836
786
778
834
832
738
712
700
738
762
786
774
754
822
832
838
830
768
734
784
806
826
780
788
846
872
862
810
800
812
792
740
684
704
680
718
768
730
702
692
700
764
830
840
788
718
724
758
778
806
818
800
792
824
844
852
822
816
834
838
818
796
762
782
800
814
776
772
786
812
750
692
762
774
766
740
740
784
800
850
752
744
774
732
724
742
824
784
718
820
824
826
774
730
734
780
718
680
692
704
678
726
722
760
768
712
726
738
744
750
738
726
768
794
792
716
732
750
798
818
746
684
668
654
668
714
784
828
804
734
740
730
784
728
698
702
700
754
718
670
702
676
696
722
818
818
824
770
808
774
764
772
728
666
648
638
648
658
652
640
736
738
688
670
672
650
632
630
634
630
630
612
622
624
648
682
652
668
694
722
730
702
664
640
632
634
646
666
668
666
642
654
714
706
734
702
702
672
680
644
640
660
760
770
794
812
790
842
838
818
750
714
766
766
784
714
658
656
702
668
656
644
664
680
698
672
640
648
648
658
678
758
750
772
756
780
774
710
724
682
680
690
680
716
794
860
780
728
780
818
882
850
846
840
822
866
818
762
734
764
758
734
682
668
648
646
638
634
614
814
860
862
868
850
840
878
794
710
702
674
666
622
628
616
616
618
628
614
662
640
696
702
706
724
712
704
710
690
664
644
636
648
670
704
710
708
662
704
706
786
762
732
702
686
620
668
670
660
672
698
702
712
738
744
710
656
718
738
738
702
678
672
720
736
770
758
712
726
748
760
728
760
702
734
766
824
846
824
792
780
758
678
702
732
816
854
880
868
836
770
728
798
808
786
766
792
880
844
808
744
782
788
730
734
680
702
784
830
800
708
734
726
774
746
702
704
626
660
638
656
640
708
696
672
694
686
662
708
642
682
662
644
702
710
744
754
810
778
688
726
780
760
744
746
734
690
664
664
736
800
838
852
858
846
814
774
730
702
690
662
630
624
620
608
664
676
678
708
708
782
734
736
750
796
750
732
774
772
754
734
754
764
772
764
704
696
718
734
738
746
736
700
702
656
676
730
686
668
654
768
790
790
716
698
706
724
732
720
696
692
712
738
780
770
758
794
768
714
680
682
716
758
846
780
738
800
836
804
740
740
694
752
716
676
658
666
636
684
716
716
512
744
754
732
698
732
750
770
740
714
730
752
746
716
704
724
758
742
732
698
726
744
730
714
682
696
778
768
758
696
778
730
704
684
702
730
714
672
666
698
706
768
712
680
696
712
728
722
692
676
690
718
730
700
700
692
684
682
714
660
690
722
758
742
712
720
722
698
724
660
716
728
720
704
710
732
756
768
798
834
852
798
744
756
784
776
726
710
728
730
770
698
732
748
786
762
740
766
752
732
746
744
746
704
708
696
714
750
764
772
720
724
756
796
796
800
728
722
672
634
620
640
670
706
682
654
638
674
742
812
846
766
658
694
694
762
770
778
772
756
726
738
756
768
744
688
670
708
750
786
746
774
750
802
724
698
728
742
746
724
760
798
862
806
834
830
780
818
810
832
872
870
850
878
844
812
736
760
754
758
782
684
688
664
664
670
708
756
768
704
678
660
688
734
738
758
846
854
884
788
728
762
742
732
676
652
722
756
794
774
826
888
910
902
882
800
766
764
778
792
784
774
810
848
850
760
718
690
722
772
840
824
784
798
802
776
728
686
690
704
730
772
814
804
734
720
708
672
660
678
670
724
718
668
640
622
620
680
640
624
674
666
662
670
702
688
644
674
648
640
656
658
638
712
740
746
716
694
720
726
712
752
734
758
704
804
796
770
754
730
682
632
638
648
694
706
742
782
832
856
846
808
782
688
714
726
678
700
732
760
826
886
758
680
676
690
708
670
668
702
792
876
888
860
798
720
710
758
850
888
890
918
930
914
876
908
900
874
878
936
966
954
906
860
872
894
866
844
876
924
922
882
834
854
876
886
814
854
884
864
852
890
884
910
884
892
858
862
866
836
766
736
782
878
888
820
880
922
922
904
916
906
880
868
872
860
820
796
876
860
818
810
848
846
820
848
884
836
738
744
704
670
692
786
918
874
850
852
890
822
776
808
842
820
762
792
828
932
866
910
938
948
924
924
880
898
892
880
860
872
868
828
790
748
772
746
750
782
852
904
880
914
912
872
836
736
754
818
828
804
832
858
848
796
868
904
906
886
924
936
908
828
836
870
834
784
818
826
870
850
930
938
990
920
934
922
896
912
834
846
878
930
904
864
888
888
874
860
894
876
782
734
764
736
720
782
780
758
710
694
680
702
758
770
786
804
864
856
814
732
742
760
734
652
634
626
586
718
884
892
886
888
916
916
912
866
792
736
732
832
882
914
896
882
820
806
794
832
838
910
890
870
826
778
830
844
862
822
754
774
808
860
860
888
826
842
858
860
834
850
856
868
848
802
808
822
822
798
786
844
856
812
842
842
806
790
820
842
758
734
780
820
822
770
794
842
838
764
786
840
840
768
752
768
814
752
756
810
824
780
758
800
794
824
740
758
770
798
776
750
750
784
786
766
728
816
826
812
746
754
786
796
802
782
820
836
784
808
840
844
772
764
776
802
768
812
790
752
724
730
814
874
844
746
708
738
770
828
850
836
792
836
850
866
846
882
892
876
798
812
820
830
798
832
890
900
854
824
838
864
828
754
824
810
786
718
734
768
776
752
726
820
844
810
748
716
786
778
726
706
764
804
816
772
824
854
846
804
726
710
790
784
742
856
886
880
844
844
876
862
840
868
866
824
784
830
864
826
716
672
658
700
742
786
736
678
700
684
724
690
762
748
738
742
662
640
666
682
710
684
678
714
758
778
780
712
704
682
710
726
766
780
750
710
680
744
766
766
768
714
702
664
670
654
662
672
614
694
670
676
656
672
662
660
650
614
654
630
624
614
590
584
622
572
614
720
720
706
710
710
732
698
706
752
850
870
880
834
726
622
616
596
634
644
628
646
640
654
678
690
710
678
662
640
704
702
726
756
778
774
746
742
760
822
820
782
800
750
776
802
810
804
782
772
766
806
822
782
786
708
694
668
654
664
680
724
742
792
750
720
744
748
756
746
740
808
860
810
802
834
834
808
826
826
790
740
682
662
658
698
720
672
690
668
650
652
652
614
698
700
712
694
658
646
638
694
644
632
648
656
682
670
664
718
722
778
756
832
780
802
818
796
800
780
702
712
674
740
794
822
802
740
732
736
700
706
678
670
692
710
740
798
792
772
698
724
678
658
696
730
776
828
714
666
666
646
666
670
618
584
610
634
642
652
680
684
698
664
642
622
638
622
628
660
686
708
708
712
702
688
728
706
670
700
734
746
790
806
788
778
802
806
712
664
704
682
676
720
800
840
786
798
708
706
660
658
676
658
652
682
686
762
778
784
770
770
822
782
806
844
868
856
836
770
826
808
800
810
812
608
862
700
726
764
806
812
770
716
690
714
780
872
798
938
738
706
734
788
850
826
770
722
724
750
778
730
758
712
750
772
776
758
710
716
692
726
786
788
770
714
684
710
700
716
774
800
710
710
692
738
808
830
756
802
780
826
804
750
702
700
734
694
700
792
862
850
732
702
702
692
712
738
776
778
676
648
648
632
680
682
728
758
736
762
730
706
658
650
670
716
754
750
752
824
830
776
746
732
770
800
878
838
814
834
852
846
838
764
784
806
844
802
760
774
790
798
772
722
730
728
790
784
742
756
802
810
792
762
734
744
754
746
710
674
720
684
740
826
854
796
804
802
810
710
694
778
860
894
892
854
866
862
776
682
638
620
704
754
824
806
726
730
842
814
812
768
734
758
780
796
740
726
726
758
786
736
712
734
700
678
678
662
648
634
614
770
790
792
806
762
768
784
664
844
768
762
842
854
780
718
778
774
752
686
730
728
732
780
828
824
824
780
722
646
632
688
694
768
782
736
748
754
754
716
688
688
686
690
700
716
682
656
658
658
660
658
692
708
736
796
822
790
734
738
722
698
656
720
726
744
758
766
772
712
702
772
770
716
718
702
712
736
766
764
746
752
658
660
648
638
616
632
624
698
676
674
678
638
654
606
644
620
586
622
570
620
618
648
622
690
670
652
636
634
620
622
656
686
696
710
678
636
696
644
648
654
666
666
670
658
660
646
614
614
652
640
664
654
650
696
690
724
712
724
718
720
714
694
684
712
670
660
634
688
668
674
672
706
688
654
668
716
668
646
604
640
628
630
652
682
720
780
820
842
820
742
638
664
656
672
710
752
748
720
730
670
656
638
620
612
658
702
728
842
920
# end time: 2014-03-17-05:08:15, 1395047295.66
