# R wave intervals in milliseconds per line
# start time: 2014-04-18-04:23:39, 1397809419.02
652
600
532
572
602
726
594
608
778
568
738
782
836
666
668
682
670
610
620
1314
788
528
622
548
516
504
512
510
528
512
504
524
634
644
552
660
552
540
510
514
508
506
524
512
524
510
562
522
560
516
514
516
512
528
624
532
506
530
748
732
542
696
600
530
506
716
562
504
512
520
514
514
504
504
512
504
512
504
548
514
504
548
504
516
508
506
514
504
544
542
514
532
504
514
512
504
516
516
504
530
518
602
560
506
514
504
510
504
512
504
504
512
520
528
504
518
512
514
508
510
504
518
512
504
512
504
512
504
508
506
516
504
512
558
512
532
504
510
556
514
570
510
784
734
600
618
504
514
516
504
514
514
504
512
504
512
504
514
504
514
504
512
504
514
504
512
520
512
504
516
514
504
510
504
504
512
516
504
516
516
504
596
634
512
506
510
504
512
504
512
504
506
510
516
504
514
518
514
504
516
512
506
514
514
538
516
730
512
572
724
528
796
560
628
692
542
548
516
514
518
752
732
558
730
698
678
752
672
712
564
506
504
510
602
514
516
514
504
528
504
512
504
512
504
504
516
632
766
616
734
766
502
598
778
782
526
564
716
684
700
650
696
670
684
728
504
586
742
746
718
754
798
734
748
510
758
768
682
698
640
694
652
668
678
632
622
648
664
690
696
716
700
746
786
798
758
820
810
790
788
716
768
732
670
728
698
730
796
742
782
802
818
816
838
856
858
768
730
686
700
662
666
704
762
868
820
830
886
868
830
798
802
570
790
728
788
840
618
598
814
518
610
556
830
2126
1302
782
708
650
730
684
754
826
838
798
780
788
754
746
768
752
698
664
684
730
766
752
720
752
794
798
748
766
810
848
858
840
814
822
748
680
722
598
664
764
814
840
850
802
798
832
830
820
758
776
832
808
722
840
844
810
796
796
754
734
734
748
764
800
866
604
984
750
764
752
706
702
790
820
736
814
832
870
900
814
802
784
850
832
794
724
656
696
666
614
650
700
702
682
768
764
768
718
716
748
804
834
816
844
818
836
798
804
818
536
792
790
758
810
828
790
778
778
794
832
786
734
772
824
832
824
778
800
766
716
718
736
784
784
764
752
766
784
700
666
682
708
740
686
718
766
770
698
718
720
754
758
700
734
732
720
694
706
650
698
702
714
686
742
750
830
814
810
774
538
724
632
706
584
722
748
788
762
812
828
766
750
792
770
750
734
764
770
798
804
602
944
802
702
680
770
700
720
786
812
806
780
784
732
832
574
840
710
624
868
518
614
742
512
732
784
552
634
714
624
748
528
752
540
590
724
656
890
678
640
732
1470
902
566
750
768
800
718
748
746
682
616
726
694
736
684
732
798
504
734
636
870
570
748
730
736
576
926
682
732
752
520
626
540
656
764
722
550
616
698
808
678
530
816
768
752
542
606
748
504
768
504
582
546
732
768
816
804
722
758
752
784
732
666
720
728
624
730
662
624
696
682
624
838
758
782
692
512
570
774
726
600
694
550
584
748
1104
662
666
734
734
716
658
760
808
750
728
802
818
768
796
744
690
782
702
736
778
776
772
688
866
546
732
784
744
614
552
796
508
594
516
532
640
794
522
788
512
588
504
776
746
746
528
600
774
754
530
782
836
794
740
796
532
576
718
800
836
850
834
744
738
782
718
732
776
778
682
750
832
798
752
768
788
748
688
894
534
530
754
796
738
696
802
512
560
694
736
668
634
798
748
752
548
796
744
714
600
700
832
780
686
822
646
706
630
668
832
556
594
534
530
802
586
666
852
534
584
690
542
752
562
590
652
558
774
768
764
746
736
764
526
646
632
568
804
568
620
512
730
558
504
606
700
550
584
710
558
592
504
720
770
514
808
636
718
770
754
738
1382
1428
1306
784
630
682
666
690
626
650
700
652
630
688
740
794
716
766
850
716
686
748
684
702
698
736
772
768
660
746
670
720
712
666
720
768
866
850
850
938
930
820
596
638
534
758
720
866
888
924
898
868
776
838
544
800
504
574
562
526
580
540
556
680
546
504
664
530
558
672
740
572
504
648
512
534
644
778
738
540
796
546
614
668
562
818
570
662
504
542
756
502
580
580
778
730
508
602
514
512
646
716
806
610
516
718
662
530
770
892
790
556
586
760
786
716
798
552
586
548
822
754
594
532
668
584
798
512
568
502
570
662
750
790
506
532
628
504
694
514
560
526
506
632
516
598
690
682
644
568
768
572
608
764
1274
766
810
506
716
710
770
708
674
588
690
702
668
746
684
770
554
780
658
756
736
730
536
584
744
610
732
796
504
730
734
534
628
714
572
792
526
602
526
516
630
762
570
760
556
594
722
746
550
790
752
742
548
602
796
726
504
770
526
602
744
802
802
564
804
534
596
774
536
744
718
742
774
714
734
786
556
626
696
788
666
618
684
554
556
588
518
616
698
584
604
666
666
766
568
504
650
532
530
520
548
766
520
518
536
504
638
622
650
684
520
520
524
538
582
552
664
518
518
648
550
518
604
834
696
516
566
508
510
538
516
518
512
566
504
516
618
582
550
504
550
698
670
600
750
514
766
720
682
568
598
702
554
564
752
598
668
652
566
584
716
526
594
654
512
734
568
512
670
782
702
782
752
568
684
752
584
550
616
530
818
636
548
504
634
718
564
620
728
602
554
830
518
616
668
780
604
652
616
622
712
722
678
732
802
534
784
550
634
802
782
782
552
750
534
504
578
802
632
650
650
638
744
688
798
750
518
650
696
672
854
898
548
794
774
798
832
772
848
550
602
666
566
818
594
644
658
526
608
524
698
566
818
780
518
604
790
572
750
536
574
798
544
770
560
608
720
526
746
550
518
600
606
526
504
566
670
728
620
582
612
706
512
736
534
512
522
530
504
524
524
504
530
516
512
528
524
516
532
504
504
580
650
530
504
514
552
504
528
732
598
618
568
586
732
512
524
534
746
764
716
560
608
616
602
650
552
596
696
508
544
504
566
566
652
518
612
566
504
516
552
510
504
546
704
514
504
564
516
514
506
546
532
540
544
516
504
530
566
546
534
536
506
542
538
514
536
514
528
504
532
504
796
696
508
582
562
520
512
788
704
656
724
716
702
550
612
548
672
704
708
724
654
506
630
516
570
586
614
682
552
584
758
504
782
546
624
698
504
514
634
582
850
730
658
662
740
594
800
576
620
802
530
768
552
604
788
694
796
526
532
654
698
726
526
520
716
722
746
796
850
804
532
504
630
582
848
548
620
738
548
810
524
610
754
516
802
560
674
560
620
796
528
584
636
626
812
524
576
716
598
732
516
570
514
542
656
538
590
524
516
554
642
756
518
770
612
632
620
612
836
664
668
686
610
840
546
604
674
578
594
608
710
574
844
512
608
962
668
686
630
622
512
786
614
664
704
572
546
616
564
538
514
520
620
526
552
702
768
612
554
618
578
732
586
604
730
638
646
508
692
800
516
734
644
690
600
608
688
640
644
652
534
782
506
582
778
654
648
828
548
588
732
752
676
1206
724
728
764
718
688
746
734
632
584
738
664
636
664
684
512
698
670
782
504
796
540
508
568
782
674
512
564
504
562
652
730
690
542
604
616
634
542
742
588
516
710
520
664
504
514
560
652
644
550
630
646
548
584
670
548
522
642
522
808
776
604
658
702
724
724
768
850
882
818
752
870
644
600
732
784
796
634
520
588
604
612
710
802
802
692
772
808
658
796
786
984
650
696
590
514
698
600
616
744
540
606
674
718
766
506
562
600
618
748
588
754
662
712
656
678
654
730
750
566
782
834
618
548
700
618
536
516
546
580
636
516
816
720
780
806
514
670
514
574
616
628
612
718
610
622
566
768
812
534
506
542
722
532
518
598
580
602
748
804
714
566
666
684
662
626
576
772
666
642
654
622
570
704
516
738
814
584
514
696
506
542
630
740
726
690
552
552
584
774
558
530
504
748
598
684
514
560
558
666
616
622
548
580
784
556
596
600
590
792
528
582
690
552
644
526
510
530
818
720
536
588
556
580
740
744
584
536
668
630
764
514
600
788
794
744
672
628
666
578
614
704
666
660
704
622
510
504
528
536
518
548
598
650
504
666
546
700
584
504
530
532
522
514
506
624
554
726
590
646
732
598
750
700
688
706
750
758
830
802
878
536
844
584
660
548
830
546
626
838
844
772
812
768
666
894
534
686
752
716
578
522
662
582
832
884
872
810
724
810
786
1968
1484
890
624
634
668
684
698
690
694
782
732
734
744
728
648
718
732
830
834
804
704
798
772
618
518
786
746
766
780
738
682
526
788
814
850
866
886
782
528
570
752
706
750
808
854
768
878
918
686
1034
630
754
744
786
780
634
946
756
764
866
822
812
832
872
810
738
846
606
566
828
720
538
574
502
534
752
828
850
848
752
752
772
578
550
502
648
698
568
818
582
602
714
522
516
626
520
504
616
776
538
562
660
544
772
732
780
664
650
668
680
702
670
698
650
688
734
714
682
702
716
766
716
782
790
830
814
720
514
660
732
798
752
816
804
792
584
646
568
504
596
772
712
718
728
670
514
568
702
748
504
680
718
734
764
768
730
800
838
784
516
584
752
924
616
678
630
598
830
516
600
520
518
820
814
856
746
764
502
616
788
762
750
762
766
734
738
716
766
784
752
798
832
782
768
770
800
798
750
698
718
788
742
752
770
796
788
720
644
514
744
824
522
648
596
618
706
546
818
752
768
796
800
766
684
502
554
710
536
730
632
740
732
680
624
728
768
766
766
704
530
572
694
520
748
702
750
702
730
718
618
700
734
782
584
750
788
832
850
836
732
732
768
582
504
782
728
756
746
514
586
578
540
792
514
596
772
764
762
522
812
562
690
520
556
526
514
630
660
722
690
786
780
650
892
652
530
716
518
504
772
530
714
614
506
504
546
534
648
728
668
506
526
572
754
796
636
742
556
818
716
532
572
514
816
534
668
582
582
518
666
670
774
738
688
522
784
748
516
594
574
716
852
604
614
680
670
590
510
750
512
564
708
520
730
518
568
530
566
674
744
570
504
506
526
516
534
548
536
578
602
602
750
584
750
588
660
656
528
768
758
778
768
762
722
516
580
730
524
684
730
754
520
596
706
766
728
756
798
604
714
778
788
768
706
798
802
796
722
600
610
822
550
504
512
600
600
504
528
736
512
568
660
520
792
738
772
784
554
670
572
502
782
526
604
788
548
514
566
592
710
724
786
762
802
668
512
518
620
750
716
776
688
756
664
652
684
670
710
682
700
520
502
632
800
718
582
748
816
506
506
508
564
592
790
520
518
626
678
612
816
532
588
742
558
512
664
790
518
520
766
848
802
752
796
768
656
708
654
668
782
600
806
710
534
720
748
816
800
806
694
1004
764
568
628
590
518
642
724
600
554
516
656
790
586
632
774
604
656
606
546
800
520
716
834
852
800
798
560
618
790
780
836
816
650
902
714
766
504
600
780
680
572
816
802
732
800
830
738
748
700
752
666
666
666
702
758
790
804
848
868
866
720
816
782
722
764
564
892
776
802
814
740
826
816
686
900
546
808
768
648
748
502
816
564
530
754
518
696
550
584
536
576
670
572
816
568
624
524
588
510
592
514
714
684
586
504
744
524
610
730
732
656
562
736
702
698
696
682
704
716
640
694
730
502
588
796
636
652
516
748
732
608
682
730
696
514
570
774
608
800
902
934
910
874
682
650
810
718
570
732
732
732
702
780
654
718
828
520
566
768
516
612
518
538
644
722
512
784
550
628
700
534
772
566
628
620
770
688
626
878
734
556
608
784
566
838
524
606
746
724
740
786
772
662
516
592
674
798
802
694
788
504
710
586
746
668
882
766
570
596
602
616
750
582
648
686
714
732
768
880
852
848
900
916
852
766
738
616
742
780
742
794
556
848
900
832
884
902
884
618
678
620
618
728
750
738
582
580
518
664
516
734
536
578
566
804
546
600
754
536
556
658
546
834
750
566
616
522
586
674
520
516
516
722
530
542
652
502
564
640
684
564
502
648
562
734
596
610
794
532
832
784
590
660
516
536
646
700
586
836
602
658
734
522
514
630
518
804
502
598
516
518
626
782
520
800
524
610
546
834
768
550
614
774
780
548
534
704
502
562
698
722
510
788
538
622
668
506
536
574
586
636
726
734
770
780
724
678
748
768
738
712
650
730
704
600
700
552
682
534
514
734
504
512
700
514
582
570
838
568
642
536
620
530
588
698
512
504
696
766
802
536
510
706
778
670
616
516
634
568
714
686
748
798
514
610
530
830
852
864
788
714
902
548
614
536
734
700
700
648
700
704
746
514
598
524
586
848
870
884
648
716
534
532
504
514
514
518
504
546
754
746
736
716
748
518
594
676
714
696
724
664
716
670
650
714
796
502
752
682
684
736
764
768
732
702
680
700
752
700
684
552
580
504
694
586
748
570
632
630
658
528
800
552
630
782
674
628
638
660
706
600
514
570
660
506
696
568
616
636
632
834
540
606
552
534
652
526
720
834
834
834
866
784
852
930
818
634
652
798
784
752
834
664
548
732
734
510
604
504
764
736
528
588
516
766
704
504
564
528
786
718
570
608
638
534
598
512
560
610
722
742
700
536
526
638
552
788
520
590
506
558
638
556
646
534
504
660
800
516
504
510
730
740
702
714
688
510
562
518
576
658
554
532
654
532
516
630
514
538
504
614
636
510
522
518
512
540
606
632
636
658
510
806
576
668
704
710
654
752
778
802
614
802
774
526
766
532
588
770
510
798
510
610
638
556
754
698
700
510
568
556
568
798
902
932
702
766
634
516
694
558
598
504
530
512
630
786
754
518
504
618
764
772
540
504
638
756
514
788
768
698
548
580
506
566
670
650
580
834
546
618
706
594
836
546
618
504
798
502
600
752
696
774
748
742
732
520
520
632
536
502
632
548
552
666
514
766
578
622
716
730
606
772
512
598
666
536
614
620
688
720
610
712
836
600
630
694
520
506
618
532
560
660
762
548
538
650
516
520
628
540
546
662
534
512
636
550
536
654
562
816
752
518
598
796
706
694
502
516
612
526
798
518
610
558
782
682
750
756
694
722
732
632
580
702
734
632
902
796
720
528
568
754
550
700
796
754
832
818
754
776
786
776
808
702
698
544
578
694
802
650
720
1398
838
514
502
786
558
566
686
640
646
766
788
1876
1126
782
514
680
586
664
616
650
690
556
728
824
626
810
728
696
668
656
698
588
622
716
644
682
650
746
734
782
940
646
550
504
778
672
746
700
748
672
716
698
698
734
652
696
1920
1228
736
664
602
652
620
648
738
800
712
730
800
846
786
766
850
836
782
800
862
922
854
862
866
914
918
734
882
900
734
788
812
816
736
690
678
668
656
516
574
648
718
670
618
664
648
618
620
636
710
718
712
754
762
838
582
848
750
566
802
752
732
800
796
734
702
680
722
776
836
816
888
844
752
720
796
818
784
816
896
866
766
766
804
812
818
766
770
810
718
718
714
718
712
610
762
568
664
584
606
624
618
570
626
654
780
802
808
858
832
752
712
750
700
684
702
682
728
752
846
874
926
852
866
818
890
742
814
836
766
790
840
854
796
798
818
800
720
700
732
728
784
800
792
876
928
888
850
830
864
788
734
746
766
732
752
698
698
670
664
666
602
664
670
644
756
514
634
524
592
514
592
726
658
640
550
652
630
608
688
738
738
678
766
870
952
910
848
534
666
738
696
570
542
604
616
668
788
724
790
716
700
662
628
626
696
690
560
616
504
844
674
878
764
606
530
600
528
520
512
584
752
594
610
608
556
698
582
850
786
782
520
626
686
714
740
594
630
920
686
776
588
628
586
782
598
600
634
632
668
682
750
720
680
648
716
688
776
514
564
630
694
750
670
580
834
866
800
814
520
784
798
734
714
738
782
820
812
718
814
830
854
918
762
786
602
510
660
818
832
520
622
718
780
818
768
816
614
620
668
646
816
530
578
796
696
764
572
516
522
798
786
598
712
552
746
752
744
736
770
802
846
716
738
758
780
706
718
702
728
670
598
654
596
618
650
684
718
712
772
794
816
838
762
722
578
866
762
812
874
854
844
866
868
768
706
714
746
782
802
1582
950
618
752
776
712
726
684
718
728
734
758
858
848
902
824
824
832
788
700
716
730
686
680
720
712
692
694
718
684
698
654
692
656
636
750
636
700
782
848
816
784
800
762
770
720
782
738
810
786
764
884
934
802
820
788
526
864
592
644
530
682
526
510
600
506
530
762
770
932
722
828
908
556
750
788
862
930
854
782
812
976
916
832
714
770
878
892
814
846
870
900
572
598
766
870
752
752
746
790
826
788
662
1144
686
1486
898
538
694
550
742
624
624
654
504
582
616
764
880
884
566
592
820
694
776
676
708
542
704
594
530
772
800
864
906
796
514
622
632
652
548
580
654
668
700
796
884
908
830
842
910
916
582
832
630
504
572
514
514
524
712
768
618
696
686
600
566
814
754
1260
758
810
718
718
664
572
702
700
570
698
570
508
766
676
726
790
842
840
880
734
748
736
566
650
626
716
642
688
628
614
738
566
696
718
686
700
696
708
760
852
818
502
880
536
514
518
700
508
572
748
674
792
502
528
738
788
806
822
736
766
816
864
804
782
798
836
816
766
752
810
786
736
748
672
710
702
768
768
698
734
620
1000
812
818
708
758
798
820
798
736
814
892
826
796
800
836
700
732
604
562
564
834
932
966
966
868
802
546
690
624
628
796
746
672
848
890
846
864
898
836
770
798
834
880
770
812
834
802
698
598
882
534
590
660
516
802
800
796
688
746
718
766
646
704
680
738
714
752
698
714
686
716
602
670
614
698
714
784
784
840
694
548
582
536
732
536
568
696
554
518
524
562
592
732
702
614
534
516
632
554
566
700
584
732
818
848
916
952
966
928
938
882
768
748
932
522
588
674
550
534
654
580
704
692
524
730
566
592
740
784
806
876
878
828
530
752
798
650
700
720
762
692
504
590
666
550
530
656
770
528
542
658
586
666
516
600
830
614
658
512
524
622
634
700
546
788
606
548
752
698
746
680
690
798
796
556
586
540
740
860
816
884
800
814
572
596
786
570
776
852
512
612
764
512
732
784
504
714
714
690
912
888
828
668
698
684
566
748
602
612
620
696
818
784
570
612
774
528
532
636
546
868
568
644
754
516
540
642
534
776
586
502
574
784
584
642
722
560
816
734
748
540
660
674
722
730
590
852
732
502
566
748
772
664
670
742
804
798
502
676
668
654
668
584
676
854
578
642
746
796
784
586
870
562
640
516
638
708
712
542
624
836
610
640
648
582
832
580
642
716
564
816
542
612
696
520
538
636
544
648
566
594
580
524
526
578
798
602
536
684
612
514
740
648
646
668
666
714
804
702
826
826
862
734
854
550
598
522
776
510
580
658
868
584
800
766
620
530
732
734
730
512
578
754
898
676
514
1012
608
690
766
734
766
550
618
538
828
578
642
572
804
522
598
526
534
638
792
726
546
504
630
752
848
876
840
854
848
868
608
858
542
678
734
678
560
506
642
556
780
532
588
514
530
638
528
874
848
786
850
552
592
520
730
550
584
514
534
638
812
772
578
548
756
820
882
812
804
552
660
766
666
750
782
786
540
628
594
904
898
866
520
614
616
770
564
614
754
684
584
512
658
560
788
528
668
538
574
700
692
760
788
532
764
788
834
548
624
508
510
780
506
786
540
616
524
534
666
656
792
742
508
716
508
560
852
732
532
814
554
632
782
726
508
854
846
852
828
504
648
648
504
780
1244
746
826
846
880
790
798
804
780
830
624
666
650
734
632
632
700
618
818
732
602
806
800
782
818
900
902
734
778
506
582
726
722
626
750
788
606
774
604
578
558
864
932
766
816
648
616
568
720
692
576
566
694
694
590
802
680
740
556
540
524
640
586
812
528
578
548
646
504
556
540
578
510
556
646
772
542
566
674
578
768
582
602
550
516
646
742
514
524
630
788
530
564
660
550
792
740
722
766
702
746
552
616
532
696
644
528
570
752
796
506
754
560
644
518
508
614
580
834
644
656
760
602
854
660
830
532
626
666
652
516
722
580
602
684
600
636
748
722
658
550
512
512
680
724
564
556
638
512
522
710
502
736
792
700
826
508
688
588
604
572
516
692
812
524
576
606
518
584
666
512
616
504
634
816
680
566
596
780
794
512
554
644
576
506
660
662
920
656
690
502
516
612
544
530
632
502
614
672
514
544
636
670
532
568
666
562
518
658
526
586
720
658
568
512
654
572
816
534
604
532
506
626
730
572
594
682
742
842
800
854
884
898
570
770
824
554
520
618
750
734
578
612
740
590
546
688
638
746
528
518
780
924
582
630
546
612
702
590
566
696
588
518
664
626
826
614
640
574
576
704
510
612
676
528
820
568
640
538
550
662
730
612
510
676
550
732
744
722
646
650
704
652
514
502
614
508
780
782
564
636
514
512
618
788
648
544
828
510
560
776
# end time: 2014-04-18-05:16:06, 1397812566.39
