# R wave intervals in milliseconds per line
# start time: 2014-03-13-21:03:01, 1394758981.44
718
688
704
676
620
612
648
676
718
784
786
750
738
780
808
758
722
720
758
758
754
686
718
732
768
788
772
770
778
792
798
820
828
870
534
666
800
512
808
816
806
884
862
814
846
824
810
798
836
806
916
826
822
786
828
834
510
612
562
522
652
548
518
698
528
820
856
826
882
836
894
876
898
786
910
840
826
740
708
766
832
870
838
912
900
760
888
864
898
586
912
798
852
522
702
856
786
872
852
926
888
834
892
870
828
772
836
842
820
816
860
844
840
842
850
848
796
778
846
814
770
778
824
732
728
816
800
794
808
870
822
774
758
800
804
782
830
800
870
788
830
832
510
764
772
792
828
786
860
874
846
860
800
800
824
534
652
610
712
534
762
710
780
754
776
750
738
708
742
686
736
692
680
634
852
834
792
648
966
818
718
700
718
728
726
648
688
634
662
638
632
704
654
640
710
728
800
762
814
774
756
756
768
550
616
676
694
736
620
884
668
640
626
636
636
730
794
766
786
760
772
502
774
694
730
640
660
642
652
668
688
726
704
656
660
706
678
730
746
788
770
712
690
708
642
634
676
658
670
666
664
574
684
620
620
624
632
716
756
746
728
656
730
784
794
742
738
802
802
606
1032
744
658
718
758
824
868
860
874
894
888
830
786
744
622
890
800
794
866
874
816
788
756
748
554
604
682
762
770
846
852
656
1054
850
874
880
810
696
724
678
700
688
730
702
750
780
788
844
918
900
844
784
804
800
800
764
738
820
846
868
892
810
834
784
782
692
702
702
718
800
920
932
888
838
794
788
800
812
824
792
792
798
840
822
772
710
712
662
728
780
812
850
834
840
808
780
758
706
686
684
662
680
716
810
808
822
858
874
824
862
742
762
712
724
648
680
698
736
734
784
802
794
778
840
802
702
666
692
660
632
704
710
732
728
716
776
738
698
648
652
606
612
746
536
670
800
816
880
872
844
884
538
854
750
734
758
744
708
814
800
852
728
812
806
812
808
782
816
834
886
852
900
858
830
824
802
864
846
838
820
756
762
778
802
852
890
874
862
850
852
846
832
828
790
686
682
730
768
840
840
898
838
776
756
754
758
768
770
806
808
868
802
834
820
856
802
798
720
744
754
780
866
884
816
790
808
796
738
750
660
654
720
750
858
848
796
866
864
898
870
754
798
796
822
778
762
816
868
896
928
864
888
838
854
862
804
760
840
876
886
820
844
796
836
852
876
830
848
818
832
844
848
800
816
812
824
868
830
806
808
882
838
784
822
832
866
864
810
872
870
860
832
818
846
836
836
784
812
832
854
834
832
842
826
850
778
786
798
866
846
718
672
656
696
718
706
734
726
818
856
882
856
792
800
816
800
806
802
844
848
772
824
816
824
856
840
856
832
810
750
754
818
802
742
740
734
814
824
804
778
756
590
718
716
670
720
746
782
778
758
730
724
728
756
760
780
716
722
764
784
762
756
714
710
742
766
810
822
820
876
874
880
838
810
862
804
766
760
844
866
822
784
826
768
706
680
760
828
870
854
890
816
798
854
828
830
854
802
796
812
756
762
726
812
848
894
908
890
824
838
860
794
804
816
842
874
870
806
866
858
850
834
794
796
858
848
810
852
824
822
764
770
798
914
852
832
822
900
894
774
932
854
860
768
782
802
792
792
754
784
550
586
516
800
804
800
740
714
708
760
708
698
722
718
762
730
770
830
694
776
772
790
762
748
722
760
768
730
752
650
702
740
808
848
580
676
802
844
830
778
844
866
830
888
818
718
670
582
700
828
890
882
932
900
892
854
884
862
872
856
836
842
832
836
854
846
826
812
808
764
840
830
744
724
710
724
724
800
792
776
806
784
766
780
770
748
774
726
718
704
734
654
642
678
686
682
690
784
572
542
780
838
814
806
770
796
778
768
724
620
756
674
730
800
898
866
860
744
768
732
742
766
780
774
798
788
804
814
786
832
786
748
702
748
766
816
820
846
790
832
834
818
732
764
750
778
764
762
740
778
790
788
848
790
762
810
772
784
668
720
702
782
812
738
748
750
736
708
680
728
784
802
798
736
752
810
806
786
746
742
770
798
804
836
806
802
826
780
736
684
686
738
786
858
832
866
886
856
730
722
656
648
672
680
752
726
734
838
840
872
858
824
828
764
726
742
802
798
884
856
776
806
792
808
778
780
784
790
776
718
706
696
638
682
664
750
864
906
844
866
904
850
832
864
872
546
806
502
630
812
504
822
546
642
714
832
640
642
790
760
548
826
834
818
756
786
760
740
712
694
748
824
878
846
856
880
860
860
554
716
762
752
706
698
710
760
808
852
836
828
844
848
912
852
852
852
840
752
742
740
824
826
728
760
766
798
768
758
762
854
768
740
754
736
744
772
808
778
812
770
804
770
766
792
754
812
756
736
726
720
762
736
740
826
814
728
778
752
848
744
652
632
662
666
728
832
780
782
788
836
852
842
830
786
730
782
758
734
780
796
836
784
688
680
732
818
804
834
824
852
844
782
530
610
782
792
848
812
754
758
750
814
792
820
826
884
848
804
822
792
854
780
730
766
710
690
652
660
686
652
750
542
782
750
832
846
820
706
692
680
708
744
828
862
842
868
908
872
818
786
798
794
762
796
868
880
852
856
930
874
836
868
848
782
790
804
848
872
886
880
886
916
864
870
884
786
800
844
878
822
812
858
884
864
834
822
842
890
800
788
808
882
832
838
874
856
776
762
780
764
798
706
744
718
732
746
712
784
814
804
736
780
802
814
806
722
806
808
810
808
724
754
780
868
788
780
724
720
734
690
816
884
814
750
750
742
702
722
748
816
872
882
916
884
830
874
864
862
780
764
562
596
782
820
806
818
832
838
836
858
764
666
966
842
812
768
794
826
828
806
826
810
842
542
760
778
786
814
784
784
744
832
818
788
792
786
802
832
758
768
818
832
808
782
800
816
782
740
762
834
810
756
748
796
822
806
730
732
778
780
872
772
828
838
826
794
700
778
798
812
754
718
706
826
820
754
698
792
788
816
770
752
796
824
860
830
842
850
834
772
824
828
842
794
752
812
724
730
794
838
852
834
802
818
804
734
662
744
778
864
860
826
856
854
872
830
718
732
768
786
822
800
782
812
850
850
786
814
806
790
804
734
734
742
726
748
726
744
812
804
716
730
682
754
780
812
794
802
762
816
798
768
778
754
736
758
678
674
674
784
766
762
652
692
750
692
504
738
720
778
802
818
784
768
820
818
832
844
808
538
808
766
790
634
594
758
854
888
830
838
520
806
892
846
902
822
564
604
692
782
844
608
712
830
758
728
658
648
662
712
858
876
894
892
928
700
1064
850
860
826
774
812
836
818
838
830
816
834
838
846
854
832
818
800
742
700
758
734
716
732
768
712
734
724
668
722
698
710
766
722
680
740
740
770
792
840
804
826
746
722
772
776
752
712
770
766
788
738
706
706
730
744
716
662
716
664
636
644
636
698
662
656
732
790
764
810
786
778
770
726
702
690
718
714
772
712
746
758
790
836
768
712
732
708
704
710
714
702
692
648
690
648
668
640
640
656
658
708
738
772
796
794
720
722
708
704
724
772
798
800
816
852
832
802
784
728
802
790
826
824
902
850
850
774
832
802
514
746
746
850
866
870
862
852
878
854
856
542
634
842
718
822
810
764
728
824
844
852
774
722
808
818
866
844
872
858
896
548
800
746
812
780
748
818
868
890
782
900
862
796
786
778
816
834
784
778
870
870
798
824
842
866
894
792
766
734
730
794
844
742
786
766
854
808
758
798
818
804
802
784
838
816
778
748
810
762
854
778
786
790
822
876
762
832
802
818
762
730
752
672
706
644
680
740
764
842
768
724
754
814
800
750
692
748
764
798
764
758
804
900
828
844
810
790
740
678
658
740
802
848
772
776
812
820
768
656
748
756
738
692
674
768
796
842
850
820
684
742
582
796
804
754
802
812
788
790
760
744
842
818
806
810
814
882
810
724
894
814
818
782
818
818
832
736
714
750
688
782
768
746
696
716
716
770
814
792
776
854
656
536
716
814
648
552
766
736
746
756
790
754
780
770
776
698
756
796
804
852
630
926
778
800
712
720
652
738
758
716
684
634
716
654
702
766
784
816
848
850
756
760
750
744
718
788
880
884
866
866
790
768
834
844
820
870
788
762
788
834
798
806
766
808
796
808
826
818
876
734
860
852
846
822
736
716
658
702
740
810
738
804
730
766
790
778
704
674
692
692
726
816
844
882
854
824
736
792
754
766
786
818
778
808
790
852
822
878
808
694
858
710
758
858
880
828
790
848
850
864
836
768
740
760
752
752
696
776
816
858
832
882
810
770
786
776
780
708
756
782
748
826
790
722
670
710
724
702
726
716
832
746
706
698
716
738
746
768
788
780
772
740
786
780
822
772
816
828
762
756
772
792
802
774
828
764
736
760
846
832
878
# end time: 2014-03-13-21:28:26, 1394760506.89
