# R wave intervals in milliseconds per line
# start time: 2014-02-26-23:09:51, 1393474192.0
# Drank coca cola
636
660
684
700
698
686
650
606
650
626
604
630
590
640
622
638
666
694
662
752
726
734
674
656
690
690
660
662
618
574
602
544
582
544
574
642
686
742
762
752
744
754
754
714
722
688
632
622
618
584
620
592
660
678
686
682
644
668
704
712
718
698
684
646
670
634
618
612
620
632
618
610
676
696
686
634
652
652
718
690
650
674
694
702
660
640
664
668
664
644
612
684
662
648
664
648
622
732
680
672
696
650
666
690
680
736
680
610
672
642
678
704
792
774
744
754
740
724
728
718
684
690
680
756
738
728
722
730
738
748
714
706
680
666
716
680
636
646
648
620
636
644
702
670
644
652
614
604
590
614
600
642
670
670
690
706
686
696
680
636
660
600
616
590
582
594
580
630
638
654
676
688
658
684
636
668
630
624
642
644
632
628
638
638
634
684
644
680
668
674
678
660
726
716
696
658
684
638
630
618
584
604
530
518
568
580
634
716
786
794
820
746
716
672
624
688
654
644
638
634
624
634
664
652
692
628
632
646
658
676
666
672
712
736
734
688
678
646
670
682
696
664
624
610
668
678
688
750
696
658
652
694
646
610
652
656
692
720
738
776
702
672
648
620
636
656
652
720
716
714
686
696
678
690
702
712
706
660
724
718
734
688
702
672
696
712
708
680
700
728
720
682
660
656
712
700
672
646
666
666
738
734
676
648
658
634
698
712
756
778
780
690
740
724
688
640
688
710
720
700
650
634
622
652
630
678
682
714
702
658
658
664
602
534
682
520
578
548
530
644
664
654
732
746
776
778
768
764
770
740
698
684
624
624
602
588
626
606
610
644
672
730
728
724
684
676
650
650
636
636
632
626
610
600
606
610
614
626
628
632
640
656
666
662
680
668
642
628
636
576
610
580
588
572
576
574
634
652
738
712
758
692
688
696
686
682
654
692
622
670
618
596
640
652
660
718
772
758
724
660
666
694
696
780
748
686
694
642
694
670
658
624
620
596
662
638
622
596
602
616
588
564
612
622
664
738
780
784
808
758
634
636
604
604
588
592
540
544
560
568
606
662
712
734
792
754
716
614
622
578
572
582
618
684
738
746
778
754
720
752
660
720
710
714
692
636
614
676
704
732
742
654
658
604
590
670
686
728
722
728
690
652
634
600
630
616
638
648
686
618
592
622
620
646
686
728
746
768
776
772
772
748
720
696
670
646
626
590
634
618
630
706
670
636
604
660
684
734
784
792
754
776
744
734
710
666
704
638
614
602
616
634
648
640
630
680
696
714
730
664
636
656
682
716
748
744
694
632
600
628
616
614
626
636
710
676
634
666
636
686
662
638
656
618
632
600
650
618
594
570
568
560
588
586
582
582
598
634
622
590
634
614
630
660
682
666
660
642
636
622
622
572
600
564
558
572
612
560
648
648
656
600
702
644
620
634
642
598
624
598
600
586
536
578
586
576
566
566
568
624
608
570
586
582
582
646
616
592
628
592
590
574
610
606
624
628
618
652
636
638
650
660
670
678
678
658
640
608
642
626
634
642
640
670
650
638
682
656
632
626
678
658
650
626
622
678
684
696
654
670
640
640
658
656
634
632
646
650
656
610
622
602
588
628
614
614
574
614
596
600
582
554
580
576
578
576
560
606
604
636
650
620
658
626
614
620
630
610
636
588
630
606
604
592
588
578
580
602
606
596
590
602
620
620
604
602
618
636
644
648
670
626
634
646
642
636
614
628
654
674
672
678
660
692
716
718
720
684
698
748
742
708
706
708
742
708
662
654
684
734
766
780
772
764
774
734
726
704
726
722
702
696
720
758
778
728
734
718
710
688
678
702
702
728
704
690
718
708
764
714
722
732
690
656
662
678
680
686
650
626
646
648
668
652
646
642
596
574
626
582
584
624
668
778
794
750
702
730
742
718
726
672
690
704
718
696
658
658
672
698
712
710
674
678
672
702
710
692
692
672
634
598
584
632
618
634
640
632
646
686
716
694
702
664
656
710
692
646
708
710
692
634
610
614
618
692
722
710
696
650
656
672
658
668
640
672
690
672
682
674
660
704
676
662
708
734
748
694
724
712
726
714
678
674
700
712
702
688
720
732
728
690
688
680
626
606
616
628
644
632
642
658
728
706
682
682
686
666
670
640
662
678
672
660
678
690
704
672
674
696
700
678
684
708
722
692
676
676
682
672
660
680
696
706
686
676
680
734
698
676
664
660
658
658
636
614
600
608
618
642
622
618
616
670
658
656
640
658
654
692
644
658
660
652
622
648
650
736
730
766
778
786
768
730
706
718
724
692
698
720
720
762
694
704
704
700
664
658
680
674
698
670
642
660
658
682
662
644
644
666
672
650
636
662
650
630
614
634
640
632
628
610
606
658
666
688
664
612
646
624
598
628
606
618
624
634
624
632
612
600
596
604
592
574
618
604
622
650
658
634
616
634
636
644
698
674
674
620
606
606
580
582
538
600
576
542
560
566
786
552
548
552
554
526
542
524
510
506
544
504
568
526
556
632
648
678
690
704
704
682
696
698
668
656
656
630
662
630
610
642
590
576
584
576
578
588
604
642
656
666
736
730
718
672
654
688
664
668
658
654
626
660
684
676
672
648
616
680
698
694
702
696
682
672
734
678
730
702
716
718
700
712
686
686
658
612
668
632
622
678
714
728
698
690
734
702
676
640
682
680
680
668
684
682
706
728
718
684
640
696
640
686
644
632
648
668
676
706
668
646
608
644
612
650
638
648
716
696
704
664
658
618
634
628
636
630
614
600
594
598
598
606
612
612
666
642
646
634
680
650
642
590
618
594
610
602
608
634
618
622
646
666
690
710
726
680
642
668
636
636
618
598
632
640
656
654
630
618
654
632
650
652
642
634
668
652
648
632
618
632
616
674
634
616
580
626
634
636
648
648
618
612
628
612
650
632
602
630
646
644
642
646
608
658
594
576
636
616
630
606
600
620
624
616
614
632
640
646
624
584
626
610
598
604
584
588
582
620
648
648
680
638
678
698
722
730
694
658
660
660
644
668
632
642
658
662
638
630
650
666
638
678
636
654
646
698
668
656
674
698
708
688
656
670
652
622
582
626
612
678
654
654
662
718
684
650
652
682
688
760
732
696
746
762
760
708
678
680
680
732
680
704
714
722
728
694
662
720
686
668
628
622
636
670
688
690
654
660
700
668
616
598
586
608
596
646
630
634
600
600
624
642
670
670
708
668
694
702
716
686
618
648
634
636
646
716
750
734
704
758
750
750
742
676
732
716
704
700
664
636
648
728
752
756
744
764
818
792
702
720
706
732
722
646
678
686
686
666
644
644
672
646
654
712
640
688
688
684
656
690
606
652
656
686
730
728
690
714
706
702
672
652
716
712
724
734
696
702
702
664
694
626
626
642
652
662
624
676
688
698
692
668
688
682
664
662
598
652
654
664
690
702
682
698
718
718
716
670
670
660
666
666
620
654
698
710
702
682
674
696
688
660
670
654
676
672
646
680
646
662
666
726
656
684
652
668
674
654
636
656
666
650
660
702
732
754
764
704
696
670
714
654
682
662
658
668
630
686
662
666
672
666
634
688
700
688
676
650
674
692
718
658
660
662
734
694
740
698
634
650
638
640
620
602
632
666
704
730
718
702
680
664
692
684
602
668
668
632
582
628
634
626
588
628
644
618
618
650
634
604
604
608
590
580
582
590
592
592
594
564
622
548
574
620
652
660
724
690
710
662
638
618
678
662
638
628
638
658
624
656
582
612
586
584
584
598
634
654
618
594
612
606
662
642
640
660
604
606
606
602
556
564
590
648
760
810
810
786
740
690
718
660
624
656
602
618
602
582
582
652
662
652
684
736
794
768
786
736
728
714
688
680
642
650
642
686
660
660
672
648
660
658
656
626
648
620
640
644
654
640
650
612
622
628
642
648
666
646
630
640
642
638
628
624
570
580
612
614
660
670
650
656
686
712
722
730
756
740
686
706
670
680
688
666
660
630
632
614
622
622
628
634
606
578
600
594
614
634
632
602
594
646
608
678
660
634
596
636
646
652
670
680
654
608
608
648
648
640
614
614
614
622
626
638
610
586
580
612
578
648
644
612
548
612
610
626
640
648
624
660
616
584
540
590
608
552
614
640
758
776
824
838
888
840
812
790
760
706
724
652
678
626
600
868
604
586
646
644
654
658
722
728
742
758
726
716
748
618
616
616
622
610
678
710
726
760
720
758
710
700
670
684
656
610
636
630
616
616
614
682
660
660
680
656
662
668
678
658
630
624
676
664
638
668
640
672
688
712
658
638
646
660
692
718
734
726
686
696
678
620
642
636
658
632
704
658
644
656
678
696
678
690
652
642
634
606
598
618
634
680
720
716
710
692
744
718
698
706
694
714
652
666
646
642
654
652
638
626
684
674
682
642
620
662
654
654
624
608
622
642
650
652
680
606
614
668
632
626
672
670
628
636
638
636
586
644
624
606
658
624
626
642
668
650
630
636
652
664
624
668
640
648
640
650
604
600
658
626
582
606
606
622
638
636
600
632
620
612
606
588
556
562
548
580
566
604
680
738
734
734
746
734
722
666
662
620
614
580
620
578
552
588
608
634
664
680
678
592
606
588
576
624
606
674
684
672
676
684
708
700
646
688
660
646
688
646
670
618
668
674
686
696
698
650
634
626
680
654
608
654
648
680
706
726
712
708
748
720
690
654
632
648
624
654
620
636
596
642
626
614
672
658
634
640
656
662
672
650
626
624
608
660
640
710
694
650
616
618
630
620
604
594
602
622
618
674
664
644
656
670
634
658
640
650
654
666
662
616
616
602
620
644
668
714
710
664
674
672
672
662
634
584
620
608
622
656
700
674
638
656
644
650
608
588
586
578
554
560
546
576
540
544
518
554
708
828
840
840
830
798
752
712
670
630
582
566
562
576
600
594
640
660
736
786
856
824
822
796
724
688
660
632
672
680
680
754
738
716
674
680
628
630
642
614
654
598
572
608
584
640
640
662
670
682
652
612
636
592
642
614
626
598
592
584
632
624
646
644
630
626
638
640
656
600
600
594
588
584
598
610
612
584
590
606
632
638
680
660
658
684
676
738
718
700
678
704
646
634
634
634
648
624
614
636
648
744
720
654
682
676
686
706
728
682
650
648
652
630
604
580
542
594
532
546
584
646
704
726
732
740
724
738
712
674
744
730
728
720
700
652
646
648
638
638
622
598
610
566
568
572
590
636
694
730
728
750
698
688
682
690
686
648
628
628
600
596
608
624
638
678
658
648
664
692
700
666
656
628
622
616
642
624
640
654
678
694
700
702
634
644
654
650
660
632
610
612
630
612
612
636
642
590
644
648
660
670
648
660
630
636
640
650
614
644
630
638
686
682
636
652
658
640
688
612
598
598
598
638
702
700
710
742
744
758
756
754
752
698
614
666
656
642
640
638
628
562
612
620
634
644
658
646
646
670
692
696
738
682
680
650
660
668
672
676
658
648
662
696
706
732
688
664
710
696
698
678
620
662
658
670
680
632
658
652
702
726
750
718
674
670
676
662
658
654
606
634
640
648
640
660
608
628
644
642
634
652
606
608
660
640
666
644
616
664
638
614
636
602
616
604
598
586
608
600
574
596
598
608
620
598
598
624
636
644
658
702
736
742
718
660
656
616
628
622
594
610
558
616
594
606
620
702
664
648
676
688
700
636
624
654
664
642
628
620
634
690
688
764
750
744
702
716
640
668
622
600
574
586
602
628
662
692
682
650
652
704
686
668
698
664
628
624
622
686
672
670
666
630
634
642
642
620
578
608
606
620
650
668
648
660
672
666
648
614
618
676
658
660
602
640
618
622
624
606
590
616
600
696
660
622
632
640
646
710
646
620
650
644
624
640
622
638
646
636
646
610
622
602
588
604
604
676
658
630
670
654
676
658
638
634
684
684
676
632
646
668
686
710
710
698
754
718
712
662
646
642
646
636
670
624
654
656
660
702
654
686
692
696
640
680
658
636
604
614
636
652
668
734
644
666
656
654
642
644
658
652
696
632
678
664
646
692
658
632
650
660
666
662
656
674
690
680
676
674
654
668
680
692
656
656
634
644
614
652
602
620
604
604
594
646
642
658
692
634
642
650
652
636
584
650
648
666
698
698
700
654
706
666
696
622
648
632
644
676
720
780
692
738
748
764
754
698
688
688
658
662
612
616
618
626
598
636
642
664
684
680
654
632
626
614
624
632
634
642
650
628
676
628
636
654
658
660
686
616
600
668
680
710
688
706
698
720
734
736
684
688
696
678
716
642
712
622
628
606
600
656
690
724
736
702
714
682
686
684
686
684
634
626
652
658
676
662
670
646
674
700
728
724
680
682
736
744
750
702
684
668
718
722
680
680
638
684
650
692
592
650
650
640
690
620
644
644
644
650
600
638
630
640
642
668
634
632
664
644
600
620
604
620
628
650
606
636
640
652
670
634
648
650
656
676
652
632
640
650
672
656
634
644
636
630
618
612
658
586
644
624
652
640
580
612
628
646
640
720
670
636
680
666
664
698
620
650
600
652
624
672
652
682
716
742
732
744
708
730
724
658
668
636
652
658
652
640
634
676
652
640
606
648
640
654
650
616
646
# end time: 2014-02-26-23:41:54, 1393476114.61
