# R wave intervals in milliseconds per line
# start time: 2014-03-14-15:56:56, 1394827016.21
692
728
780
820
734
760
818
788
746
822
752
734
626
708
648
694
716
774
896
910
918
894
856
908
876
806
598
1008
802
798
772
714
726
752
822
690
892
698
734
738
802
830
896
874
784
800
800
826
806
768
804
804
886
864
798
760
812
852
846
874
792
798
846
808
744
730
814
846
850
848
824
902
860
812
840
850
852
820
716
744
778
780
718
762
822
808
788
850
864
812
802
830
804
724
734
724
694
720
754
786
702
628
718
730
730
746
696
740
754
822
792
768
704
684
726
750
752
754
790
814
774
766
776
842
794
778
816
832
798
792
786
826
788
778
798
846
832
832
756
808
768
764
680
688
732
792
844
872
862
798
816
886
866
800
762
810
816
828
782
758
774
852
832
802
734
780
854
860
820
854
844
820
746
782
808
820
782
738
786
816
784
744
822
848
852
812
764
798
766
708
688
794
786
748
752
816
830
814
764
770
822
798
760
704
732
778
810
844
828
856
874
824
790
832
826
826
724
758
772
820
816
758
676
698
676
788
836
852
814
764
770
712
736
716
740
694
770
788
788
722
692
704
750
858
864
854
836
868
868
820
828
842
822
838
798
830
816
772
806
826
830
828
764
802
808
818
774
788
810
814
838
788
746
798
814
814
726
810
818
814
758
774
806
816
782
716
724
764
798
798
750
832
836
828
794
562
878
798
838
860
862
822
782
564
868
740
808
866
886
910
844
852
852
854
850
834
800
838
830
826
800
826
828
814
790
776
796
794
750
738
822
792
732
710
766
802
780
768
732
756
760
764
702
724
728
806
754
700
738
778
804
774
748
622
688
690
724
740
812
828
816
752
730
798
810
806
770
792
786
750
688
678
714
752
786
770
786
832
830
828
770
754
774
762
730
706
782
776
768
724
814
830
846
800
766
754
824
750
728
772
788
798
748
732
782
784
764
762
822
848
808
758
740
770
824
750
720
762
740
796
720
686
710
670
650
748
748
734
818
788
802
726
766
830
770
764
814
754
778
810
764
800
786
786
760
766
750
784
766
712
642
650
726
732
706
662
672
794
822
840
780
792
814
752
776
788
796
782
802
640
696
754
782
758
780
826
838
808
746
766
780
810
814
800
772
684
722
738
784
880
866
870
820
744
784
736
686
712
752
796
876
846
878
854
868
822
728
752
748
818
786
800
778
700
754
758
746
798
700
726
772
814
820
796
772
798
794
772
734
718
738
750
828
822
806
826
840
840
834
768
766
768
718
724
744
844
832
788
808
826
824
792
788
754
778
848
804
766
818
832
814
796
744
762
836
802
736
776
798
816
772
768
810
822
820
778
804
794
844
754
768
798
766
712
726
764
854
844
790
806
870
848
804
816
818
886
826
798
826
806
766
736
786
810
822
754
776
816
826
778
756
782
768
702
650
678
726
818
820
822
890
880
888
838
796
746
664
702
726
860
854
798
850
866
916
858
794
866
842
888
804
788
828
836
784
814
840
846
812
824
866
868
858
808
802
778
854
834
804
832
832
896
862
814
882
864
796
776
750
798
790
846
736
748
838
842
824
736
824
836
778
690
670
706
810
814
788
716
678
706
762
804
732
734
734
706
644
700
686
742
754
798
736
688
734
764
788
778
736
774
710
702
716
750
760
728
822
844
860
850
872
728
754
786
798
800
752
742
770
838
836
782
756
784
844
808
730
738
794
818
828
766
794
848
848
772
780
804
796
766
702
760
788
800
736
690
742
752
714
758
748
718
784
800
772
708
788
778
776
748
744
788
804
812
768
786
812
812
772
758
792
816
802
734
742
748
800
762
718
784
806
784
774
786
830
824
766
738
750
816
766
706
710
782
816
792
696
772
788
796
724
684
728
754
776
738
662
680
750
742
758
716
802
796
794
750
752
772
770
732
760
758
778
802
758
760
780
772
818
778
796
808
786
798
684
666
644
608
766
750
782
840
830
816
864
800
804
810
802
752
730
734
722
728
750
784
802
816
820
834
806
760
772
750
806
750
716
744
768
722
750
804
738
732
732
728
706
738
672
644
714
700
754
696
642
632
680
668
726
766
762
664
772
698
746
718
734
720
660
758
748
740
796
732
688
732
716
710
784
722
724
770
820
836
782
778
792
868
838
778
718
772
728
774
764
736
754
756
766
708
668
712
726
760
784
728
764
690
732
752
782
784
782
750
736
756
746
798
700
750
730
740
770
850
840
842
764
744
806
798
778
806
802
814
798
746
792
760
834
794
734
756
788
760
760
710
748
788
764
776
676
662
720
744
722
816
814
826
764
750
794
766
712
712
724
756
766
772
718
586
726
684
710
716
696
764
828
854
822
822
818
772
772
740
780
746
702
672
680
660
620
612
680
638
662
626
708
702
708
738
740
710
768
700
710
648
690
670
688
738
812
792
828
822
844
820
770
768
776
774
772
828
758
758
784
772
806
716
668
724
686
718
754
796
876
832
820
750
728
754
758
754
678
678
690
704
720
738
780
818
882
856
900
818
838
810
678
912
720
710
722
754
816
760
750
778
744
766
808
796
732
802
808
792
784
778
764
788
716
750
822
784
774
800
736
718
766
750
700
724
794
756
732
654
680
714
740
734
742
802
836
836
842
798
782
802
792
766
698
718
778
808
764
824
796
802
736
672
718
754
858
836
856
898
896
810
780
772
714
710
690
648
742
766
714
740
778
864
834
782
790
800
816
754
692
708
728
760
786
820
800
826
820
724
794
788
754
764
808
786
864
770
752
802
802
788
738
754
752
836
750
734
712
726
710
774
810
788
814
824
758
734
696
714
686
670
666
750
756
794
816
780
796
798
794
716
822
798
844
820
810
724
666
708
704
702
742
820
856
794
824
850
868
780
826
808
872
818
764
692
802
848
848
846
774
780
800
868
824
768
808
852
810
794
828
864
762
702
690
692
728
712
798
868
852
770
834
832
776
768
806
820
754
754
770
764
740
678
668
692
752
798
782
784
838
848
830
734
760
732
764
724
688
656
662
744
770
792
748
752
734
810
802
734
688
702
726
646
632
634
698
732
760
692
786
818
832
798
740
804
800
742
788
816
816
878
832
778
824
816
760
680
714
734
804
900
832
834
802
790
858
568
820
796
832
842
744
744
760
770
746
738
700
706
792
820
770
792
836
850
758
792
778
842
728
784
792
772
780
806
844
850
816
762
686
710
744
768
778
788
804
808
842
796
784
780
816
822
798
742
790
818
840
796
760
812
814
780
778
776
800
822
760
712
766
770
820
742
770
806
798
762
684
700
718
670
778
708
712
732
770
720
734
700
694
746
766
728
738
838
814
862
836
784
802
820
812
740
754
802
830
844
832
804
800
876
836
768
766
842
828
782
812
822
842
834
784
822
832
846
786
810
838
824
734
668
712
794
868
888
860
860
848
868
714
692
638
606
772
856
856
878
904
920
906
908
864
836
840
892
826
838
814
772
836
744
714
726
700
832
784
804
792
744
668
676
698
710
740
734
716
700
748
742
738
804
748
768
740
712
764
772
736
676
702
728
772
772
758
774
810
800
770
800
816
792
748
762
798
788
768
780
786
812
804
722
690
702
784
770
718
712
740
720
778
726
710
760
766
752
720
742
838
820
742
754
776
688
712
682
656
672
782
828
772
754
824
800
714
698
680
706
814
820
846
722
794
778
798
778
762
740
734
714
722
740
684
722
744
790
878
866
864
886
858
750
680
758
762
770
786
714
776
802
788
774
732
778
802
808
770
760
812
760
752
774
742
700
730
670
672
714
666
658
708
800
782
774
814
752
724
744
746
744
744
742
678
660
670
700
704
734
792
752
746
720
716
802
764
722
682
660
670
706
650
684
670
674
660
638
722
726
696
716
698
750
754
738
710
680
692
698
762
720
700
716
734
772
744
766
750
716
780
820
794
768
804
786
768
776
818
800
812
868
874
868
808
780
850
846
812
814
846
828
764
820
840
890
868
826
756
810
828
780
700
778
818
846
800
774
854
856
810
764
776
780
744
676
690
724
758
778
796
686
712
728
728
812
778
730
784
764
806
732
756
788
768
708
764
692
684
728
826
740
768
790
806
754
700
708
780
730
794
812
722
818
836
852
838
894
790
742
800
794
874
850
790
796
828
828
836
776
734
742
836
816
770
720
700
682
784
810
832
836
784
814
826
830
764
806
822
826
814
800
858
860
826
818
778
842
750
792
842
864
852
832
844
854
778
788
796
798
740
742
766
800
806
776
682
696
694
762
798
900
854
794
662
1038
842
776
782
782
720
664
660
648
758
806
794
786
866
858
826
766
800
766
760
716
792
730
810
850
868
672
1024
872
836
814
780
796
724
780
796
776
718
716
764
766
748
714
708
720
686
674
744
754
814
752
850
784
778
826
810
768
746
710
648
702
678
654
578
630
592
656
534
618
642
656
656
646
648
626
628
628
646
656
646
660
632
684
678
754
822
834
768
758
756
680
676
662
646
684
696
740
758
784
758
754
750
732
686
694
644
684
686
728
766
796
802
818
792
754
762
702
626
672
614
628
726
752
806
818
822
812
830
834
832
824
770
746
726
722
736
746
766
780
758
718
776
750
710
748
686
674
754
740
762
786
720
644
682
676
686
714
746
754
782
782
748
754
736
738
748
786
770
682
766
752
746
694
650
680
638
738
714
722
756
832
826
786
754
798
804
770
740
770
802
778
854
778
754
780
834
740
660
756
714
758
824
770
728
722
774
750
814
746
680
694
706
702
726
722
752
722
678
668
674
716
694
644
688
632
650
708
732
758
700
706
758
722
766
710
746
700
676
696
708
748
840
762
804
818
840
760
748
670
658
666
678
586
632
698
652
670
714
762
768
712
712
692
668
664
684
700
684
712
680
700
708
740
690
704
694
674
678
676
644
632
618
654
652
674
772
774
738
678
680
664
678
676
696
792
818
834
844
818
856
834
774
768
796
780
848
852
852
868
834
894
818
836
828
774
718
714
800
768
768
832
870
858
832
808
848
806
774
824
854
856
814
826
856
780
820
828
776
670
652
690
668
660
702
754
784
884
902
890
870
932
872
800
848
852
786
802
842
864
856
854
876
846
808
864
840
782
772
808
790
766
816
820
802
810
896
868
844
842
832
720
690
642
682
670
736
764
764
824
852
828
734
748
744
762
714
706
740
736
714
752
780
774
734
732
660
672
654
692
662
674
654
712
684
682
666
670
652
630
570
572
602
576
628
624
626
566
722
612
650
602
668
684
666
638
674
702
678
640
690
660
686
702
742
756
794
810
778
804
838
784
840
840
858
800
780
818
834
870
862
834
852
860
856
808
798
878
880
838
818
866
852
828
844
874
862
818
830
850
842
830
906
880
816
910
890
844
836
870
834
770
844
838
830
742
792
826
808
836
746
728
756
784
812
818
770
788
842
824
784
818
844
820
836
836
842
834
796
850
850
824
776
782
830
810
786
732
700
732
778
814
830
848
800
798
810
798
808
784
790
816
514
588
764
744
764
792
752
790
782
780
820
866
872
872
866
588
712
746
754
766
802
848
868
848
866
870
840
816
870
854
800
798
816
810
754
770
818
832
848
804
814
830
836
818
760
740
706
746
758
738
756
778
800
716
714
768
706
722
758
748
718
758
704
706
768
760
756
782
854
822
816
794
858
766
728
730
714
766
742
758
718
666
646
660
720
720
756
800
822
782
740
728
750
780
856
866
844
854
870
846
814
836
852
856
818
834
848
862
854
814
568
692
774
780
824
862
836
778
810
826
850
842
796
832
800
810
830
756
774
762
834
768
664
740
772
788
762
790
802
814
764
784
798
808
794
806
830
778
732
710
674
662
608
650
618
686
794
844
792
798
812
880
890
852
834
836
806
704
720
728
702
782
820
852
828
828
900
874
788
792
790
856
784
792
816
822
764
786
836
844
810
830
854
854
784
792
856
860
816
798
804
830
822
772
832
872
886
840
826
804
804
844
828
816
874
854
800
794
786
818
790
832
848
816
812
830
794
710
722
674
730
712
694
734
696
654
686
646
638
622
666
660
654
696
662
716
740
788
786
742
790
780
718
714
696
670
668
710
718
706
752
812
802
732
756
816
762
746
780
822
822
790
804
788
736
702
724
758
736
740
784
750
708
808
828
836
796
768
708
706
718
752
714
682
742
744
756
740
770
704
662
680
706
748
752
706
698
706
748
740
712
746
788
774
770
742
798
734
768
780
798
844
756
772
770
800
696
782
804
794
828
850
848
752
766
722
698
734
778
716
718
782
824
824
784
836
798
790
822
784
776
860
852
770
784
742
708
734
762
756
852
870
806
810
794
810
784
730
782
796
768
810
832
868
856
872
824
758
800
762
764
764
836
760
814
802
740
766
768
724
686
708
718
790
746
724
698
776
756
762
794
776
854
842
770
792
798
798
782
712
736
732
712
756
808
820
838
834
834
860
760
776
804
808
756
764
818
882
870
886
908
914
828
868
846
810
526
714
724
786
858
916
938
906
896
886
810
798
798
836
848
828
840
900
784
788
818
818
716
730
710
678
696
826
838
834
810
786
788
874
802
814
830
776
740
766
776
816
740
688
644
666
700
714
806
836
822
906
882
840
802
804
826
858
876
882
802
832
836
910
810
746
822
816
778
878
880
844
822
870
864
812
850
892
898
844
808
818
878
864
810
884
882
900
836
830
848
828
764
812
850
770
778
808
902
908
862
842
830
790
744
784
810
874
824
746
848
838
860
836
736
712
770
780
786
838
894
868
808
820
820
796
816
842
822
818
772
692
682
816
826
786
776
822
852
756
792
798
768
810
806
746
736
802
806
812
818
746
790
846
798
756
724
756
770
750
774
874
728
732
1296
794
854
762
792
850
850
842
832
876
872
798
870
864
878
822
846
884
898
846
842
910
894
818
766
706
646
702
764
816
806
826
818
874
866
792
740
796
774
716
766
770
798
516
814
768
850
800
832
852
856
832
802
802
828
816
804
848
848
838
798
868
880
844
842
886
876
822
846
852
832
758
798
814
846
842
838
838
874
834
798
870
868
822
824
808
796
772
790
890
876
922
924
938
936
948
896
872
924
754
1032
798
746
740
826
788
732
850
884
908
954
948
924
858
840
794
752
784
854
874
824
850
886
862
802
796
824
810
774
832
850
820
800
760
734
696
734
750
742
714
800
798
730
734
792
844
828
828
878
784
844
856
846
802
806
744
786
796
832
834
790
768
838
772
730
798
792
746
800
784
838
786
818
822
830
750
768
788
824
824
834
868
888
830
784
794
820
792
766
764
824
800
862
870
906
824
836
866
868
804
782
764
818
798
856
862
866
818
852
886
840
868
888
838
844
828
900
852
836
884
842
868
882
870
818
842
852
846
814
764
760
746
802
816
774
760
814
752
702
694
696
686
696
698
770
736
742
806
832
768
724
738
760
742
788
754
810
880
850
772
820
782
822
772
808
856
846
868
840
884
874
792
728
766
802
806
750
780
804
798
766
756
874
896
888
916
920
888
856
860
850
894
856
858
868
882
872
860
878
878
854
844
902
868
864
844
854
868
848
812
762
766
816
800
810
854
812
756
840
832
800
848
870
868
822
804
834
886
814
848
856
798
774
792
858
860
814
800
818
830
740
754
810
746
748
774
800
788
732
816
830
798
732
710
674
698
664
648
762
850
880
624
708
726
828
852
520
700
710
808
834
816
848
634
694
816
830
868
856
866
840
794
806
824
546
778
836
870
830
826
896
880
838
800
744
720
770
792
840
918
900
912
890
870
886
796
796
898
884
830
846
842
788
776
802
878
820
852
878
920
736
814
754
772
778
798
866
800
828
864
826
810
858
846
872
892
892
890
836
854
870
882
882
834
908
848
882
880
822
856
926
858
844
906
876
862
860
900
832
794
814
820
784
824
892
864
806
804
844
802
746
758
778
862
866
824
536
650
872
770
782
780
858
850
846
872
896
844
878
882
856
866
794
846
860
836
786
882
882
864
860
836
852
750
696
706
760
768
780
804
788
824
912
916
864
894
884
864
788
748
768
804
780
780
886
862
904
798
796
794
822
814
806
802
748
748
822
800
800
780
818
822
810
708
714
668
638
690
678
672
684
778
760
762
812
822
764
762
786
828
802
820
846
812
744
714
730
770
768
736
758
832
780
754
804
808
772
776
818
782
830
884
866
866
928
824
724
754
732
758
678
698
678
696
760
796
852
884
864
874
816
808
736
700
700
718
744
676
656
660
622
626
658
708
798
782
776
752
736
692
688
634
628
656
676
770
850
856
822
830
820
830
830
818
822
856
638
960
774
812
810
802
788
766
778
778
766
768
780
782
792
528
796
782
790
794
786
808
842
848
866
872
850
878
852
816
780
724
734
810
816
840
826
842
768
786
776
784
782
750
742
766
778
762
766
732
776
798
880
832
810
800
806
854
828
788
744
686
680
726
674
590
888
862
892
842
820
806
782
728
672
716
752
794
820
816
820
# end time: 2014-03-14-16:45:24, 1394829924.13
