# R wave intervals in milliseconds per line
# start time: 2014-03-21-23:43:25, 1395459805.43
520
600
584
616
634
646
640
708
636
584
632
624
606
650
652
720
816
882
894
904
844
528
596
866
790
806
786
768
800
782
820
714
770
732
814
834
796
804
828
780
698
740
774
778
868
782
700
788
718
804
612
650
684
812
802
764
790
814
782
752
750
766
732
736
644
684
698
668
660
892
652
670
720
708
670
720
732
800
858
800
790
774
764
816
780
706
694
554
584
616
630
632
616
632
682
730
598
928
680
650
676
696
700
702
712
766
776
824
730
742
742
718
716
718
718
720
770
716
670
722
682
662
708
686
774
786
812
818
836
766
736
782
752
716
684
756
754
702
682
636
668
686
642
684
702
722
664
712
684
668
688
648
664
688
704
570
780
658
700
740
710
698
760
742
810
766
736
748
754
714
670
672
692
764
722
748
748
782
804
796
770
782
768
774
704
714
676
750
752
746
716
738
752
786
738
772
818
834
804
784
722
742
760
738
714
782
786
772
708
752
758
758
706
692
626
610
696
722
748
722
698
730
772
716
702
732
746
710
678
750
750
746
704
696
688
768
736
740
706
656
630
682
704
648
712
656
670
664
660
678
680
728
734
752
754
712
734
704
706
760
680
722
744
786
548
740
694
756
786
760
698
750
684
664
750
764
734
768
766
814
736
734
766
758
676
716
684
674
730
716
734
752
726
710
518
624
586
700
738
724
688
662
732
730
694
690
710
774
762
724
690
734
730
708
732
714
738
718
700
784
780
786
746
718
722
686
730
672
628
666
650
686
698
766
784
788
746
668
676
662
622
720
692
714
802
744
696
692
514
560
612
652
698
714
702
658
578
648
614
586
668
678
726
774
784
840
802
762
716
784
788
752
812
746
666
656
648
670
666
730
768
796
554
640
804
814
832
764
694
708
686
712
752
764
700
690
698
668
694
700
650
690
710
722
700
758
668
626
650
682
706
792
778
764
766
790
848
848
788
796
770
712
670
652
662
668
700
754
778
746
756
780
750
734
748
774
744
718
670
666
680
734
778
808
776
786
780
790
754
744
696
714
738
720
700
770
796
822
802
744
728
784
748
704
680
720
690
670
690
730
806
738
754
768
782
712
760
710
700
670
740
706
706
654
690
732
744
704
686
718
700
716
666
726
734
746
730
686
710
714
682
640
602
660
646
674
714
816
826
810
850
772
596
844
748
704
678
690
720
720
728
680
680
662
644
646
674
690
636
684
684
780
736
792
840
866
784
702
716
718
682
646
690
536
554
650
662
620
644
658
666
646
652
622
702
656
662
710
694
696
776
726
702
740
710
716
728
732
788
718
756
738
682
718
684
694
738
748
778
792
814
838
828
800
768
718
722
702
678
696
692
712
682
668
672
680
746
782
832
786
812
810
814
798
746
736
738
732
726
676
678
686
688
678
718
690
666
620
656
638
636
726
784
814
824
794
826
810
796
736
718
728
722
798
780
726
730
802
798
796
754
770
762
792
724
756
778
756
682
684
662
656
654
626
636
686
646
682
724
694
732
700
734
748
716
710
662
834
766
728
704
716
686
638
590
622
606
610
688
732
800
834
800
796
800
802
768
742
774
754
730
736
758
798
762
764
788
786
752
732
788
766
796
746
776
788
776
812
814
838
806
786
772
800
728
682
762
772
596
886
744
806
816
748
754
698
750
782
748
714
746
808
824
774
714
760
740
680
690
726
754
716
716
750
758
744
686
702
696
718
654
668
692
722
736
696
720
748
764
722
702
734
730
710
700
742
754
732
732
718
752
750
734
696
692
704
760
718
656
750
758
750
718
768
728
688
650
626
688
682
648
626
666
686
702
694
734
790
760
786
710
690
716
732
768
756
726
742
776
740
760
848
828
796
782
764
758
734
778
724
716
776
778
780
788
800
804
804
742
756
766
750
756
700
764
764
772
748
722
736
726
752
698
736
754
736
744
718
748
756
762
734
764
804
740
730
698
750
738
714
716
738
710
736
664
670
608
656
636
634
686
684
686
764
732
806
794
798
810
790
802
720
704
700
736
730
696
762
720
786
702
730
724
668
740
712
734
712
654
646
714
708
704
712
712
738
654
688
670
666
636
620
580
634
636
662
734
802
830
866
810
810
814
742
726
766
710
662
666
648
654
676
722
752
798
816
842
806
774
758
804
772
752
758
782
700
638
718
674
692
798
722
682
718
676
668
692
732
784
818
828
846
828
770
808
774
674
702
712
736
780
764
788
820
794
806
756
748
708
652
666
674
662
646
704
680
720
780
804
764
740
734
794
746
722
728
802
786
734
624
674
658
676
716
686
724
762
796
784
750
732
754
806
800
760
714
764
754
732
728
738
804
810
738
764
792
778
764
712
726
692
718
684
722
778
802
756
746
804
806
756
750
750
748
736
680
718
734
758
738
738
764
776
758
704
732
736
744
704
700
756
736
722
702
720
694
762
710
732
760
706
730
710
738
704
728
660
662
718
716
580
646
648
688
766
624
572
632
654
712
782
750
788
778
724
680
730
750
752
720
718
768
776
766
736
760
728
692
626
696
700
786
760
726
678
752
740
734
708
640
690
686
636
684
688
674
654
646
658
746
566
648
688
668
722
688
674
694
680
656
684
680
748
706
688
728
734
732
728
766
778
736
784
736
742
758
712
724
762
772
782
734
796
800
802
768
760
758
734
742
662
688
680
692
728
700
784
770
772
718
740
722
714
678
686
746
748
736
702
702
724
748
742
732
706
724
774
740
718
796
792
852
772
792
796
788
780
732
768
782
788
762
752
784
766
790
710
776
758
772
740
752
748
734
716
684
726
714
718
760
756
700
748
712
772
760
754
766
776
754
788
762
736
750
816
794
748
668
532
596
554
700
734
692
690
734
756
756
786
748
784
794
772
724
708
774
744
782
752
754
816
778
786
802
812
774
768
780
776
800
782
798
794
780
734
804
766
728
710
766
774
760
762
778
786
802
694
706
772
756
794
726
760
768
810
764
764
786
804
748
724
746
812
830
802
768
790
778
776
730
752
824
820
758
774
782
734
726
708
746
796
824
760
694
726
782
786
726
680
692
722
744
754
828
800
800
800
770
752
756
726
764
706
712
732
736
728
734
696
676
796
804
768
726
754
786
814
862
840
816
858
758
768
714
674
726
734
776
768
722
786
774
776
736
746
770
776
828
812
756
746
760
754
808
758
802
820
842
840
854
860
838
784
834
824
812
800
808
818
816
758
702
710
746
784
798
768
798
822
832
780
770
784
798
796
744
746
796
794
776
780
754
784
764
800
734
754
736
778
734
730
748
750
738
748
788
824
824
786
772
580
940
772
728
734
736
772
816
774
786
798
838
802
750
794
796
762
744
802
774
824
730
762
774
770
748
796
802
826
772
812
824
826
806
746
736
732
724
712
672
678
792
838
852
820
802
810
812
764
728
766
766
766
708
696
766
768
748
720
736
730
772
678
720
736
782
788
736
706
738
698
722
656
638
634
650
628
634
624
642
620
650
638
618
636
618
668
664
652
602
626
618
700
754
802
800
780
806
766
812
772
750
800
754
746
764
738
770
794
840
796
814
792
780
812
786
774
744
736
704
672
764
696
686
680
702
680
686
734
734
782
790
770
730
522
548
686
726
726
726
770
818
848
836
834
852
834
780
750
768
780
776
746
764
768
780
810
828
820
818
804
764
780
688
710
704
778
722
718
698
770
796
876
858
846
830
778
748
732
734
724
728
670
670
700
780
796
754
780
788
846
820
768
762
784
784
776
746
792
762
798
742
786
788
806
782
782
726
762
760
786
782
820
826
856
784
752
816
828
816
828
746
904
756
676
832
780
814
768
784
802
800
744
802
728
734
744
706
758
748
826
770
718
722
640
770
652
698
646
694
692
674
682
726
776
636
1000
802
802
778
766
698
672
698
710
736
720
756
762
792
800
800
782
720
770
732
760
670
690
712
768
818
730
724
740
762
932
662
702
678
640
648
704
582
646
678
676
654
690
680
684
684
674
666
698
732
772
748
782
782
828
808
802
760
784
802
786
812
780
802
788
808
780
812
604
1042
754
794
826
808
636
914
794
722
690
670
628
598
606
602
642
616
630
594
616
572
594
614
566
544
614
626
630
612
634
650
646
644
644
634
736
798
850
856
816
806
546
580
710
806
720
916
746
734
750
742
612
862
706
744
830
878
842
850
812
820
808
802
790
818
896
868
800
740
802
824
870
800
838
832
800
772
790
812
868
770
796
858
824
800
736
762
734
686
670
690
710
728
748
738
732
772
758
738
700
736
720
764
798
826
788
800
836
842
808
780
788
778
738
730
812
808
810
806
786
860
836
620
930
714
726
696
706
640
616
714
782
846
794
800
884
888
860
866
846
830
560
700
794
814
826
752
762
768
830
820
840
820
826
840
794
746
792
790
872
868
864
848
820
868
830
826
810
910
880
560
684
702
680
796
724
678
668
682
706
710
748
688
698
746
768
784
760
748
742
784
772
746
734
730
760
780
800
814
734
786
782
766
750
718
794
806
802
792
742
728
784
768
744
738
760
742
816
778
722
714
770
762
742
740
772
758
694
694
624
646
664
658
660
786
830
898
882
822
816
842
908
882
804
838
806
790
780
748
786
800
800
762
742
808
802
756
750
752
826
820
798
772
812
864
770
718
756
720
738
668
650
672
676
754
758
690
672
680
738
698
788
758
754
778
758
700
712
688
686
790
838
848
824
830
896
832
802
804
598
628
756
822
846
860
846
876
860
906
600
720
722
760
750
734
714
682
654
640
680
678
668
740
796
812
874
734
914
818
764
738
744
754
774
728
766
734
772
702
696
716
760
822
834
878
796
794
838
662
944
802
806
672
942
718
700
754
810
804
770
734
768
734
628
782
718
738
718
724
776
814
828
758
746
694
724
734
818
816
802
720
746
742
748
820
822
770
758
808
790
798
768
664
720
764
822
848
832
836
832
884
846
820
800
800
790
672
776
732
750
734
764
744
792
782
816
764
786
798
808
780
742
720
700
632
652
648
640
646
634
638
628
656
696
802
812
790
750
752
706
742
734
748
700
690
706
722
716
772
724
706
688
740
700
684
712
710
738
776
822
780
784
718
716
770
634
844
756
794
816
750
686
668
682
754
792
760
812
818
802
716
704
698
766
742
700
728
748
804
814
786
818
812
764
756
738
742
836
790
734
776
740
844
794
750
746
800
808
786
792
766
810
780
744
752
772
844
826
770
806
800
800
788
800
748
748
720
714
786
786
796
800
754
784
786
748
702
764
768
732
702
716
700
714
760
764
752
746
806
620
818
694
748
766
760
794
786
834
746
734
722
744
768
752
754
708
708
660
620
604
614
592
608
552
582
624
610
622
676
716
702
698
716
704
664
718
690
664
682
702
782
844
854
796
814
842
886
854
782
720
790
754
778
810
866
780
732
742
690
724
760
774
808
768
694
718
698
702
746
770
758
864
884
844
760
788
768
720
696
748
774
860
758
788
818
756
718
698
688
682
704
710
710
716
714
758
676
672
638
642
734
720
746
772
782
782
780
742
822
762
734
734
816
834
750
778
788
812
760
798
716
714
702
734
674
658
652
644
732
776
812
806
846
790
834
782
882
830
736
712
686
676
680
704
648
650
666
680
670
710
758
722
712
732
740
738
772
704
744
756
716
668
764
780
806
722
722
760
796
750
748
754
686
748
760
736
762
792
840
786
788
736
734
698
712
688
662
624
666
668
674
658
674
712
646
720
696
746
684
640
646
664
678
678
678
780
810
824
770
720
782
784
728
700
720
764
734
748
702
748
758
764
888
876
848
846
826
760
790
712
716
686
710
800
758
776
784
704
714
810
840
748
866
832
846
802
822
866
850
748
758
786
742
698
784
802
760
822
884
834
808
836
852
770
752
800
802
728
776
818
796
744
760
824
738
692
804
770
778
738
714
736
726
794
850
768
750
780
724
660
666
672
650
696
654
702
824
838
800
812
852
850
524
726
798
856
804
830
870
884
788
810
872
538
652
762
776
832
856
796
860
880
880
852
818
860
856
812
770
804
814
818
734
778
786
714
684
764
756
754
716
764
768
722
726
808
780
780
752
772
768
774
712
746
732
694
754
792
594
946
776
782
842
752
766
820
830
760
794
794
770
694
716
748
792
748
794
802
810
780
756
934
762
754
764
776
722
764
844
846
838
814
808
788
730
654
688
668
714
776
554
762
816
876
892
890
834
790
734
712
724
772
804
684
732
784
782
748
770
850
816
768
782
796
762
742
800
782
742
758
838
762
720
752
734
848
714
716
764
722
664
686
752
836
908
850
800
854
824
754
706
718
620
718
670
670
730
772
840
752
884
838
782
808
802
842
748
694
682
756
802
768
776
810
854
826
806
758
788
868
816
748
752
766
766
758
738
764
752
878
798
852
844
804
796
798
818
762
656
698
674
742
828
860
756
760
730
766
524
720
660
770
774
770
808
864
866
780
716
750
772
784
726
830
834
836
788
766
822
808
738
732
762
820
812
786
814
810
744
720
792
782
720
756
798
800
746
724
774
804
718
670
678
746
702
702
780
772
722
768
788
742
786
814
724
782
816
796
756
782
814
744
766
792
878
574
834
806
880
852
780
768
816
842
844
906
912
796
792
794
842
722
754
810
850
736
558
860
828
912
888
884
880
818
742
726
780
596
692
660
652
658
710
748
794
534
700
624
706
714
680
734
716
710
722
796
886
822
790
732
794
836
848
808
888
914
846
832
866
894
840
780
734
762
726
766
780
836
798
802
882
880
842
810
882
812
732
810
848
822
796
876
878
798
796
858
844
814
856
846
818
774
792
752
750
764
866
804
770
794
816
730
710
690
672
678
736
710
744
862
832
812
862
876
808
792
810
826
796
758
776
858
814
772
856
856
828
830
838
844
770
820
830
804
768
804
874
784
760
758
768
712
730
776
844
814
820
896
878
892
766
782
812
788
754
766
850
770
726
818
820
762
852
850
860
746
816
820
818
774
802
810
832
786
816
836
764
788
812
788
810
816
834
784
782
848
782
748
790
814
764
786
814
766
762
780
808
758
752
888
780
760
786
862
764
776
762
810
736
796
800
784
776
792
766
698
734
720
652
700
692
672
646
686
666
684
634
616
604
618
614
632
618
634
648
586
660
706
556
592
674
728
792
808
766
816
862
886
820
802
584
750
782
758
748
794
768
730
818
686
730
758
726
738
766
772
844
780
726
732
794
762
706
698
716
722
724
726
770
744
738
742
812
660
772
716
514
586
660
628
712
692
780
770
764
772
832
804
812
716
732
740
710
708
640
660
664
730
666
652
720
752
848
834
766
718
680
734
712
676
684
690
696
720
696
638
680
662
718
696
780
834
862
850
868
886
864
902
870
800
734
746
750
740
824
794
882
898
920
890
870
834
882
818
830
812
742
680
724
692
742
792
836
502
664
532
544
648
570
570
846
802
818
750
688
714
790
822
800
766
732
674
764
686
670
682
732
760
788
820
748
718
782
846
878
764
814
820
836
784
824
836
846
656
974
798
830
836
894
670
1000
834
774
720
770
806
860
842
834
842
794
802
800
770
812
854
884
834
864
854
852
788
802
802
826
850
798
870
836
910
856
598
652
738
802
764
750
806
582
664
756
792
768
750
780
820
780
554
682
654
736
752
716
800
768
728
724
786
746
732
788
770
712
732
672
666
726
700
692
666
684
628
614
642
630
598
658
596
650
652
682
668
580
644
626
632
616
598
596
604
608
652
690
646
724
736
782
756
716
720
764
786
770
820
848
826
872
832
824
770
788
756
750
750
790
842
860
800
862
866
838
816
846
578
772
698
706
710
756
786
750
810
814
828
780
780
756
820
740
726
768
748
668
664
680
740
732
754
782
878
816
804
796
600
652
728
806
844
838
822
604
942
806
816
850
794
806
842
782
828
790
820
744
834
858
868
844
896
824
550
816
772
766
734
782
818
820
856
878
834
858
810
780
718
778
810
588
576
504
836
844
856
788
582
696
670
720
778
770
802
758
808
514
616
616
814
892
928
818
788
784
784
768
766
732
732
800
772
782
788
796
784
718
718
698
686
722
746
716
734
540
612
834
748
546
810
524
602
716
790
768
780
758
734
662
730
670
664
514
808
570
756
502
738
716
732
726
702
648
630
670
674
702
734
784
802
802
502
636
532
624
508
792
756
738
694
672
736
708
724
752
774
856
802
786
716
776
730
716
714
778
844
862
828
886
760
732
806
840
854
812
830
772
860
840
852
814
816
776
950
890
876
884
850
918
840
860
856
828
838
868
848
802
816
742
726
794
814
896
864
876
828
768
766
770
724
742
798
932
868
836
900
866
816
522
796
826
796
830
812
808
756
740
810
812
852
846
844
888
832
668
1030
828
838
862
834
608
990
842
856
880
646
702
728
838
796
818
848
850
740
628
650
502
616
714
788
790
856
850
858
862
836
860
812
798
794
864
838
812
852
816
774
734
770
508
606
742
774
848
906
894
932
882
840
882
854
874
824
770
724
710
696
796
748
712
736
772
886
916
880
870
900
882
800
752
798
784
794
850
852
908
832
814
518
836
802
848
832
852
866
884
854
906
856
868
882
916
832
764
764
742
812
804
752
828
854
876
872
816
550
642
756
770
816
810
766
766
762
730
708
762
768
794
758
770
862
854
848
630
918
754
762
770
544
724
684
706
710
810
884
854
866
890
800
976
860
792
850
832
830
786
830
870
888
890
870
880
888
870
834
836
830
810
804
822
896
912
846
868
884
884
818
778
814
778
734
728
762
856
818
808
864
806
816
768
792
812
766
776
700
734
774
838
862
850
842
862
802
618
918
798
802
790
806
834
866
818
836
834
828
848
804
768
830
800
802
790
760
778
776
598
928
750
802
834
850
830
822
766
802
710
700
710
696
780
834
810
836
814
756
680
672
750
718
686
666
694
752
768
816
812
820
824
774
816
804
764
766
770
822
846
888
844
868
866
880
680
1018
844
800
830
826
892
824
844
790
760
660
670
652
644
666
668
682
736
832
800
838
794
754
722
734
710
670
658
576
786
800
834
806
796
816
816
818
794
754
782
776
822
780
838
816
806
796
844
812
832
836
794
820
808
822
790
962
668
660
536
504
624
506
768
512
804
784
766
742
778
752
766
800
736
706
736
720
672
680
664
684
566
678
754
604
776
508
816
814
784
808
824
800
788
# end time: 2014-03-22-00:34:12, 1395462852.86
