# R wave intervals in milliseconds per line
# start time: 2014-03-14-18:45:43, 1394837143.92
848
858
832
864
818
798
830
724
716
746
830
840
782
748
786
836
864
850
786
764
854
868
850
798
880
874
862
834
794
852
860
814
850
864
908
800
860
796
744
710
752
728
706
804
864
848
858
900
896
850
852
860
852
788
784
848
900
870
842
886
872
832
834
868
890
850
796
876
854
840
790
860
858
830
846
840
834
802
838
848
784
780
796
774
716
764
802
814
770
782
804
780
758
796
830
868
834
778
802
834
854
826
832
868
856
852
796
826
876
898
860
842
854
856
806
762
788
816
830
776
788
874
882
864
792
824
802
772
736
724
802
874
892
850
848
804
774
810
874
860
850
866
884
876
820
834
858
836
828
874
892
842
886
878
824
852
870
830
832
854
828
854
870
766
776
734
770
818
854
842
786
798
820
832
802
824
836
828
780
792
840
856
812
786
826
844
846
868
848
800
834
834
796
864
930
976
942
918
840
848
892
930
912
916
944
946
926
894
914
904
942
894
912
920
914
892
892
894
870
786
794
844
934
896
892
950
896
890
908
906
896
862
892
882
840
784
742
694
712
848
906
862
864
796
746
714
702
706
740
774
830
906
900
866
828
796
778
766
802
852
878
874
840
812
822
842
838
838
798
784
842
894
862
922
910
902
850
820
860
900
918
894
858
922
892
830
760
788
856
918
932
890
856
830
802
822
772
718
720
706
758
816
858
898
860
844
844
888
850
828
876
876
862
826
902
896
882
796
734
772
850
892
906
866
808
830
850
852
808
844
918
900
864
856
884
878
914
888
848
784
806
846
844
874
920
924
888
900
904
894
848
858
868
806
718
708
702
706
736
854
858
858
812
838
780
768
744
704
700
772
780
796
786
808
840
818
836
774
802
822
788
756
792
852
868
850
838
880
840
786
786
812
850
844
830
830
800
722
706
698
762
736
780
876
880
850
820
852
798
780
790
814
838
814
802
838
838
846
830
876
866
846
870
818
848
840
856
876
884
866
920
918
850
834
794
738
700
688
664
696
654
716
752
742
760
778
756
764
814
836
848
786
780
812
812
788
766
716
802
836
868
864
852
882
896
860
814
896
874
856
824
794
826
858
876
844
798
826
860
844
840
798
840
864
830
808
852
832
808
792
846
854
816
792
828
846
828
794
832
832
856
864
914
910
904
868
886
882
850
780
826
866
926
880
852
882
888
858
756
728
802
854
850
802
856
882
882
828
782
816
842
868
830
858
910
922
882
864
862
926
850
810
860
884
866
778
720
788
786
810
836
804
736
754
802
834
842
806
836
810
848
870
922
884
830
884
878
856
790
810
854
844
802
768
852
870
930
892
888
874
866
822
848
866
858
872
854
862
902
834
862
902
884
820
800
658
698
626
620
714
888
944
934
868
854
920
944
934
918
900
892
888
876
828
816
864
896
878
884
940
942
890
782
714
678
702
792
876
868
878
908
922
896
938
942
914
882
868
946
924
912
892
874
912
856
788
820
776
740
770
796
834
746
788
842
868
832
812
844
870
832
834
836
876
894
872
858
896
900
862
830
856
830
826
846
810
806
864
962
940
900
952
948
900
884
824
890
934
898
846
870
932
904
850
880
922
936
906
798
818
862
950
922
864
868
902
894
878
924
934
896
906
910
904
832
756
782
790
786
746
794
832
834
754
720
724
790
838
840
788
800
834
846
790
856
854
876
880
838
882
912
910
910
884
850
876
878
864
832
874
912
916
896
800
786
850
910
904
904
854
888
922
938
932
886
908
920
926
900
862
884
896
878
814
830
878
862
822
828
896
936
896
834
894
910
916
918
928
918
870
794
822
870
878
830
866
866
832
810
866
888
904
894
868
892
886
896
916
896
864
902
892
884
854
874
888
890
880
872
870
878
842
824
858
860
876
812
822
814
756
726
720
742
756
826
884
898
846
830
836
864
868
838
810
842
850
842
788
844
894
900
880
914
934
934
896
864
882
888
888
870
880
890
888
840
850
866
922
868
874
902
908
892
850
878
906
902
856
874
886
852
850
908
856
844
804
890
900
858
844
860
902
878
856
878
872
824
760
752
810
882
862
838
888
884
844
850
884
918
898
888
916
916
854
856
884
852
834
918
898
884
898
914
880
868
924
916
900
846
868
872
812
828
862
934
884
812
858
878
878
850
850
844
866
778
768
826
868
862
826
910
938
918
838
800
870
814
748
798
760
696
746
780
808
792
836
914
890
848
830
854
862
848
814
828
864
872
890
874
916
928
910
854
856
866
848
808
828
870
920
888
878
922
940
942
900
798
790
856
814
834
878
864
800
808
862
892
874
938
944
946
920
896
898
900
790
760
776
820
772
756
804
848
930
874
792
788
728
780
862
858
850
910
906
876
836
840
880
910
926
958
932
900
872
898
848
884
888
862
882
916
878
840
856
850
822
858
828
766
782
852
852
778
792
866
908
902
850
884
910
888
850
876
874
814
752
796
896
934
904
946
986
966
932
888
910
932
910
888
924
912
902
912
898
882
908
914
918
912
904
908
946
916
886
882
888
888
900
888
904
920
920
900
876
920
880
862
760
762
834
878
858
800
820
872
908
878
868
874
918
904
904
926
916
888
812
762
754
730
702
714
738
826
806
754
728
712
754
802
840
896
902
878
830
838
844
836
798
784
848
874
880
836
846
884
906
852
848
858
942
924
884
850
896
902
860
862
952
938
916
922
940
942
900
920
916
916
800
746
754
848
858
868
928
912
900
920
948
898
864
862
896
864
792
732
778
808
788
816
840
822
762
788
856
886
868
816
826
866
884
818
896
884
850
844
814
858
808
644
618
706
756
760
754
744
778
740
724
708
708
712
724
752
776
842
816
784
788
822
802
824
846
804
804
788
804
786
758
784
782
786
784
766
746
746
742
730
740
750
814
802
784
812
800
812
816
812
796
766
758
752
740
744
756
762
816
798
752
790
774
752
754
782
816
884
866
806
802
782
742
720
650
634
630
602
636
624
608
602
610
596
578
614
582
634
692
774
768
568
942
738
718
636
634
606
590
660
742
884
874
858
788
732
828
794
782
758
818
780
736
784
802
756
794
866
826
744
758
744
816
744
758
734
758
722
712
706
682
734
716
682
686
730
788
866
868
844
822
852
914
898
888
884
822
802
836
790
712
754
862
856
870
814
836
828
824
760
812
784
870
862
784
820
766
730
824
816
746
822
818
840
842
842
812
830
840
842
848
820
850
842
826
822
798
830
790
844
792
856
894
908
892
900
946
912
912
804
778
818
830
850
866
838
802
830
846
864
832
792
824
816
828
816
734
728
706
732
708
702
804
856
892
840
886
878
880
862
806
800
820
744
812
848
890
878
902
874
884
872
820
802
828
838
830
842
870
868
854
810
812
866
814
774
814
832
848
854
852
884
880
850
878
850
854
752
768
812
812
760
886
902
898
808
788
820
826
802
858
842
894
782
788
840
794
738
780
790
774
700
674
690
758
768
710
738
790
774
760
712
722
742
700
670
720
732
742
722
714
754
802
756
720
672
690
670
672
666
706
744
772
872
868
926
880
836
858
866
876
876
854
858
906
884
820
768
832
884
924
912
918
900
834
732
772
762
796
818
756
796
876
860
784
776
776
766
714
674
710
686
734
748
818
802
790
786
752
774
790
820
830
822
812
806
814
816
814
782
722
716
782
832
630
746
838
890
898
876
774
820
816
898
874
874
816
806
832
856
860
888
856
840
902
886
840
794
862
868
878
894
880
832
864
860
846
818
754
766
778
750
746
856
884
896
900
852
878
868
860
834
784
816
826
848
772
806
830
868
884
854
710
1024
888
860
820
740
766
750
792
772
724
730
724
690
670
664
782
756
844
854
806
836
820
806
824
842
846
802
732
792
784
766
684
618
680
600
648
714
752
866
840
826
920
900
902
864
896
880
870
854
862
864
846
894
856
828
856
800
720
760
708
756
752
740
768
838
856
868
832
850
814
802
802
804
812
808
770
788
760
804
762
722
752
794
802
714
690
726
766
774
808
690
680
736
716
724
694
712
772
778
764
712
780
776
762
722
710
740
768
784
722
696
718
690
748
734
806
796
808
790
790
756
780
700
672
742
716
702
698
716
724
626
676
660
720
758
782
798
792
718
648
670
652
662
724
762
782
846
878
864
856
800
780
800
856
826
802
774
768
828
770
732
714
792
846
872
856
812
746
738
800
834
826
804
726
684
730
680
728
762
794
806
864
824
810
780
718
722
682
740
714
682
706
752
848
846
796
734
748
694
880
760
714
768
802
802
850
806
784
832
756
756
820
804
772
770
762
826
780
716
818
820
778
804
838
840
776
804
836
838
808
728
790
756
672
722
758
798
802
738
790
786
784
762
742
754
844
816
746
708
710
710
744
770
832
774
816
826
822
822
778
768
804
822
824
796
824
854
864
830
794
828
828
884
794
804
808
858
808
754
798
848
858
820
748
758
764
760
724
734
838
826
760
688
732
674
618
670
640
656
668
658
670
702
700
682
638
700
660
728
738
742
748
736
766
798
820
814
834
848
838
764
754
802
816
772
708
740
784
806
784
752
822
904
836
836
832
786
734
778
812
822
768
746
784
784
714
714
738
762
730
710
802
746
706
684
722
772
828
822
784
772
828
780
752
800
816
836
800
784
820
830
780
790
834
854
830
770
808
830
850
780
756
774
766
686
718
762
820
852
782
836
768
808
822
778
660
788
796
720
676
714
712
626
668
662
676
646
644
662
668
704
704
674
684
734
756
798
788
800
844
856
850
882
870
886
886
846
834
834
820
798
760
798
826
822
786
824
742
726
756
810
806
816
818
840
842
838
792
854
848
850
852
844
858
868
850
820
846
848
832
804
836
852
814
828
824
826
806
784
790
754
720
742
792
800
762
728
754
826
806
834
798
834
856
854
844
822
816
812
802
782
780
782
856
842
818
826
832
820
798
788
818
792
798
842
872
864
898
896
886
880
802
802
796
800
768
750
768
830
804
734
702
774
752
700
736
766
784
756
716
760
732
702
728
786
848
844
800
860
848
842
776
814
832
850
834
824
824
800
730
764
776
814
786
792
824
834
802
780
838
822
804
754
756
790
740
794
832
838
784
704
688
658
650
688
726
742
694
680
684
694
714
714
774
828
852
776
740
766
786
802
776
714
764
796
820
824
762
766
794
790
798
702
710
738
762
770
730
698
680
740
754
748
708
742
808
818
752
758
766
786
798
760
774
798
816
802
766
802
834
832
780
814
848
832
824
786
830
844
840
800
864
854
798
810
834
830
810
824
848
862
804
834
846
802
802
834
886
830
762
748
770
810
812
762
806
834
836
834
796
802
842
844
846
812
766
790
786
760
804
830
866
902
846
856
864
850
768
800
860
866
918
832
770
734
820
918
912
894
828
854
834
846
800
822
846
848
812
816
874
834
802
840
826
896
820
772
716
662
718
932
914
940
936
908
908
874
860
922
886
876
888
890
874
832
808
850
882
900
850
890
884
884
844
856
870
848
766
780
822
844
868
876
820
744
726
722
800
858
844
810
878
930
946
922
876
950
932
858
826
856
842
808
876
904
922
894
888
904
908
918
868
908
936
926
892
906
914
914
924
976
974
980
940
950
948
948
926
920
934
942
934
940
946
940
918
924
940
936
932
914
930
930
926
878
864
922
878
864
912
934
918
848
870
884
860
774
748
772
740
742
806
824
766
752
850
918
918
900
938
934
926
878
856
844
878
898
892
892
916
920
898
870
912
926
916
882
910
920
894
884
932
964
950
906
978
958
940
872
810
822
862
886
832
910
932
930
924
932
964
976
946
956
962
902
762
768
822
894
906
948
882
908
922
868
860
830
858
862
850
868
942
886
832
868
918
934
922
922
926
962
870
890
876
902
930
914
916
912
892
840
848
896
922
874
890
922
884
862
930
940
924
876
880
846
824
886
844
864
916
932
916
904
884
952
912
844
876
908
916
842
846
914
882
838
828
896
888
870
866
924
930
902
870
872
900
828
756
804
914
948
918
928
976
998
960
920
922
914
954
900
894
862
792
750
718
724
790
892
908
880
872
928
880
828
854
866
890
840
844
844
826
762
726
724
692
668
664
652
650
670
692
742
806
846
872
846
820
866
846
812
804
758
740
778
778
742
748
770
782
738
762
828
892
926
876
894
906
880
832
752
780
800
892
882
884
896
950
932
890
898
910
892
844
850
910
904
882
874
710
672
630
738
734
754
778
716
766
738
678
642
646
676
648
654
652
674
680
760
730
710
650
690
680
674
684
718
756
796
900
858
888
856
864
862
860
850
816
826
794
740
682
720
694
690
656
688
690
744
830
850
854
876
890
576
652
820
788
846
824
884
876
862
580
782
762
808
800
790
842
824
858
854
850
850
822
772
792
754
774
756
802
732
720
784
820
852
904
838
896
616
746
766
758
778
776
778
772
728
748
826
868
832
770
722
866
876
870
804
798
850
798
824
736
748
778
784
778
812
818
876
772
784
804
778
752
702
714
766
806
838
796
790
832
786
800
812
822
852
866
852
852
808
824
754
736
758
766
746
730
820
874
946
936
906
896
886
876
774
732
762
794
824
870
752
862
806
606
726
626
624
658
580
630
606
614
654
634
630
610
674
646
688
656
668
660
658
656
662
636
692
570
608
594
656
634
636
632
628
666
670
664
666
668
620
610
590
592
584
612
604
614
682
738
738
728
748
818
842
900
880
870
862
878
862
870
886
846
896
884
852
858
878
874
744
684
712
804
746
726
690
718
788
862
886
884
904
844
870
766
796
804
826
896
900
918
924
952
876
942
906
832
764
790
726
744
868
912
888
834
928
886
934
920
928
954
928
882
904
898
862
824
868
776
780
772
706
746
784
800
858
854
872
892
844
840
800
776
720
828
856
800
890
878
842
886
882
796
788
794
862
762
800
904
910
856
862
850
928
882
852
848
912
848
854
882
864
702
760
772
822
874
878
888
840
884
774
848
832
842
792
842
870
852
874
878
910
834
754
764
838
778
728
730
682
714
698
686
796
832
842
846
824
800
710
666
656
698
776
834
920
918
968
936
932
974
928
940
956
948
902
850
806
758
790
838
856
866
908
924
860
856
822
868
902
906
796
772
838
824
768
880
912
904
918
922
926
930
920
800
862
832
856
860
848
858
886
830
872
886
830
880
880
766
758
682
786
812
820
850
734
770
818
848
880
846
866
864
850
820
866
886
870
872
910
920
836
896
882
862
788
866
870
788
926
890
900
888
836
862
854
802
782
842
626
1016
814
864
888
860
846
842
802
754
804
810
822
834
794
780
806
758
750
716
740
836
810
772
824
844
790
768
800
804
736
760
718
768
720
810
784
814
800
782
732
758
758
758
746
778
794
734
762
720
728
682
676
702
766
746
736
800
856
878
850
928
914
906
860
854
864
834
824
852
838
798
862
860
856
834
814
868
832
800
818
814
782
690
766
826
854
824
832
850
858
826
848
860
828
796
810
794
774
832
872
850
836
860
856
808
778
802
816
814
812
854
874
860
866
870
884
882
848
826
862
864
820
828
878
820
756
800
836
774
732
676
666
680
684
680
668
716
786
746
682
676
734
708
710
748
762
702
708
706
778
756
724
778
800
792
778
838
848
816
738
772
770
732
822
842
836
816
860
848
742
750
708
726
730
814
864
854
836
830
858
880
822
808
842
852
774
864
866
876
832
870
896
828
812
820
822
830
848
874
798
804
834
796
758
802
820
788
746
784
790
732
720
764
784
734
734
780
842
822
802
758
692
668
718
662
654
666
650
680
694
650
664
# end time: 2014-03-14-19:32:36, 1394839956.22
