# R wave intervals in milliseconds per line
# start time: 2014-03-06-19:00:27, 1394150427.73
762
738
518
740
794
808
796
678
780
734
806
836
850
830
856
738
708
654
714
824
906
914
872
860
844
826
782
746
668
656
662
814
864
870
842
800
752
702
666
722
764
812
838
810
768
776
774
848
784
916
886
860
846
868
840
816
766
724
736
740
700
658
642
662
678
754
850
870
872
812
716
712
730
756
820
794
866
730
728
740
784
810
774
774
834
836
820
730
688
674
704
800
858
876
890
880
880
874
836
810
726
712
658
676
702
748
850
846
902
856
828
840
736
698
658
660
634
694
774
818
818
790
732
714
726
734
744
736
788
754
766
796
824
824
828
806
782
782
836
814
790
810
802
838
846
832
822
816
788
708
648
614
646
744
824
864
856
828
788
812
808
868
842
792
794
802
812
818
794
758
710
754
850
860
864
878
826
816
816
844
752
736
768
816
800
836
820
838
844
846
812
802
802
798
864
850
802
814
820
824
766
724
730
786
820
810
746
774
776
760
736
632
636
636
610
668
740
824
886
900
888
908
886
830
744
714
776
758
760
744
736
742
768
792
846
854
922
902
866
880
852
820
842
766
738
778
786
796
776
684
696
734
768
718
772
722
744
768
796
754
722
726
804
806
820
836
818
748
736
752
760
786
792
840
774
798
822
832
834
862
768
724
740
766
798
722
748
722
694
746
686
646
668
716
772
826
814
824
886
538
840
622
652
646
638
636
664
694
720
740
698
710
672
694
698
660
638
610
636
704
692
680
770
830
856
860
908
824
746
744
782
784
782
798
764
704
748
800
830
836
592
656
698
724
756
800
780
818
752
778
820
812
810
810
828
798
810
802
804
798
762
764
756
828
832
818
594
722
818
792
786
764
788
770
778
738
776
858
832
816
828
834
832
812
730
794
730
706
716
758
778
534
676
674
794
818
850
756
746
776
768
730
672
732
758
770
764
804
816
886
750
750
770
762
704
718
690
664
678
690
686
716
720
570
878
724
698
746
726
658
726
762
806
780
780
750
846
806
764
558
732
750
750
750
814
822
774
798
770
798
830
730
766
758
764
716
700
752
730
742
704
728
680
672
750
608
666
634
662
710
756
746
818
780
724
750
756
760
654
642
542
732
684
844
884
858
850
824
826
808
802
862
800
766
728
734
614
900
820
824
832
846
838
850
850
836
816
782
738
794
784
782
774
774
820
792
792
758
732
730
730
810
760
714
706
632
644
618
638
674
724
708
750
744
752
746
750
740
738
720
712
708
714
686
680
750
746
766
768
760
740
728
742
714
670
720
748
770
798
790
792
694
680
646
674
746
768
846
828
760
774
746
760
768
762
766
786
810
796
752
750
786
756
722
774
782
766
754
716
728
732
790
780
740
758
790
802
782
708
766
742
798
784
766
750
768
768
754
726
658
666
752
806
868
866
838
840
842
782
708
772
762
690
608
632
638
700
772
772
768
796
774
696
668
698
700
736
750
790
746
760
656
608
664
650
658
672
644
736
760
774
812
822
794
714
878
822
780
760
556
592
676
672
640
664
650
734
736
700
644
656
720
778
818
804
854
766
746
748
734
740
766
786
750
712
702
766
820
858
838
818
810
814
760
790
814
772
766
824
842
786
826
838
818
794
816
814
794
826
738
722
756
746
776
718
726
766
804
810
782
740
748
746
756
724
744
760
762
754
690
720
746
764
742
696
746
744
732
712
698
752
776
720
710
760
736
692
700
724
726
708
664
684
770
744
760
770
798
778
760
678
754
698
756
692
698
606
624
610
624
734
726
752
770
772
756
806
802
762
810
714
730
766
756
764
774
734
764
786
802
852
754
680
754
744
752
748
682
618
638
656
702
770
832
844
830
910
836
836
804
776
816
798
748
748
782
790
854
836
822
506
588
778
766
748
698
724
702
808
754
744
770
786
764
722
776
766
768
734
724
726
782
736
730
744
738
692
738
708
742
648
654
706
776
808
818
786
542
638
654
650
680
688
728
778
822
816
802
754
756
522
640
668
668
752
760
766
794
782
816
810
744
726
722
772
748
766
792
782
780
670
726
730
738
798
770
740
764
760
730
648
682
604
664
632
620
716
714
742
758
702
730
660
660
672
690
678
660
680
692
682
694
716
728
706
674
664
670
676
672
644
618
670
734
750
800
786
750
738
756
758
762
772
724
728
720
762
812
828
806
800
842
800
748
714
754
768
774
726
690
720
696
750
666
700
746
772
744
678
688
722
742
734
686
720
752
748
730
668
670
708
752
746
712
748
728
764
794
782
776
720
778
736
774
750
694
720
708
660
706
722
722
764
738
738
782
720
634
690
682
704
732
708
744
758
754
716
718
716
716
688
642
650
650
640
684
732
740
816
752
752
750
746
712
710
710
628
644
650
682
730
768
860
852
796
738
774
658
666
628
634
678
736
764
838
794
834
750
780
784
802
820
762
744
704
716
772
772
654
816
744
740
720
718
766
726
638
584
656
648
1216
1134
680
504
556
602
592
572
578
602
616
626
626
626
602
610
586
648
626
630
630
670
654
638
680
632
640
598
606
628
646
732
760
770
796
728
732
744
728
720
772
804
810
812
804
770
732
752
762
780
802
828
826
784
794
796
808
774
760
762
754
804
748
714
696
720
830
784
812
622
672
768
778
772
770
724
702
722
734
812
798
728
668
650
654
700
746
768
742
770
784
778
778
714
726
732
724
718
726
746
766
760
786
790
786
760
686
618
644
572
662
662
652
664
690
684
670
692
702
762
690
674
700
694
648
626
674
698
710
706
748
762
778
796
744
742
794
682
716
714
710
666
700
798
798
802
736
764
782
754
710
724
752
780
780
746
790
796
772
726
750
754
752
712
670
660
662
710
746
774
804
830
780
790
770
826
752
674
612
694
696
750
756
554
716
548
700
712
680
672
718
762
768
718
718
724
776
728
772
718
754
780
776
736
720
688
690
700
702
726
832
824
812
880
844
742
698
730
728
694
652
662
692
656
634
642
672
686
674
712
752
782
746
714
742
744
770
702
722
750
752
698
728
778
802
770
756
802
806
736
742
756
782
718
746
770
802
812
746
728
786
806
734
798
796
796
730
742
760
818
838
792
742
774
780
750
722
796
802
762
774
792
800
734
796
788
802
752
756
766
744
746
734
780
818
780
788
826
794
744
688
682
672
666
640
664
714
718
720
748
784
698
876
724
718
714
684
642
658
698
732
698
616
634
622
660
688
648
616
660
664
710
736
736
724
756
748
706
684
706
694
764
736
764
800
804
800
784
798
782
750
814
812
832
814
824
820
844
818
724
746
736
762
742
770
786
830
824
776
850
832
784
718
818
810
780
690
710
686
662
672
656
632
626
658
644
746
734
708
704
688
728
728
740
770
764
710
688
680
694
674
706
710
684
726
714
742
718
776
776
744
736
786
774
746
704
768
744
736
746
820
814
794
712
730
702
768
758
832
728
796
776
742
758
756
784
804
756
592
654
782
780
752
786
814
820
792
804
780
804
724
790
772
776
718
692
710
728
730
784
796
794
732
800
784
768
700
694
770
702
652
680
730
784
752
770
782
768
704
722
736
736
732
738
740
754
692
672
692
712
722
732
782
770
774
748
750
758
762
796
826
846
836
796
794
796
800
864
812
746
684
748
788
824
836
808
866
846
826
776
838
834
854
850
810
844
850
824
822
840
870
868
882
814
832
850
810
782
840
842
874
780
652
598
660
698
768
816
800
772
798
798
858
830
800
744
760
754
766
774
772
780
818
880
856
840
800
746
734
756
758
710
680
696
740
746
732
736
750
756
724
768
752
762
764
732
756
764
784
734
720
712
770
702
702
726
722
758
740
746
736
714
696
752
746
726
714
714
770
728
724
762
824
808
752
774
786
780
754
756
768
822
756
708
752
804
834
836
792
820
840
832
796
754
798
812
818
796
826
838
780
704
730
688
720
710
684
648
656
730
740
764
732
750
818
780
732
736
708
614
678
684
706
738
740
712
752
710
756
736
812
778
806
750
750
770
744
706
714
732
716
688
740
740
788
718
650
678
686
728
750
704
754
792
798
704
718
774
770
776
720
708
732
782
792
782
796
790
802
722
752
762
746
762
806
866
836
796
812
866
822
816
842
856
818
764
768
824
764
776
812
854
876
846
826
854
812
722
772
746
752
716
726
772
802
774
816
818
784
758
802
784
760
726
756
786
772
754
762
798
816
772
748
782
790
756
714
800
798
790
742
756
768
772
744
762
810
794
744
776
818
830
780
804
788
778
704
684
680
788
822
804
814
852
846
822
796
808
792
732
702
744
728
796
780
788
860
832
810
774
740
748
784
794
792
784
852
838
816
772
840
780
800
752
776
784
764
702
690
638
902
776
820
862
852
810
774
806
788
780
730
818
806
756
752
772
754
706
730
736
748
744
700
738
824
752
726
742
776
772
760
706
708
714
756
750
776
776
712
710
700
744
760
778
788
690
694
762
806
832
850
824
770
778
754
798
804
780
842
870
858
820
806
844
836
822
818
792
810
854
870
886
862
836
858
838
840
820
846
848
844
882
842
800
874
834
802
736
760
722
688
714
756
724
756
814
828
776
764
806
820
792
770
808
818
820
766
780
800
806
742
790
814
832
796
778
836
858
860
776
824
806
820
778
814
838
848
796
720
748
806
846
854
836
762
782
786
776
728
812
812
816
788
804
814
870
808
756
798
778
744
740
718
804
806
784
800
844
834
758
766
766
764
750
732
750
834
814
768
804
810
870
824
898
852
870
744
670
738
710
718
706
672
762
780
746
704
732
808
652
740
750
766
768
718
706
664
696
732
736
718
724
734
746
752
660
694
704
788
794
802
794
756
782
746
756
826
808
748
756
798
840
838
856
852
836
778
800
820
820
778
772
782
832
832
794
832
822
828
788
776
800
812
784
708
726
768
816
830
778
748
768
802
812
822
764
786
812
822
780
712
702
734
776
830
856
842
844
838
832
830
854
816
738
738
836
846
842
806
830
844
854
838
796
818
848
846
824
802
862
848
820
770
782
808
812
788
752
766
800
796
758
714
762
792
794
744
792
802
868
832
798
808
756
692
726
808
838
854
812
782
818
826
824
786
788
810
816
782
768
806
838
838
794
804
836
846
808
806
820
822
822
826
846
848
828
768
782
786
802
754
746
780
816
782
796
796
798
772
734
746
766
766
736
758
772
858
836
788
790
820
788
804
782
838
824
772
712
780
798
822
800
804
824
820
758
770
808
746
716
690
726
794
830
824
764
808
834
856
798
748
776
796
816
764
802
792
794
754
710
734
748
814
756
764
816
816
768
730
732
752
774
754
788
810
820
772
812
796
790
746
768
798
802
754
818
816
814
766
748
780
802
794
742
724
818
818
784
730
772
778
744
724
750
766
762
730
740
746
720
694
724
736
766
762
750
782
788
784
734
756
778
782
764
718
722
734
784
750
742
764
752
750
714
738
704
682
752
756
764
698
706
700
778
728
738
776
786
776
694
688
704
776
778
758
686
728
768
814
838
796
784
756
718
688
694
642
608
550
622
654
602
596
660
618
604
636
570
568
610
596
564
612
578
588
588
594
604
628
668
688
722
724
770
774
746
690
652
654
650
712
708
698
678
660
644
652
648
646
668
686
706
702
774
772
772
770
760
714
762
732
708
696
674
660
670
704
740
740
762
698
688
700
724
742
750
766
654
632
676
692
710
722
722
762
754
748
766
778
796
814
796
756
752
668
660
662
724
800
816
878
848
854
838
850
798
782
786
768
830
828
816
746
752
768
720
784
820
834
748
768
754
816
796
734
794
796
814
796
756
954
574
528
760
744
766
788
806
798
834
856
882
818
860
832
866
748
772
736
712
692
616
634
638
636
616
690
696
762
666
666
666
684
682
636
628
644
648
650
704
724
742
756
740
766
746
732
728
690
636
656
624
632
634
656
726
754
782
778
752
744
720
722
732
756
788
808
778
752
720
712
710
728
762
780
774
798
770
758
708
732
720
734
812
824
828
838
838
886
846
850
804
836
786
788
840
804
808
852
804
770
752
836
820
698
714
700
752
744
736
660
650
702
722
742
736
688
680
696
702
724
762
780
776
756
718
698
662
690
726
756
764
746
782
754
720
708
580
618
730
724
688
706
706
762
698
692
614
632
638
696
714
824
834
862
864
850
842
818
784
780
744
714
650
626
696
674
798
782
744
726
736
762
798
818
808
830
776
742
720
614
682
624
638
668
728
750
766
814
758
750
788
830
838
772
782
774
750
792
788
810
842
834
754
696
654
646
708
788
806
786
786
808
788
796
810
806
786
752
710
760
730
746
664
638
736
662
666
710
702
730
766
774
768
728
670
662
640
630
618
650
686
716
766
732
736
746
736
742
692
692
724
734
700
646
702
702
722
730
768
776
750
692
672
656
668
680
714
742
676
734
738
730
696
638
644
648
662
720
772
812
820
814
760
676
674
650
672
690
682
714
776
810
838
812
818
838
826
830
806
754
748
786
816
828
818
740
716
734
762
766
750
814
750
722
728
752
796
784
772
640
696
840
834
804
798
810
766
728
706
672
700
678
738
778
784
840
800
782
750
676
668
634
710
736
782
756
832
836
848
858
840
874
832
816
786
720
678
736
712
738
750
778
804
834
856
852
842
802
786
774
768
768
772
794
774
770
792
802
776
762
782
804
798
788
748
706
680
670
756
744
728
680
726
740
784
770
684
708
724
740
706
706
746
750
704
778
792
814
768
716
734
734
740
744
710
714
762
786
814
790
734
758
734
782
760
738
744
746
728
678
700
738
770
826
804
792
774
778
768
736
708
762
732
730
732
712
750
774
810
718
714
726
786
820
832
836
800
800
792
760
754
638
678
698
722
774
800
744
698
750
750
792
732
764
782
786
718
734
728
734
756
718
678
702
726
826
744
708
686
696
726
736
760
736
756
784
734
726
728
800
770
722
814
806
788
742
758
760
770
794
764
774
800
806
738
748
748
760
678
682
712
724
692
706
732
732
672
614
674
672
696
744
774
802
808
746
776
758
734
752
692
600
616
604
598
686
786
898
852
852
838
864
886
888
850
758
746
704
702
726
798
760
768
786
780
770
744
636
694
798
712
758
782
794
796
790
742
800
746
756
758
774
758
628
748
780
792
778
754
768
762
708
734
686
642
714
722
752
772
758
712
726
824
826
834
816
788
734
732
744
760
792
712
656
606
642
602
668
810
830
838
832
810
858
812
800
770
772
746
748
742
748
712
694
680
766
738
900
558
514
718
672
676
754
734
762
782
754
780
756
696
650
640
698
692
714
730
670
644
644
630
694
698
704
720
768
728
708
710
648
706
702
680
736
688
614
642
634
638
686
706
696
728
670
682
736
748
808
802
818
786
750
758
708
710
674
674
704
722
706
630
660
644
662
692
720
812
792
814
842
842
824
832
838
830
800
788
676
638
630
638
730
760
776
718
750
772
762
718
798
802
804
792
772
786
798
776
824
788
766
786
794
802
734
696
690
702
786
800
774
722
668
670
654
630
650
654
692
774
856
850
832
810
822
752
668
634
622
596
600
616
642
672
682
658
600
632
652
676
684
688
702
706
676
670
644
614
622
630
646
650
682
726
744
768
786
776
782
790
782
758
762
766
766
746
744
760
780
806
826
756
798
752
752
758
758
700
646
616
622
612
626
662
672
694
748
752
796
720
710
640
658
638
660
672
680
704
712
712
752
712
694
696
716
660
682
676
650
658
728
726
694
692
770
740
710
684
682
684
700
710
678
698
646
656
648
694
688
688
718
806
818
818
786
770
772
762
708
724
764
802
776
766
784
800
770
796
826
792
726
656
660
602
620
656
710
710
770
798
780
762
766
740
734
732
744
734
684
656
666
702
674
728
758
736
746
776
782
760
798
834
814
756
754
722
696
664
744
780
784
820
848
824
778
798
782
722
662
652
670
680
712
774
824
804
752
766
702
690
650
642
630
712
796
810
786
816
904
878
856
844
868
836
762
748
748
734
786
864
836
838
844
868
806
776
776
746
772
776
726
670
690
730
800
804
812
862
854
806
802
824
812
774
792
790
804
704
732
760
752
732
792
860
796
730
768
764
782
746
672
698
676
784
760
684
690
700
728
772
800
798
770
774
768
720
736
724
748
798
776
798
800
836
732
712
708
738
726
682
682
716
772
784
748
726
702
698
722
744
728
708
744
772
784
780
744
754
754
748
722
746
754
758
726
736
746
750
730
736
764
788
734
788
778
732
742
750
756
716
756
772
784
740
808
794
800
752
784
782
770
722
750
764
730
718
740
766
746
746
718
692
720
824
780
752
790
758
770
716
728
776
734
750
708
726
744
746
722
700
752
740
772
738
742
732
664
656
664
702
718
706
760
786
768
802
786
594
598
664
730
754
736
738
784
806
784
764
776
808
726
726
740
700
690
744
772
784
834
840
852
812
824
818
794
748
778
794
790
742
718
724
740
730
768
788
766
766
774
760
714
732
756
772
746
782
806
822
814
780
778
800
808
734
716
802
808
798
762
804
838
836
734
690
716
662
640
656
670
732
730
768
738
734
680
640
616
622
608
614
632
640
646
686
716
736
758
720
722
696
668
702
688
654
626
632
656
670
698
662
634
630
640
660
680
678
744
736
670
620
644
670
682
712
688
680
714
730
668
688
682
706
714
698
674
658
658
630
616
584
628
596
638
706
758
754
738
770
794
786
758
702
638
620
618
630
642
678
666
662
640
640
660
682
674
668
676
694
660
620
664
650
658
642
634
636
650
676
688
666
660
666
680
662
634
674
692
720
658
626
630
656
626
616
626
614
606
598
608
592
596
600
616
608
610
624
642
662
674
650
622
638
670
606
610
622
646
670
646
640
662
712
742
744
728
734
744
730
704
710
746
770
766
728
752
768
712
710
716
726
700
700
738
760
770
758
768
778
766
714
708
728
750
722
732
748
766
716
706
688
728
744
728
758
720
708
706
680
678
716
746
746
720
742
802
788
752
748
770
772
744
724
740
728
712
652
618
636
674
726
746
730
676
682
712
708
660
704
684
680
648
608
614
618
664
734
762
720
700
674
650
704
734
716
670
644
638
634
640
650
732
702
672
664
746
736
758
744
740
778
780
784
774
768
748
786
760
# end time: 2014-03-06-19:50:35, 1394153435.26
