# R wave intervals in milliseconds per line
# start time: 2014-06-09-20:12:31, 1402359151.33
# after TRE and balance board training 
628
568
566
604
578
708
522
786
556
610
620
564
720
536
552
590
524
650
586
598
684
502
558
602
570
568
560
556
570
602
612
612
570
570
600
586
680
696
684
650
602
618
580
584
554
630
586
878
550
536
568
598
614
670
636
592
608
568
594
564
570
584
616
646
644
640
588
548
598
610
730
528
570
590
644
686
702
670
626
584
608
554
594
620
588
598
596
572
594
574
556
598
582
586
628
616
602
590
610
534
528
576
546
590
598
610
570
610
602
598
574
640
622
636
650
598
654
634
624
592
550
598
584
602
588
592
652
598
634
584
600
598
586
554
592
584
638
602
648
642
646
672
660
624
600
584
570
570
590
608
532
548
566
594
624
588
546
612
588
588
644
600
584
578
558
590
582
568
628
610
610
622
572
578
568
572
600
554
552
540
594
554
564
558
578
572
566
600
596
614
620
626
622
598
610
586
614
560
522
560
548
564
604
650
618
646
674
664
632
638
578
570
566
568
600
578
608
666
664
684
650
588
562
614
596
602
584
586
596
604
618
600
618
586
606
556
550
552
564
584
602
644
638
582
600
622
632
656
644
598
582
632
592
578
608
648
556
574
630
596
604
616
666
632
556
612
568
556
598
598
564
568
598
584
602
620
646
652
582
564
598
600
614
556
542
592
596
554
602
578
618
618
680
666
622
584
666
626
618
604
584
602
580
602
618
672
688
648
586
652
566
618
608
596
600
660
640
634
596
616
618
602
614
604
534
604
626
626
592
650
642
648
660
628
634
550
614
614
602
634
634
604
628
638
642
590
600
586
596
628
636
588
614
596
586
630
634
604
618
612
634
704
684
710
636
650
614
646
588
598
600
598
588
596
602
600
662
708
722
716
702
654
616
602
568
602
546
552
580
650
732
752
782
764
768
704
642
618
604
600
582
578
586
598
620
668
686
762
748
718
700
652
680
664
642
648
630
616
582
616
618
654
650
684
660
670
698
684
652
582
632
624
638
652
666
658
648
714
702
728
698
638
650
614
626
596
594
552
572
630
724
734
670
722
756
744
694
636
668
552
778
650
644
606
588
616
678
684
664
644
670
674
646
686
618
650
630
650
588
610
570
580
598
590
608
586
626
690
654
746
786
738
746
702
664
616
600
602
584
584
600
600
636
628
666
600
632
664
702
724
644
698
654
632
666
598
584
610
610
664
652
644
652
602
586
612
586
604
564
566
614
652
682
684
600
654
716
606
598
602
646
582
610
686
716
666
666
696
706
710
704
622
650
662
668
650
642
608
616
634
664
672
628
652
604
658
670
668
686
648
656
660
632
584
616
598
618
640
674
656
648
638
668
632
646
602
616
572
558
592
554
600
570
602
580
586
616
598
618
600
606
616
594
566
588
604
550
530
576
556
586
544
568
566
570
598
620
598
618
612
614
660
666
798
784
720
678
666
638
632
662
694
706
686
664
668
680
688
682
648
638
666
684
698
680
658
664
714
672
626
636
650
650
616
604
606
590
634
600
586
582
620
650
626
660
644
642
654
618
638
592
590
588
604
652
668
686
588
652
704
670
672
694
638
580
588
548
580
582
670
738
750
786
758
778
740
718
702
700
746
688
724
690
682
660
642
684
648
652
644
638
636
634
630
608
614
614
626
612
630
634
616
584
584
596
608
622
694
696
686
632
652
646
636
620
600
632
632
630
606
614
604
600
596
604
618
616
596
602
616
624
626
628
602
622
636
638
620
620
636
642
612
628
638
668
682
644
590
634
630
620
614
582
604
598
618
600
604
634
676
654
602
670
662
656
594
614
600
600
600
584
584
606
614
614
602
614
620
632
680
652
668
668
640
642
600
614
572
618
592
588
602
614
636
632
682
614
612
608
600
598
584
568
632
598
584
572
582
598
608
612
614
600
622
596
646
604
614
632
638
612
570
596
602
602
600
576
598
606
624
608
604
632
634
636
598
636
646
598
586
614
622
632
634
614
636
652
664
730
688
678
658
618
640
624
654
728
802
780
732
776
794
848
836
782
734
686
664
676
626
628
622
686
630
680
698
754
806
764
682
682
682
608
612
620
596
614
654
634
596
618
610
638
666
664
654
710
736
688
634
664
652
638
610
604
620
610
686
632
650
702
706
726
648
688
698
668
646
618
636
652
672
648
610
638
630
648
634
640
680
668
662
614
640
654
660
616
612
626
636
672
692
644
720
704
698
646
600
606
630
604
626
604
618
632
738
718
632
640
622
600
648
666
632
636
658
626
612
618
638
618
568
618
596
616
622
622
648
666
674
654
600
680
666
700
712
672
646
650
652
648
642
658
654
652
692
608
578
602
582
622
574
602
580
604
604
646
626
658
618
620
612
614
614
608
616
596
566
582
590
586
632
590
706
746
740
676
576
696
646
640
618
656
622
616
604
618
562
566
632
648
654
638
628
652
646
634
620
614
638
660
666
650
666
622
650
650
632
682
646
610
624
648
652
656
598
632
632
636
642
622
618
638
632
662
586
578
616
608
614
630
634
618
662
670
680
736
652
664
702
680
648
616
606
618
634
674
750
736
718
646
652
664
652
650
618
622
610
616
664
674
676
652
686
712
714
672
634
636
668
662
632
600
632
646
624
640
604
672
682
684
654
614
668
648
614
602
618
634
648
654
708
754
766
718
644
640
648
640
628
652
652
738
758
772
748
802
760
768
714
682
656
668
678
674
630
646
618
616
618
634
634
636
696
696
708
660
622
656
658
652
654
654
640
636
684
684
686
714
574
624
690
612
616
626
558
552
612
616
650
674
698
692
676
682
678
670
686
648
668
618
616
668
682
684
748
688
708
684
684
726
662
700
646
652
648
706
676
652
656
674
718
686
632
638
664
630
652
588
666
680
666
684
624
660
662
680
708
650
662
658
678
686
670
692
572
750
700
656
738
638
646
656
674
658
690
630
696
676
662
620
628
668
662
650
624
612
634
602
638
628
640
596
626
644
644
668
620
662
672
684
676
650
624
684
680
668
654
640
658
684
644
600
616
626
660
686
730
696
718
790
680
730
690
708
672
614
642
652
662
678
642
648
646
722
680
660
722
714
716
640
652
644
646
620
554
600
582
646
644
642
668
682
654
750
714
680
694
676
734
734
698
726
708
700
650
692
722
716
718
666
688
686
714
646
640
674
704
720
702
694
668
652
684
666
668
602
576
608
552
548
622
676
688
734
756
772
704
700
686
698
708
656
632
682
706
696
732
710
712
732
684
666
578
570
598
550
586
530
536
582
600
650
668
638
658
618
586
634
656
658
636
646
618
622
576
624
594
568
576
578
570
576
598
596
590
680
708
710
688
664
668
680
668
664
624
614
682
680
718
700
668
670
676
628
628
614
620
634
610
602
616
654
686
682
682
634
660
666
620
652
594
586
588
596
616
572
576
554
602
842
804
786
770
778
764
722
710
698
676
718
704
692
680
686
668
648
638
648
686
644
702
670
712
672
630
656
634
632
624
572
596
572
554
594
594
590
588
684
666
712
650
650
682
630
600
624
650
628
590
592
588
598
568
568
606
512
532
570
582
618
600
628
624
642
716
696
688
666
634
618
634
634
622
606
622
600
628
644
646
696
636
652
630
704
616
582
602
602
616
596
624
662
646
620
626
646
644
684
654
662
638
666
688
710
716
664
622
666
612
616
586
584
608
670
674
682
720
764
730
622
666
634
620
614
586
582
662
668
682
700
636
644
654
680
688
682
652
668
664
638
600
578
580
600
622
682
698
650
622
634
618
584
606
592
614
650
660
676
716
784
748
714
638
634
620
614
680
636
664
750
786
764
748
622
650
686
680
724
668
640
666
682
682
636
648
672
672
642
652
698
688
694
636
650
652
686
660
672
696
688
632
696
668
636
614
664
658
674
654
662
686
684
654
696
720
724
642
684
646
656
664
636
650
682
686
634
680
682
668
664
638
686
712
700
692
640
654
664
654
646
618
622
644
638
628
620
664
684
650
626
674
654
630
732
738
732
684
668
666
724
690
662
658
682
670
648
620
638
674
658
640
690
714
748
754
686
668
660
692
616
630
632
652
622
662
682
736
730
670
700
714
668
650
682
702
656
628
686
666
634
628
638
634
680
682
720
762
724
666
648
648
648
618
606
646
670
718
666
746
716
654
664
668
666
638
700
702
756
644
630
684
648
656
646
726
724
738
658
688
684
700
732
718
704
656
654
670
696
720
698
674
678
696
674
712
716
670
616
624
646
614
600
646
700
744
744
650
720
712
718
720
648
666
654
676
676
662
680
638
662
702
746
740
650
692
678
690
610
664
620
648
618
598
614
658
660
684
618
682
670
664
644
630
630
578
620
602
598
632
618
602
612
618
638
628
624
650
758
756
700
748
722
714
748
646
610
662
650
668
718
700
628
670
652
648
668
700
670
632
676
642
680
650
684
738
772
708
704
662
652
680
688
700
662
700
704
716
712
658
650
664
650
670
658
650
694
712
728
670
654
706
704
716
654
630
648
670
690
628
666
650
680
688
666
648
668
666
642
610
632
628
658
612
640
646
654
676
644
694
694
652
616
602
612
606
580
620
600
676
722
702
748
760
790
746
688
718
696
714
650
632
658
694
704
662
620
686
658
666
636
634
652
638
624
604
634
662
636
682
732
768
772
762
718
684
698
702
698
740
698
646
730
734
778
724
728
652
686
688
690
652
618
652
686
710
654
648
672
692
658
608
686
680
708
642
674
668
728
700
648
650
684
658
644
618
646
648
684
720
682
686
696
716
736
732
686
662
686
686
710
704
682
632
590
626
618
604
642
656
646
656
714
714
752
702
704
694
744
706
682
608
660
626
610
628
598
582
668
664
758
832
870
870
844
866
786
760
688
628
638
680
686
732
684
638
648
676
706
714
784
806
718
750
748
762
754
682
696
694
660
680
620
644
672
664
654
698
730
700
702
734
686
648
646
652
684
716
718
700
650
652
698
696
668
646
672
696
694
660
682
706
686
696
632
636
668
642
680
726
792
720
686
714
716
674
626
684
684
684
664
690
678
700
636
682
698
698
650
620
632
630
622
636
612
610
642
648
634
616
646
656
688
642
618
634
602
590
574
598
602
598
600
614
620
654
642
572
644
622
600
670
644
690
612
634
618
632
602
596
602
628
582
586
566
570
586
594
654
614
634
664
686
700
662
606
644
652
634
618
634
686
718
694
750
786
798
752
688
714
702
710
654
628
618
648
644
712
646
736
748
752
670
698
714
732
720
652
652
678
670
650
634
666
716
756
730
696
736
750
816
714
704
736
760
754
696
650
670
656
678
650
678
702
714
668
718
750
732
646
706
712
708
682
650
632
662
682
674
644
672
692
642
652
696
716
698
662
690
716
738
752
712
762
740
738
774
700
652
696
704
732
738
694
686
704
778
718
676
692
712
688
704
596
660
674
682
644
622
668
696
668
648
688
714
748
690
642
704
686
744
652
634
668
664
606
614
662
652
668
584
644
640
662
700
634
598
622
620
626
586
602
636
660
640
700
694
666
666
630
654
692
710
730
770
668
680
700
700
666
636
632
648
664
636
602
600
618
658
622
606
628
708
686
732
660
664
686
714
684
652
636
662
634
586
602
596
598
620
696
700
682
754
766
750
674
698
694
698
708
678
680
700
706
668
682
682
720
714
752
716
646
692
678
702
678
682
644
674
682
640
648
600
580
650
682
652
652
714
732
758
712
680
704
714
694
640
616
644
668
682
666
654
706
728
690
632
710
682
694
672
634
686
680
692
630
686
680
734
730
670
652
698
682
666
646
668
682
704
682
652
682
700
750
702
650
696
676
614
662
624
644
598
598
650
684
736
688
632
648
680
676
678
666
714
736
734
670
634
700
678
652
616
650
684
702
720
714
664
694
692
750
664
620
686
714
806
794
770
746
786
714
684
716
722
748
666
728
720
716
734
702
636
686
680
700
728
740
730
668
696
720
736
730
754
662
684
684
682
704
722
674
752
784
814
700
636
622
626
618
750
784
770
748
756
734
710
738
746
736
746
740
726
752
718
688
682
666
664
656
678
666
658
662
680
620
634
646
648
642
622
632
626
592
644
630
586
584
600
582
614
618
614
624
648
632
632
654
660
656
636
648
674
624
688
632
680
608
590
628
642
640
668
660
688
700
728
668
682
732
718
648
618
640
636
684
694
660
702
720
740
680
680
714
724
702
648
652
676
706
726
698
690
732
736
666
732
716
704
654
672
658
716
660
638
656
686
708
688
668
732
774
778
750
718
634
692
684
668
634
702
722
752
694
718
750
764
692
632
680
680
670
688
628
618
632
642
646
612
588
606
628
650
616
648
606
536
644
574
616
584
650
600
630
600
602
630
628
# end time: 2014-06-09-20:42:59, 1402360979.67
