# R wave intervals in milliseconds per line
# start time: 2014-03-06-17:35:03, 1394145303.15
568
602
656
718
750
702
658
586
608
576
592
652
678
752
708
730
764
742
746
654
666
666
616
678
640
626
602
628
606
656
732
636
746
760
716
700
638
616
628
656
646
770
740
678
818
728
670
672
700
724
714
660
642
636
586
606
612
652
664
536
786
722
680
690
654
640
664
706
750
746
706
690
706
710
778
720
796
562
656
740
680
662
640
632
666
698
704
720
724
724
796
820
804
776
756
798
778
750
708
744
724
718
726
722
684
634
616
662
652
676
694
638
608
644
622
630
640
664
710
696
736
774
762
756
750
672
658
578
544
598
586
592
670
722
744
724
652
628
564
620
630
690
792
798
820
808
846
794
690
742
704
692
688
638
618
642
682
750
760
740
688
724
718
780
756
706
650
624
600
606
634
728
764
798
796
722
672
686
526
730
664
622
582
584
584
590
592
608
568
626
572
608
586
590
628
608
624
614
602
604
606
606
678
568
812
590
610
660
684
722
754
780
786
774
706
732
706
692
690
740
718
710
672
554
586
630
660
524
766
614
650
638
700
678
636
628
606
654
642
636
588
578
582
570
656
640
662
668
626
586
594
622
644
706
732
718
730
744
700
726
690
690
554
802
718
788
848
854
852
852
836
850
814
788
944
834
856
838
784
796
796
730
710
548
778
724
760
770
754
678
800
512
774
734
716
688
676
696
692
692
784
806
754
840
824
702
1000
824
810
798
788
742
794
774
760
780
760
766
806
798
840
878
850
850
878
882
842
844
824
806
768
780
782
804
774
800
808
804
760
770
802
776
726
752
796
796
774
726
780
774
728
730
722
758
796
810
796
814
812
784
750
766
782
800
780
766
782
808
802
530
756
790
818
788
778
780
792
770
744
796
784
788
712
784
728
790
748
790
798
798
772
768
778
744
736
734
736
764
752
750
690
702
688
702
680
678
700
730
722
794
710
722
732
688
664
672
702
758
786
782
826
814
810
780
764
802
726
754
730
810
814
786
834
824
820
790
762
742
732
720
692
718
766
788
778
734
760
832
838
836
880
868
820
822
794
788
788
768
748
788
830
838
778
782
848
832
838
816
798
586
670
724
690
592
530
568
582
528
568
548
556
526
574
568
562
624
606
688
708
684
652
650
634
650
630
728
722
762
740
736
734
706
674
622
600
582
670
728
792
828
840
834
804
786
768
804
712
700
598
618
638
696
700
764
830
778
812
802
822
828
830
830
808
800
796
762
760
770
840
746
790
754
756
738
706
732
804
830
818
764
674
682
684
712
732
770
752
778
776
744
746
744
780
746
698
650
640
652
704
770
700
706
748
790
764
786
804
782
710
630
604
604
606
624
642
636
642
658
660
654
654
694
658
648
606
606
634
638
666
686
708
646
634
620
606
592
564
578
566
562
562
574
622
682
716
738
774
806
788
752
762
788
792
802
762
698
692
698
702
662
622
602
616
638
680
708
768
778
796
790
772
756
684
654
682
694
726
696
664
668
668
656
642
654
676
632
632
658
668
674
660
624
610
608
602
626
658
714
712
740
738
710
758
718
672
632
618
600
612
628
696
756
794
824
826
784
782
788
776
754
732
730
732
730
730
686
690
690
680
664
682
680
678
696
704
670
634
614
622
638
636
614
630
644
660
646
616
626
658
692
730
756
758
740
748
744
732
708
672
676
710
744
790
718
662
610
778
846
868
848
898
856
856
850
832
848
854
838
818
790
772
776
774
736
800
770
780
776
766
750
740
758
758
786
764
782
768
750
780
760
778
770
780
766
756
736
706
718
698
726
746
772
770
770
744
754
728
708
698
716
722
676
704
724
732
710
728
720
728
682
706
706
728
734
702
688
650
604
588
596
630
648
742
728
712
718
722
710
680
628
592
602
594
626
612
690
658
666
694
716
728
728
738
700
668
648
634
700
706
656
618
634
624
646
640
640
702
700
696
680
634
630
634
632
618
596
594
592
584
590
582
586
570
564
578
610
634
686
742
736
730
732
766
778
784
756
700
632
638
688
782
832
832
844
836
798
764
774
766
756
752
756
776
764
760
740
752
742
728
716
634
674
680
700
712
748
778
786
744
710
684
626
582
610
618
626
636
608
580
614
624
610
610
616
648
676
742
768
742
736
716
686
670
652
646
614
586
578
600
614
746
774
784
782
808
798
770
830
836
786
716
724
732
776
802
844
704
802
762
722
740
664
680
656
682
710
772
818
834
828
814
784
798
712
606
632
624
654
726
712
732
840
786
794
772
810
812
800
754
792
790
778
700
674
714
748
766
762
694
674
714
722
732
742
750
752
684
700
694
690
742
708
620
616
590
646
636
738
764
790
810
830
830
778
804
738
662
612
646
650
664
702
702
718
754
808
794
778
766
724
670
664
644
604
600
560
584
584
590
612
682
640
630
648
670
684
694
694
654
646
658
642
660
648
684
708
724
732
720
706
672
650
630
630
612
568
598
614
656
698
756
794
812
810
782
738
752
734
742
730
664
648
658
670
692
628
676
746
794
784
776
754
698
676
646
654
684
714
746
714
674
726
760
760
782
718
730
742
736
746
766
660
708
682
684
712
734
760
706
728
766
774
740
704
668
686
698
728
750
728
736
692
682
682
668
652
620
584
602
612
634
666
744
788
804
810
802
776
716
662
674
682
700
722
754
754
744
744
756
756
764
758
764
732
728
736
774
770
756
702
714
750
768
738
664
664
710
734
772
808
750
782
794
794
768
810
768
754
772
786
782
792
780
776
784
742
712
654
750
772
824
826
806
820
816
800
742
646
696
692
688
700
648
638
690
680
690
652
680
654
644
678
708
716
734
738
726
680
656
670
668
688
656
634
636
626
640
666
732
756
740
714
700
716
730
732
704
726
710
722
734
718
684
716
726
740
740
714
726
754
738
750
778
822
794
832
728
690
706
740
774
758
786
836
858
866
852
800
802
788
782
782
756
734
774
790
822
812
784
752
792
778
726
702
718
746
770
758
718
750
744
754
712
664
704
706
734
752
728
726
754
762
776
798
768
748
752
740
722
768
774
792
790
718
710
708
674
650
650
638
684
680
650
676
670
672
638
646
616
642
650
654
652
666
668
664
700
738
756
776
768
706
640
636
638
628
680
772
816
838
820
822
830
802
762
756
770
738
718
670
726
730
766
778
752
772
790
778
760
702
690
722
730
678
624
580
576
828
912
896
906
902
900
886
876
868
870
844
792
744
720
694
650
648
644
664
712
748
756
732
680
642
632
648
666
680
728
752
752
750
764
750
746
728
728
706
678
638
622
620
618
636
650
646
652
646
640
632
632
628
626
624
640
690
712
722
740
712
768
728
732
718
702
698
686
690
690
668
686
708
680
674
650
648
662
700
748
774
812
794
772
774
772
762
764
738
728
738
744
742
698
698
738
756
736
742
776
788
756
704
686
744
718
672
644
670
704
756
704
706
718
674
618
626
626
608
602
636
648
700
726
720
716
764
778
782
762
682
682
678
692
718
764
820
856
844
834
800
744
756
754
756
744
744
766
764
764
738
732
650
666
642
696
744
796
786
758
788
784
778
714
660
664
652
708
750
788
828
838
788
802
806
780
760
722
712
722
734
738
732
692
700
714
728
726
656
692
650
672
698
728
664
688
700
716
730
714
648
712
720
726
774
712
714
744
740
736
694
708
720
726
706
686
728
752
746
702
724
728
730
728
698
712
734
716
708
662
674
712
744
762
764
752
764
790
760
754
700
710
702
700
672
692
722
746
726
678
712
714
716
694
660
684
696
712
734
704
700
738
736
672
722
738
770
782
770
754
724
686
794
548
634
622
678
716
738
746
738
788
784
708
742
770
776
746
676
704
732
742
716
688
634
658
680
742
770
744
730
748
802
784
734
712
734
730
732
678
650
646
692
714
772
774
714
776
756
730
684
700
724
716
692
692
628
634
690
712
778
774
728
776
754
748
756
748
698
680
602
588
614
612
590
596
618
642
648
664
656
672
686
666
658
688
738
776
804
798
802
814
810
804
734
740
758
822
836
814
748
760
728
650
642
608
580
616
612
670
734
714
690
668
638
642
624
620
654
710
684
712
720
690
638
636
620
640
682
640
624
672
716
746
698
744
808
794
732
764
786
758
680
730
738
750
708
706
780
808
806
726
868
826
814
760
770
772
824
772
796
812
800
752
800
816
828
792
792
824
820
786
798
828
784
706
708
792
762
702
770
798
824
774
756
800
768
738
792
824
796
746
780
782
710
720
684
664
682
720
694
664
686
642
660
688
700
728
708
634
686
674
670
638
600
616
626
624
612
686
698
702
724
698
730
680
654
650
652
692
702
730
728
714
740
732
702
678
678
674
716
700
646
646
610
624
640
624
620
606
590
584
622
634
614
582
548
610
594
580
574
540
568
546
554
560
534
528
546
524
528
512
534
518
516
504
526
522
512
516
514
520
948
520
538
586
578
566
520
534
524
534
564
628
698
722
744
700
678
678
694
698
684
646
600
614
638
662
722
732
736
716
734
754
746
734
722
712
726
676
626
636
660
714
736
704
730
734
736
756
694
710
716
724
698
692
712
714
742
674
682
686
720
742
714
736
772
772
708
672
680
692
706
722
688
760
762
780
720
682
690
666
716
654
622
674
682
702
676
642
654
664
718
758
784
730
674
694
680
666
638
630
622
684
704
684
664
648
648
602
606
608
614
636
676
706
760
788
812
738
696
674
680
666
652
632
686
696
652
640
666
688
716
656
616
632
644
642
610
608
618
608
588
616
654
672
672
712
730
744
732
646
620
606
606
592
584
600
642
676
752
762
738
702
698
696
694
698
684
666
652
668
676
708
742
756
764
752
722
714
712
662
660
666
704
766
806
828
830
818
788
724
710
680
690
700
690
660
730
744
780
802
800
790
732
728
748
764
766
756
764
796
798
792
720
714
716
726
692
702
698
666
698
752
764
730
766
770
784
718
674
698
726
754
776
798
754
748
766
780
788
752
760
766
732
750
700
740
772
802
816
790
806
822
818
826
784
724
744
736
756
734
734
762
766
738
694
706
786
776
786
738
764
736
766
706
708
776
770
778
764
774
750
736
776
714
686
720
756
780
746
760
788
640
976
758
750
766
758
784
780
776
750
722
682
634
656
670
714
764
690
768
772
800
786
738
738
746
744
718
752
740
752
774
786
784
764
772
780
794
768
696
714
772
758
734
700
740
732
722
746
778
816
818
780
750
726
748
744
740
746
734
768
792
788
786
730
658
718
684
684
744
780
764
740
766
786
786
788
760
734
754
758
784
754
768
802
800
766
748
782
786
798
750
752
784
796
798
794
538
810
706
764
812
820
804
660
972
778
718
742
770
792
792
748
792
814
768
740
762
786
770
762
712
712
736
752
768
766
742
756
770
776
738
730
768
764
758
718
696
706
704
704
710
674
680
710
734
744
706
704
696
664
666
684
698
680
690
692
700
704
658
666
682
698
706
694
734
778
798
808
774
782
778
768
752
636
628
564
616
684
666
662
674
594
602
578
580
564
574
564
568
568
564
532
566
570
568
572
572
574
596
614
614
658
656
642
680
682
716
744
782
764
738
770
728
724
714
702
696
690
714
732
756
732
726
736
702
682
694
702
700
684
744
788
810
796
788
794
768
742
754
780
800
826
822
824
782
790
810
812
794
820
818
796
764
754
770
774
748
746
804
752
704
696
726
740
718
712
748
750
718
714
742
738
758
770
814
812
796
766
740
756
730
676
708
704
756
842
820
844
842
830
794
774
784
794
780
760
834
822
818
806
806
798
808
824
824
810
760
766
790
788
770
802
770
762
804
828
826
780
776
800
744
690
718
662
646
616
668
736
812
836
806
814
802
782
742
764
748
718
668
690
770
792
768
714
722
736
716
510
628
718
742
734
730
734
748
736
734
752
738
750
702
700
700
772
768
766
712
682
698
686
710
704
738
760
762
722
740
734
734
732
742
732
780
778
756
754
780
774
748
748
770
726
650
588
646
618
608
650
708
736
692
680
658
648
626
620
660
646
626
588
620
610
606
586
576
558
578
570
580
664
684
716
702
638
594
598
596
608
646
708
750
760
764
762
756
750
750
756
760
780
758
778
768
746
752
784
794
726
700
684
662
660
606
624
604
624
658
690
694
776
784
768
784
718
664
606
618
584
582
586
604
606
596
620
644
644
706
668
624
680
690
740
738
726
758
742
726
746
720
758
786
786
746
756
760
756
720
766
826
822
814
804
838
802
726
728
766
802
830
864
874
874
834
812
778
790
716
740
796
832
820
854
884
870
830
824
810
826
750
736
806
818
828
794
842
842
786
806
824
824
812
786
806
804
800
782
798
822
814
756
696
716
758
774
808
742
794
788
760
754
738
760
748
782
782
794
802
752
676
686
654
656
704
726
702
670
710
764
776
760
724
752
742
728
698
752
762
766
756
752
814
806
818
794
754
754
788
798
810
788
760
746
800
786
758
692
638
690
716
714
784
768
730
750
760
736
604
834
768
784
766
768
774
758
746
734
702
676
708
722
700
712
750
782
774
734
692
698
704
708
696
704
634
608
622
624
664
702
730
682
702
718
760
690
684
728
696
670
702
702
768
732
694
662
732
728
734
738
650
680
678
668
706
720
706
740
698
716
746
766
776
776
780
768
758
746
720
700
736
758
794
752
748
834
838
872
870
816
778
756
742
722
710
710
660
682
732
824
646
664
756
772
788
784
764
758
712
732
654
714
676
718
740
776
788
804
774
832
732
716
728
738
740
712
718
752
780
754
760
792
806
828
808
828
784
788
762
770
788
818
806
810
806
862
784
776
750
672
664
736
690
686
788
844
864
788
744
752
742
670
624
664
696
718
758
742
772
780
684
636
654
684
758
836
816
806
716
678
636
636
588
692
752
734
754
740
674
736
714
720
720
744
740
742
748
744
746
706
736
702
756
738
714
668
690
722
742
738
660
662
748
740
700
698
714
708
692
656
682
678
706
704
746
662
700
666
730
668
636
652
724
696
686
652
678
678
662
670
688
686
652
700
696
722
706
678
656
688
696
674
656
670
676
672
650
668
684
692
676
636
660
672
700
746
706
780
572
620
626
620
604
610
636
660
640
652
706
734
708
646
650
644
630
596
584
594
592
582
588
644
686
710
748
662
660
694
658
720
656
636
648
652
622
662
672
692
680
634
636
664
676
664
636
678
692
698
686
662
710
726
722
654
674
686
680
674
690
624
648
674
682
674
676
724
726
708
706
696
704
692
648
638
692
680
678
650
664
700
732
740
718
658
670
738
708
656
604
678
680
710
678
688
698
694
688
712
632
668
658
674
672
658
606
652
652
666
676
674
696
714
726
722
708
650
666
684
662
660
606
660
652
666
758
736
728
688
692
684
664
704
692
716
722
698
674
698
728
740
724
662
718
698
712
680
640
648
642
660
618
636
682
726
736
736
756
764
752
738
664
620
664
670
686
708
686
690
680
686
656
612
602
688
690
694
708
672
668
728
700
666
680
602
622
632
674
696
708
754
716
680
684
668
718
712
678
672
670
632
608
616
620
596
682
700
722
770
744
740
740
786
734
686
654
696
732
768
756
674
680
686
708
682
700
690
748
774
748
734
746
746
744
720
766
768
774
772
756
768
732
748
752
744
724
668
654
704
658
626
592
566
568
652
708
740
762
758
764
762
752
718
686
678
672
676
690
694
666
674
700
712
704
682
650
664
694
710
708
766
756
750
702
732
688
678
678
670
678
690
716
698
668
652
678
708
726
746
754
738
708
666
706
684
682
680
682
692
678
686
688
674
584
608
610
634
658
694
692
688
664
636
628
646
660
638
648
628
652
714
720
718
708
696
630
612
678
702
740
762
766
724
668
682
670
634
616
630
628
676
714
740
744
778
784
754
750
748
728
790
808
834
838
804
740
734
736
746
780
750
758
770
764
766
804
828
812
798
784
760
726
670
612
616
626
660
764
762
698
764
760
774
746
694
730
706
758
740
716
734
764
772
792
788
796
780
764
746
688
744
750
786
808
794
750
718
760
750
752
770
746
698
696
688
734
766
794
786
722
748
746
766
738
694
688
704
710
786
752
814
812
790
738
750
648
644
628
744
702
760
712
744
772
734
658
640
622
672
680
752
728
654
716
676
758
732
722
748
782
798
798
752
748
754
752
736
760
764
784
770
694
632
636
622
672
732
800
792
808
742
800
782
766
774
762
734
734
746
740
716
680
652
648
682
752
774
790
770
726
742
742
740
744
692
696
728
754
768
760
692
704
722
750
760
736
728
740
732
750
676
690
724
724
784
758
740
756
762
766
764
732
770
788
792
770
786
766
786
774
760
714
670
630
702
694
678
622
594
602
602
610
692
694
704
728
692
690
696
692
676
660
630
608
606
680
720
772
732
758
740
786
760
740
712
686
682
688
716
728
684
700
740
746
744
730
712
686
692
686
680
640
622
668
736
724
656
540
590
668
712
738
762
668
630
570
690
762
806
852
842
830
854
796
776
738
702
704
692
688
730
682
638
684
696
742
748
802
774
708
628
698
680
662
704
706
716
694
656
696
690
676
652
648
730
776
812
838
826
832
838
836
836
838
820
792
760
698
760
758
776
766
810
800
806
774
794
788
796
772
732
720
772
794
768
784
792
824
740
662
672
666
690
726
720
670
660
628
702
708
694
748
816
820
816
780
700
742
704
724
742
724
748
646
652
658
688
756
806
842
832
798
850
818
774
738
732
732
724
726
506
674
804
760
764
776
802
748
682
696
632
654
680
710
754
738
720
742
768
760
808
784
778
790
750
694
718
748
768
766
766
746
798
762
700
650
614
688
708
740
788
792
808
710
716
702
700
672
626
586
614
596
652
656
654
658
680
702
724
774
716
716
722
698
650
624
702
710
754
758
746
752
770
770
744
712
692
614
548
584
626
616
674
708
750
802
770
846
820
808
810
798
766
770
742
710
730
724
810
812
786
774
784
836
776
792
782
740
672
594
796
738
728
680
712
748
760
704
658
698
646
624
638
630
646
646
630
700
724
724
698
680
668
642
650
636
698
694
688
726
684
660
582
652
620
648
# end time: 2014-03-06-18:22:44, 1394148164.93
