# R wave intervals in milliseconds per line
# start time: 2014-03-14-14:35:22, 1394822122.98
638
636
758
690
770
864
878
880
614
648
834
800
798
770
792
808
824
816
778
700
746
734
752
762
778
778
744
752
690
696
766
762
720
694
768
788
800
800
762
706
664
700
658
612
662
638
696
746
760
698
784
766
738
696
694
750
722
714
650
652
682
732
768
758
750
790
866
874
880
834
750
752
764
814
798
818
754
768
788
782
824
770
782
788
798
752
748
772
788
814
824
754
780
766
814
808
782
728
686
704
652
640
678
702
712
742
776
826
756
750
798
798
760
726
752
700
716
776
794
712
680
762
770
810
736
726
756
766
756
712
702
740
748
762
786
746
716
754
756
776
758
690
748
750
754
752
706
698
768
744
802
746
726
710
736
744
750
682
734
742
748
712
722
666
658
668
672
648
698
728
786
804
834
824
730
788
788
784
756
688
682
726
710
780
762
682
746
762
750
756
682
702
706
764
746
706
710
752
762
764
720
708
762
724
778
738
694
694
724
726
776
752
694
668
692
718
754
792
802
816
800
782
754
762
760
742
738
746
708
706
726
726
806
790
772
816
714
704
736
728
786
772
778
680
734
684
666
668
684
712
722
662
684
764
768
768
700
676
668
672
678
704
750
784
796
792
782
754
790
718
656
652
704
666
670
664
654
638
660
670
662
638
618
680
670
702
694
716
654
654
660
680
708
748
766
788
810
830
832
834
800
750
740
700
642
668
670
706
710
700
716
768
794
828
832
752
752
784
782
752
704
712
718
766
716
678
656
712
718
746
730
780
756
724
676
716
730
760
766
764
706
710
726
712
780
750
704
682
728
690
710
748
736
684
738
778
774
730
710
712
732
746
714
672
684
722
740
762
706
732
762
778
784
708
676
680
692
728
744
768
776
762
730
744
794
754
692
682
696
698
690
672
766
790
836
836
806
750
762
748
800
774
750
756
752
760
766
750
722
764
810
788
838
794
734
716
718
726
756
772
780
760
710
682
694
686
658
680
712
800
806
742
716
774
800
772
676
740
756
756
768
730
682
730
766
794
776
710
750
770
786
734
702
746
762
768
742
728
766
746
738
698
662
682
692
690
740
756
784
780
746
688
726
750
726
748
774
778
776
758
740
790
768
770
742
724
756
772
780
712
688
728
740
752
730
686
672
722
726
724
750
750
740
686
718
726
734
734
774
684
708
746
782
822
762
702
784
828
840
762
696
718
722
740
696
656
662
678
662
640
646
682
682
660
660
668
720
728
716
706
700
670
674
670
646
648
642
656
664
704
742
768
758
752
762
692
704
696
682
710
734
670
636
616
556
688
716
720
726
740
764
794
802
802
820
832
814
864
842
830
894
856
794
782
790
778
730
682
672
670
690
688
766
794
792
786
756
770
702
682
672
680
676
740
752
768
748
694
670
700
678
676
660
636
618
628
698
704
714
682
668
694
704
706
698
650
670
688
770
770
746
690
718
704
758
700
660
668
706
750
764
810
762
692
642
658
670
692
734
706
690
750
810
834
832
768
698
686
698
712
754
752
744
696
712
722
726
742
756
768
796
820
802
772
696
714
700
694
684
674
678
708
746
798
812
804
772
726
754
698
664
638
618
616
624
632
736
742
748
716
684
680
694
708
678
684
672
668
644
650
654
656
670
704
724
748
754
760
744
798
782
778
752
696
724
752
780
788
734
778
808
812
786
680
752
748
764
748
668
732
718
684
728
786
770
764
738
694
720
714
716
672
642
672
674
672
658
650
638
592
648
638
666
690
740
730
714
750
748
754
700
702
672
678
680
624
676
664
690
744
790
786
814
828
812
806
782
732
752
662
668
692
714
708
698
762
826
834
824
776
770
694
692
688
692
768
746
758
814
862
854
814
798
718
722
734
724
708
696
704
690
688
686
708
730
742
704
698
730
744
744
710
716
752
758
758
712
686
708
702
704
654
632
636
646
684
746
778
772
782
728
772
752
752
730
672
676
650
626
596
658
666
724
768
792
776
708
724
732
706
754
792
794
754
694
740
750
780
788
792
726
734
740
734
728
698
630
654
648
646
638
624
616
642
678
718
736
680
690
716
716
706
666
680
702
724
738
716
672
714
728
710
666
750
748
714
666
664
686
698
710
724
664
706
716
728
728
718
692
700
722
740
750
760
712
702
738
756
772
778
724
718
742
708
744
682
710
728
736
708
674
702
698
692
648
652
664
662
732
698
672
704
722
732
720
666
692
702
706
686
668
664
636
632
632
628
668
668
668
700
708
726
708
658
668
662
706
678
684
638
620
676
694
744
868
868
866
842
718
692
694
688
698
714
704
642
662
660
682
674
646
644
652
618
646
604
600
596
608
624
634
604
634
636
644
668
664
664
654
630
608
610
600
592
574
614
614
626
656
678
698
730
730
732
688
700
712
724
672
640
636
646
644
656
660
654
624
628
636
664
642
628
726
730
708
748
690
684
652
640
674
634
612
590
606
630
554
568
678
736
752
754
742
732
734
722
696
702
668
672
652
706
686
704
690
760
750
730
786
758
742
730
704
694
650
650
660
642
658
726
802
854
844
790
754
744
734
704
660
630
674
668
666
706
768
786
766
726
682
696
698
698
662
672
680
680
690
666
666
682
682
666
624
640
698
700
712
728
692
692
698
698
692
688
656
656
682
690
708
680
706
724
748
758
722
714
722
708
686
658
660
658
652
598
654
642
666
684
702
678
688
690
694
696
658
644
698
678
674
654
646
656
662
638
664
630
646
662
650
644
648
656
690
714
736
726
680
646
662
668
652
678
686
714
694
708
706
712
710
702
690
670
666
664
638
624
626
650
684
710
734
714
692
720
720
712
708
672
666
678
688
676
678
682
682
662
624
632
638
650
652
658
690
712
750
754
722
664
694
698
716
726
740
688
658
662
652
640
632
702
684
664
686
710
722
726
734
716
676
698
716
712
778
702
668
692
728
734
726
702
716
698
746
696
654
648
654
660
666
660
660
664
694
742
760
772
752
714
716
688
680
658
664
670
660
704
666
682
700
698
694
648
640
680
660
656
676
694
696
678
646
628
650
668
614
676
668
652
702
678
688
668
666
672
668
650
644
642
626
634
646
652
616
674
672
664
640
604
630
642
730
752
766
768
700
692
686
680
678
652
642
630
606
640
642
666
714
710
738
730
724
692
666
636
614
638
644
666
688
668
704
698
724
718
720
688
644
612
612
632
644
666
692
732
768
744
676
702
690
700
718
732
724
780
732
764
680
702
682
694
698
656
668
688
722
748
774
706
686
700
696
708
692
682
734
720
706
676
680
696
684
650
676
688
716
690
674
746
714
696
656
632
646
644
654
644
668
702
722
682
654
654
584
612
582
592
582
578
652
618
666
632
632
622
658
658
600
678
668
640
634
694
670
634
680
664
684
686
652
632
672
642
684
640
656
702
700
686
730
688
668
700
712
712
712
692
676
690
692
710
682
636
666
686
710
698
704
728
716
686
652
672
680
694
680
710
730
736
712
706
718
716
692
694
702
706
706
690
706
730
742
714
744
670
720
702
712
692
640
658
644
658
682
710
770
708
694
718
722
722
668
634
648
664
620
666
650
640
678
634
606
662
668
732
784
800
820
806
784
752
736
726
716
672
752
764
770
756
710
676
676
732
710
716
718
682
702
708
708
702
672
678
688
688
700
690
672
698
706
700
760
700
692
700
700
696
686
698
700
704
656
710
704
718
714
678
678
694
698
700
684
654
710
690
684
660
680
702
704
668
650
666
694
698
706
686
680
700
700
714
720
708
722
734
728
702
658
714
694
706
710
678
654
676
666
646
676
644
630
646
642
652
634
614
646
670
664
656
652
638
642
640
642
588
582
594
578
580
580
588
590
562
586
566
576
588
586
626
582
574
564
718
754
774
804
810
812
796
760
740
716
696
688
682
672
684
678
676
694
692
688
694
692
698
712
714
706
668
678
678
676
680
674
658
644
668
682
702
718
694
654
656
638
648
684
664
660
660
724
676
690
638
656
660
660
630
620
626
654
680
728
754
718
722
718
718
688
696
718
702
744
682
704
694
764
748
748
758
764
720
650
684
676
688
702
694
706
728
736
710
710
720
690
732
672
680
678
692
724
710
660
654
686
698
708
712
678
624
624
684
666
670
682
680
694
686
690
706
720
706
702
684
676
660
652
630
658
688
720
730
712
728
756
766
746
712
682
692
684
656
670
632
688
710
738
746
724
708
692
706
712
724
700
658
646
700
676
648
616
674
654
632
688
690
696
666
662
672
678
636
648
656
744
742
764
742
724
678
670
670
690
730
746
748
750
720
692
704
722
686
742
700
698
710
712
716
702
662
666
692
710
738
746
748
726
736
734
726
692
656
668
656
722
700
676
684
708
720
714
674
688
714
714
724
698
656
690
706
704
694
702
674
694
674
670
640
640
670
690
698
668
692
686
664
626
644
638
632
616
606
606
622
648
652
640
644
638
644
700
650
620
614
612
628
660
682
720
742
740
710
702
680
662
672
680
678
756
766
770
744
694
724
736
762
794
804
802
780
748
768
768
760
742
800
766
758
748
804
766
704
660
662
722
714
698
662
696
722
740
762
720
708
746
752
744
720
678
690
696
684
716
652
740
752
774
800
782
738
740
732
716
682
666
702
732
740
696
704
722
710
766
700
704
748
720
706
722
736
698
712
686
722
726
738
752
746
790
740
724
710
690
670
642
640
650
750
764
728
736
784
792
792
792
738
740
758
742
748
718
714
728
738
734
686
708
748
772
764
742
686
684
676
666
624
638
660
652
696
716
712
728
728
690
680
736
702
740
698
650
664
666
674
688
654
686
664
646
706
680
706
728
710
710
724
722
696
712
648
710
690
682
692
682
636
678
700
734
786
800
796
726
720
702
718
728
724
690
652
634
680
688
710
700
660
630
696
668
674
678
658
644
636
640
654
626
626
644
668
674
662
624
624
638
650
674
662
652
688
734
784
750
710
714
718
710
692
706
710
758
806
832
836
812
772
788
766
754
736
672
728
726
754
720
736
748
738
706
700
774
748
676
662
646
698
654
712
684
642
634
676
708
718
676
728
726
698
716
742
796
798
788
684
724
704
694
672
712
654
666
690
712
746
734
722
752
754
734
672
702
700
706
718
740
758
706
728
762
772
800
812
782
720
766
768
750
670
646
650
668
684
704
720
760
788
794
734
700
682
698
708
746
778
754
690
718
716
692
674
684
668
676
698
658
666
698
738
776
754
762
776
762
756
744
748
704
748
754
754
700
738
760
764
710
688
724
732
746
746
720
768
772
776
786
750
734
704
662
672
702
718
758
748
704
732
746
744
724
710
744
752
750
698
726
714
716
710
698
728
746
730
734
708
748
778
792
786
782
706
706
696
708
728
752
748
732
748
798
770
746
680
766
778
772
770
680
734
738
746
724
722
684
720
704
670
642
648
664
674
678
658
680
668
718
680
656
670
668
664
690
636
628
654
678
712
730
694
718
746
772
760
738
718
766
736
734
696
664
688
692
704
684
632
600
568
616
706
752
718
756
770
796
768
754
742
728
716
700
690
688
680
670
674
660
644
638
650
678
676
640
614
630
644
650
662
656
622
666
648
644
648
652
640
672
640
678
654
706
714
754
788
776
762
740
720
684
714
664
646
626
638
650
662
690
706
716
686
660
730
714
714
678
670
680
672
660
630
666
664
692
690
646
656
730
718
706
686
662
688
678
664
630
624
638
656
654
644
644
676
690
708
678
694
668
682
696
690
662
644
642
696
684
668
648
654
680
700
682
636
650
646
626
632
640
726
666
658
682
674
708
644
646
668
670
682
660
670
684
708
670
682
692
706
688
666
670
734
722
734
704
690
716
714
722
694
690
674
666
646
648
678
700
720
714
712
752
752
754
698
688
712
716
704
674
628
616
688
690
686
736
700
720
762
750
744
672
646
670
696
720
748
764
768
766
766
722
720
742
738
734
690
710
736
742
732
676
666
698
778
758
730
760
766
756
708
716
728
742
710
698
734
732
770
648
674
666
676
686
680
668
716
724
726
686
664
700
724
738
710
660
728
718
714
698
672
696
714
720
762
704
708
700
686
654
652
662
660
640
666
706
742
742
728
664
726
704
694
654
678
702
722
752
724
700
698
742
718
684
698
740
748
758
694
668
692
708
736
676
714
746
750
742
730
668
732
708
704
640
680
688
682
700
684
652
696
686
664
668
684
688
702
658
672
694
684
654
618
640
640
646
606
610
596
584
652
652
646
644
652
660
666
666
628
622
644
682
720
716
726
696
636
686
690
702
700
704
722
720
710
680
664
692
706
728
722
682
722
722
728
720
666
692
686
686
674
706
688
716
718
706
658
656
680
698
672
674
700
712
722
678
620
682
664
652
624
638
648
646
648
656
688
710
704
694
678
728
732
722
684
674
656
682
696
704
756
696
714
724
734
708
676
696
750
772
786
730
706
712
732
658
618
640
646
688
696
704
742
756
714
732
730
752
748
704
642
638
644
652
654
720
702
716
752
768
750
730
666
676
672
672
678
636
640
674
686
684
632
668
660
644
642
644
652
692
680
694
694
670
690
682
678
670
658
702
720
736
702
722
762
770
780
740
686
702
730
718
688
736
770
778
792
736
708
728
738
740
710
668
730
752
776
774
708
672
670
718
670
646
638
644
608
612
632
670
710
770
774
734
682
676
692
694
674
678
724
750
744
672
652
654
672
676
682
658
664
688
706
716
698
666
658
648
642
642
680
640
632
618
602
608
602
592
590
590
616
622
616
612
606
614
600
626
634
618
640
638
614
650
690
674
678
650
618
606
604
612
608
672
696
732
760
806
808
810
806
776
728
736
742
772
772
752
768
810
818
820
778
754
696
648
630
630
648
682
714
786
828
788
756
736
734
742
752
760
736
668
666
664
646
666
702
732
744
782
800
796
830
786
690
694
710
738
768
804
778
768
810
832
151
780
157
165
806
832
168
842
828
814
826
828
830
788
782
814
834
826
790
768
790
798
814
782
710
746
780
812
828
768
694
656
682
652
650
660
678
676
650
658
692
674
666
670
674
634
600
638
614
626
646
710
738
752
780
798
842
816
790
716
684
692
690
688
698
716
682
650
652
672
678
674
654
610
744
780
732
734
726
714
702
726
728
702
654
638
646
646
646
630
664
680
668
648
648
640
658
666
672
684
690
662
636
628
664
672
664
708
642
632
636
646
632
656
620
680
660
682
686
652
622
660
636
636
636
638
626
688
642
606
668
628
618
608
594
590
608
620
628
632
652
660
674
746
708
686
732
696
700
714
738
744
756
718
784
768
744
736
726
684
716
754
766
722
678
648
672
700
724
684
696
738
754
720
682
726
764
786
770
728
704
736
750
740
738
694
676
708
730
758
778
772
720
754
780
748
708
730
744
762
738
722
710
740
684
658
634
676
724
788
822
792
830
822
818
766
720
736
724
770
738
732
770
800
844
844
798
806
816
804
742
756
766
774
752
710
724
794
802
790
754
812
838
820
780
802
784
766
710
736
784
814
802
786
818
810
756
704
736
748
770
754
700
690
734
720
706
670
670
732
674
724
744
732
716
750
754
748
712
768
794
758
722
688
748
792
778
760
786
788
766
700
708
726
736
712
686
746
780
810
722
762
754
722
716
702
654
644
648
668
660
702
740
782
744
746
738
782
752
704
748
760
754
700
656
670
670
678
714
696
698
672
646
636
624
640
656
626
618
618
618
614
612
634
638
668
668
618
658
660
676
674
674
678
662
642
600
626
634
648
638
630
648
754
782
790
766
770
760
756
758
712
732
736
732
678
670
672
662
656
624
656
658
658
702
718
716
722
672
646
666
698
722
742
722
694
716
704
704
658
652
646
626
644
624
660
622
602
594
582
640
622
628
634
630
608
600
574
600
582
580
570
592
608
660
712
726
710
694
690
736
726
674
640
650
672
668
646
638
648
626
632
626
628
636
624
618
620
654
638
666
638
634
678
642
648
682
708
682
662
646
672
708
742
756
738
678
646
638
638
634
670
710
746
754
712
688
700
724
762
802
808
732
748
742
784
776
718
658
624
642
658
676
720
758
738
686
662
654
640
642
646
636
644
650
658
650
668
678
692
706
706
700
690
652
642
650
652
662
686
714
766
780
748
770
776
790
796
806
786
786
736
770
800
828
850
870
864
802
808
848
876
874
826
734
682
634
594
604
690
792
812
796
792
776
850
884
878
900
784
752
792
824
848
826
780
834
850
858
880
828
814
888
878
880
878
870
802
822
844
820
774
786
834
850
868
832
806
834
842
802
774
806
792
766
746
802
820
786
726
726
696
736
742
756
738
708
818
838
850
858
836
842
820
726
720
732
756
804
812
776
716
756
708
756
800
818
822
776
750
664
588
632
666
638
650
664
664
664
646
624
646
612
612
606
616
602
638
612
618
620
630
624
584
616
620
628
648
676
702
732
728
742
732
730
704
682
688
708
720
738
748
720
714
732
718
686
680
670
692
706
686
690
756
770
768
740
686
694
704
686
654
646
652
658
692
712
694
658
644
634
624
632
630
694
732
736
764
772
756
692
662
652
652
690
698
702
724
720
770
786
774
704
680
684
684
690
696
664
636
650
652
664
702
794
742
704
726
740
738
750
758
736
694
710
714
716
682
642
640
634
686
708
734
720
708
766
784
796
798
780
746
750
756
742
688
686
724
762
818
842
848
758
766
774
784
802
804
812
780
764
772
760
738
742
776
806
822
828
770
768
792
806
842
808
754
754
782
790
774
750
790
798
810
794
744
728
734
760
774
758
732
770
794
802
742
748
778
774
804
734
756
708
726
612
670
666
700
782
844
872
826
818
812
780
716
660
672
692
708
714
680
662
680
718
740
774
698
640
644
666
672
714
724
668
634
648
660
672
692
726
670
640
632
612
664
658
676
766
700
680
732
732
738
714
674
676
626
622
622
636
660
718
778
798
812
832
796
760
774
780
786
786
790
752
704
740
776
826
848
828
790
818
824
820
802
746
718
752
796
812
756
720
778
800
800
798
706
672
704
740
790
770
724
768
798
822
836
836
782
780
782
796
812
808
802
846
862
876
866
816
792
826
838
852
842
786
818
836
844
812
790
830
812
856
788
734
786
824
856
872
834
778
848
836
834
794
784
826
812
850
780
780
806
824
796
748
726
762
742
694
698
714
752
744
734
754
766
786
798
790
714
772
786
798
804
748
760
778
786
780
748
776
792
790
776
744
776
798
800
812
756
778
796
802
810
778
706
766
764
768
776
736
770
790
790
764
700
696
656
676
682
708
714
764
806
826
834
840
780
786
790
778
768
744
684
680
696
698
724
804
858
872
842
760
762
790
784
764
742
690
664
720
728
758
832
800
734
736
748
754
780
790
724
732
764
734
710
712
738
718
688
726
748
782
800
748
682
648
670
638
630
642
698
762
818
870
882
796
714
680
658
648
652
646
676
716
752
760
766
738
704
724
758
784
792
776
750
704
712
730
742
706
700
718
732
734
754
742
710
720
742
774
794
770
# end time: 2014-03-14-15:25:16, 1394825116.57
