# R wave intervals in milliseconds per line
# start time: 2014-04-03-10:27:13, 1396535233.09
558
624
596
620
604
634
648
648
618
652
760
726
696
702
718
708
742
708
520
734
608
654
714
750
718
720
692
732
718
778
690
748
736
738
670
680
700
714
732
708
712
628
638
692
746
746
818
780
738
668
642
706
622
656
718
754
800
788
802
718
692
734
684
700
716
670
662
648
718
736
752
692
764
778
712
752
742
740
760
674
664
700
702
702
650
632
648
626
646
644
654
702
690
728
646
648
636
638
626
644
670
688
768
742
680
674
670
694
712
710
670
678
684
686
698
664
630
698
720
726
724
720
750
766
754
704
704
738
702
670
608
704
782
836
822
714
746
784
708
646
682
708
690
620
680
744
804
818
750
684
698
668
774
674
704
742
720
756
762
804
742
700
678
708
676
746
756
696
764
782
786
718
688
720
734
704
674
714
746
784
732
768
788
796
732
732
776
822
830
788
716
764
762
712
730
774
776
750
696
750
774
784
750
716
742
732
716
742
790
826
510
608
750
690
688
700
684
652
652
682
756
836
810
738
756
804
766
684
706
736
748
706
702
776
778
722
716
700
734
742
698
672
690
730
754
716
690
776
778
738
700
728
720
770
686
720
750
746
684
706
778
770
686
720
742
748
720
752
754
682
706
726
768
714
728
790
804
726
656
716
730
674
696
746
764
718
744
770
802
740
710
776
748
744
728
746
778
762
732
748
818
768
724
746
786
696
700
626
688
720
746
654
690
716
720
666
638
676
662
716
752
776
766
702
644
652
652
644
666
696
712
662
698
716
766
754
750
690
676
606
616
670
762
828
856
816
842
834
802
768
714
642
660
700
756
782
742
774
862
744
802
828
816
774
756
782
772
706
788
802
812
700
716
706
730
798
856
728
758
784
784
760
810
722
694
778
758
732
742
696
686
662
698
742
734
720
692
746
730
816
696
730
724
776
744
706
704
764
856
866
786
902
862
806
788
748
732
690
648
622
642
618
646
736
836
856
788
754
736
694
666
682
658
720
710
732
734
782
784
842
744
750
758
792
824
790
782
752
822
818
748
672
640
680
760
792
772
742
836
630
926
750
768
690
652
720
732
758
708
656
664
694
742
782
718
676
670
712
676
622
740
768
796
788
806
750
802
672
606
634
694
772
868
892
834
738
772
774
810
822
812
748
672
672
736
758
794
790
682
710
748
750
734
664
752
764
834
750
724
758
770
674
616
688
694
744
662
674
734
780
800
706
722
772
766
716
706
716
784
724
696
742
780
738
702
706
738
702
682
684
720
744
722
690
772
784
748
684
704
720
688
640
666
648
662
722
702
706
778
770
700
650
688
716
730
682
674
708
744
712
682
694
700
720
696
660
718
716
712
694
734
772
802
764
720
700
696
722
760
778
716
742
810
798
730
686
774
768
750
702
690
740
780
742
678
702
726
726
690
642
688
744
750
704
682
752
730
804
698
656
724
606
834
682
650
658
640
700
740
696
692
660
686
676
634
638
622
684
740
760
736
720
706
700
676
646
634
652
662
704
690
722
696
670
722
648
664
706
692
720
638
634
692
684
694
652
660
680
680
704
704
766
744
736
720
692
680
628
612
600
684
800
848
812
778
834
838
794
734
830
778
770
686
716
730
662
708
806
764
700
738
754
754
656
664
720
760
720
758
786
754
718
678
726
702
666
692
752
804
836
778
840
782
802
560
600
632
670
740
812
816
814
866
832
806
794
746
680
700
632
666
708
776
682
762
670
726
708
672
746
800
800
744
714
680
658
682
622
616
628
662
746
766
770
680
882
730
744
696
658
720
772
714
730
790
846
844
742
732
750
720
654
688
752
730
760
670
632
690
678
666
650
632
654
640
686
648
672
712
732
726
682
760
750
760
744
708
676
748
694
674
666
698
788
748
728
724
504
658
716
710
652
644
640
678
710
704
662
650
680
640
696
688
738
762
714
652
660
656
720
706
684
692
760
832
770
720
782
780
756
676
672
698
692
670
640
732
740
690
812
856
874
804
738
744
760
722
668
646
648
650
740
762
818
806
620
782
784
748
706
632
672
674
666
680
684
658
686
682
746
688
580
682
602
580
724
626
628
670
616
636
680
716
700
712
728
680
602
666
686
724
778
808
836
834
784
808
824
818
782
700
694
714
626
634
682
716
708
702
650
694
640
748
690
694
726
736
744
680
722
750
804
740
676
660
738
756
786
816
772
740
762
728
680
690
638
672
682
660
740
786
842
764
692
786
792
792
714
700
772
790
776
748
724
812
816
768
720
702
724
732
712
696
738
808
834
772
768
742
708
850
646
654
720
712
648
702
742
818
776
716
740
770
732
692
728
772
798
748
714
756
760
774
672
750
714
748
776
714
676
658
682
726
692
656
648
756
800
866
850
766
700
754
546
630
674
852
890
850
520
598
792
610
892
680
736
700
652
678
638
640
630
640
582
502
840
862
852
832
504
796
832
810
836
808
888
846
858
824
798
772
704
710
780
790
806
764
654
862
814
834
720
506
656
726
734
708
732
766
770
738
696
740
774
722
692
736
738
712
694
722
750
716
712
796
724
712
766
728
636
674
700
698
684
702
698
766
704
694
672
680
716
752
718
680
644
676
638
686
616
646
666
716
604
696
618
608
764
720
788
824
756
780
738
780
606
746
702
676
686
684
680
732
606
504
894
860
844
806
804
722
# end time: 2014-04-03-10:41:20, 1396536080.94
