# R wave intervals in milliseconds per line
# start time: 2014-06-18-10:43:43, 1403102623.58
766
704
716
664
698
726
710
672
674
700
722
698
614
670
688
694
684
698
702
682
634
666
1218
730
758
718
708
732
672
650
666
628
610
590
586
604
600
640
662
728
752
742
746
728
756
724
732
702
704
710
722
724
744
736
734
730
688
678
670
710
720
700
740
682
666
646
666
658
686
728
746
704
752
736
700
674
670
634
646
690
696
718
752
818
814
822
772
760
732
720
694
724
744
720
714
734
766
698
654
690
744
780
784
770
846
784
754
720
664
712
716
668
768
804
834
796
746
754
780
744
714
712
750
770
732
702
796
802
802
764
704
726
778
732
706
750
786
774
808
818
830
756
730
738
666
766
728
708
752
700
692
686
668
620
648
618
642
672
698
716
680
660
744
716
684
696
654
684
716
666
758
760
768
698
766
764
722
700
726
752
734
736
700
684
714
650
648
738
716
680
702
716
720
708
704
686
716
714
666
702
716
718
692
706
728
700
738
782
788
676
692
700
702
710
744
688
698
732
768
724
682
760
756
712
744
752
770
734
702
730
782
766
704
714
730
736
734
682
746
762
822
804
818
816
684
894
704
712
714
770
686
688
730
752
700
716
732
732
692
660
696
738
718
660
666
694
722
730
676
734
758
780
782
722
672
702
716
660
718
712
656
682
684
716
788
744
760
808
734
710
722
752
750
696
736
764
766
724
706
680
704
738
672
692
784
784
700
736
742
742
728
734
698
724
730
806
742
798
816
800
730
742
764
786
756
776
810
810
756
770
792
790
718
650
750
740
758
690
710
766
806
778
752
776
772
764
692
686
706
718
730
682
690
766
758
690
680
698
722
700
726
748
756
832
738
818
812
818
786
726
722
748
750
756
744
770
762
768
682
716
716
664
684
700
770
764
700
752
786
834
754
754
768
766
688
716
734
780
772
734
798
846
788
780
816
766
782
812
840
766
806
840
848
760
762
764
766
700
714
774
768
744
758
506
604
768
718
706
674
700
654
636
612
634
616
548
696
558
644
698
654
766
646
616
674
630
718
662
684
724
740
736
704
734
794
792
728
570
596
604
752
760
686
684
714
676
728
734
778
766
774
794
806
774
740
732
732
682
664
670
714
770
734
754
776
818
718
882
796
744
676
694
708
734
700
732
768
782
718
730
740
678
776
724
750
750
700
724
776
750
680
650
674
646
584
650
650
716
680
666
632
638
666
638
644
636
612
632
638
688
664
696
664
652
688
700
748
696
722
734
790
736
640
776
722
676
700
652
658
650
628
638
644
710
680
666
696
718
750
702
730
758
740
706
700
712
752
716
734
766
820
746
818
816
750
586
848
756
714
686
714
768
766
732
706
724
770
748
730
752
766
778
726
712
750
772
714
672
654
642
644
654
696
704
700
752
568
556
678
614
602
648
702
578
622
650
618
670
674
662
690
672
716
652
684
704
688
646
676
700
676
670
678
700
702
646
614
620
614
618
718
718
704
690
690
690
668
682
734
758
790
732
700
684
698
720
690
670
656
718
752
736
678
712
706
680
700
702
716
748
686
660
758
754
744
702
588
746
748
718
850
698
700
728
656
634
666
696
688
652
694
720
736
698
732
774
780
720
718
748
764
718
688
734
780
786
830
682
752
748
800
802
786
810
848
766
640
714
716
704
778
774
714
768
778
772
708
774
760
758
702
680
670
678
718
686
748
734
702
676
682
708
650
662
774
746
788
780
674
776
746
780
764
694
700
672
702
732
780
750
752
776
736
718
748
754
776
690
694
720
860
606
764
758
874
734
686
710
858
594
638
778
666
700
670
668
848
564
770
698
668
656
710
682
618
626
656
668
716
698
718
744
750
704
722
780
780
726
718
716
712
728
676
796
798
816
740
830
828
840
804
738
734
744
710
666
688
728
566
700
660
664
738
748
708
666
678
678
736
714
690
778
770
696
716
800
784
766
784
716
734
748
764
700
670
718
712
748
536
846
738
706
772
752
784
600
800
700
724
728
708
680
726
700
680
746
524
790
748
758
728
710
740
640
598
658
652
674
766
746
804
830
852
600
624
666
756
744
752
800
792
748
788
836
898
848
756
758
766
740
764
780
836
894
854
784
754
710
656
614
650
928
652
678
698
648
596
634
602
610
602
606
612
622
616
582
634
638
634
660
654
676
642
668
714
610
614
622
654
670
696
682
700
720
780
756
752
696
764
732
732
740
750
726
730
700
716
658
618
658
664
736
750
700
814
840
842
804
834
818
818
764
728
712
740
732
682
742
764
796
716
682
702
574
732
678
696
646
894
712
742
696
804
812
744
690
710
748
608
702
660
736
752
728
718
640
822
646
650
652
602
586
638
654
650
742
748
820
714
516
658
520
630
642
694
682
700
766
774
712
720
698
686
646
716
680
620
650
632
660
658
664
636
620
660
654
664
710
720
700
706
662
672
674
674
684
722
694
792
768
720
700
692
708
716
726
684
728
738
748
752
554
582
682
616
726
722
952
576
684
718
686
736
730
702
650
692
708
706
646
648
650
652
664
650
658
686
726
756
776
678
690
720
640
660
700
746
750
704
786
790
738
732
724
700
728
682
730
766
698
738
722
700
756
706
690
732
738
664
710
706
702
646
672
702
694
588
672
652
754
728
666
626
680
858
634
584
620
632
604
594
684
730
730
742
764
766
734
692
694
710
696
696
676
652
686
674
672
700
604
520
720
686
692
682
634
656
662
634
602
648
616
636
656
630
666
654
614
612
602
630
616
622
636
618
656
744
798
814
918
802
750
674
726
726
720
750
684
668
726
742
758
724
764
722
678
640
662
644
680
674
662
674
620
660
658
616
808
868
780
842
792
738
740
660
628
672
664
700
736
738
786
734
770
700
686
710
720
736
768
800
832
792
756
656
716
696
718
704
686
724
694
692
736
794
764
720
732
720
668
680
670
716
764
780
756
510
570
648
588
656
610
656
666
710
660
780
722
726
750
684
688
590
700
724
698
662
722
696
724
704
758
686
736
770
790
738
766
782
800
796
702
718
770
796
792
744
786
780
786
730
734
748
796
756
566
516
814
744
720
682
688
734
746
714
668
750
744
704
670
718
750
734
682
728
738
700
634
644
652
656
676
638
716
664
726
708
686
734
662
716
738
746
712
688
712
706
702
696
670
742
706
684
766
746
668
714
708
710
738
682
664
684
684
668
732
748
756
748
748
756
730
696
674
742
732
512
574
652
714
716
906
698
622
706
652
682
640
662
634
770
796
780
752
970
758
706
716
732
636
896
718
736
778
752
734
750
718
686
712
748
702
684
700
714
688
714
550
750
618
702
732
726
660
720
712
726
692
708
726
752
702
724
742
758
600
840
716
744
690
676
700
734
724
728
782
738
716
722
698
666
856
614
588
612
588
604
602
620
576
718
510
672
620
634
660
752
672
714
704
758
744
926
634
714
568
618
512
516
618
546
806
514
594
506
754
682
718
732
696
652
666
626
578
628
600
594
612
642
652
652
670
660
690
678
652
818
748
730
660
640
678
598
608
674
692
778
696
736
692
672
638
598
644
758
770
790
720
756
720
714
692
674
720
666
712
698
676
670
644
678
666
706
698
720
696
766
724
690
686
670
718
712
770
512
620
518
804
744
670
640
626
640
650
644
604
708
684
688
766
728
672
696
686
684
658
576
644
664
674
648
704
692
674
674
714
694
678
696
742
802
832
854
566
722
634
652
622
714
632
626
692
668
688
672
720
710
766
692
670
652
658
672
700
698
682
708
568
532
720
686
716
714
678
646
632
634
628
640
630
678
718
696
690
728
734
720
710
716
694
786
794
816
798
778
712
700
646
654
714
752
780
750
678
692
632
682
700
678
962
848
768
682
700
678
752
700
668
650
604
664
650
650
722
748
774
774
738
730
682
654
680
696
718
756
762
822
806
774
702
718
732
678
636
704
716
678
700
750
738
734
704
740
756
802
612
704
682
714
718
520
586
654
740
728
562
812
738
766
708
726
748
668
768
780
794
804
744
678
718
682
664
654
712
722
730
762
748
782
732
720
754
746
750
772
712
694
768
760
674
702
700
754
636
650
714
732
762
774
794
718
668
674
636
664
670
770
666
510
804
518
838
848
840
712
720
754
724
676
724
752
816
766
854
880
814
850
822
734
734
714
774
826
732
686
714
700
648
648
656
694
614
582
598
624
628
648
676
644
630
620
648
648
676
718
750
798
742
758
786
770
742
670
748
582
782
782
700
732
680
704
700
748
788
682
598
838
584
606
662
582
614
562
588
600
648
786
888
750
1094
896
854
798
702
648
636
622
710
686
714
818
950
966
638
700
868
764
748
700
688
686
650
666
714
722
824
824
580
836
782
852
834
824
808
834
818
790
792
770
684
646
750
600
570
612
640
660
680
720
742
724
740
744
732
718
704
648
706
666
660
622
786
602
642
674
648
816
800
880
792
728
726
728
680
688
718
760
706
686
730
720
710
706
708
606
714
520
784
728
684
702
694
724
744
790
696
748
678
742
798
748
736
750
816
750
684
716
672
714
764
734
720
730
702
750
782
804
712
700
710
742
716
682
686
734
766
718
648
648
654
696
700
716
786
734
752
764
754
682
634
650
662
682
734
756
746
784
836
526
576
762
802
778
748
692
740
796
790
708
710
536
718
700
716
738
776
740
686
816
736
712
748
808
788
708
714
748
750
722
716
760
752
752
670
696
752
732
700
720
530
572
764
696
738
614
730
638
738
762
718
736
716
722
728
748
688
860
602
694
700
702
608
510
734
752
734
748
798
750
754
792
738
738
714
652
664
698
752
798
784
818
780
768
754
812
836
816
798
834
768
702
714
668
648
646
654
666
654
714
750
702
762
790
780
752
666
718
698
682
750
748
752
686
630
666
700
716
716
686
714
772
812
752
694
720
752
732
684
684
652
694
720
732
718
736
764
734
710
722
782
688
702
662
666
714
818
734
704
728
762
736
768
512
614
756
716
694
638
668
690
692
624
624
706
632
614
752
660
704
652
632
746
622
596
636
608
614
646
616
628
714
686
676
740
730
734
648
640
668
658
586
680
790
602
764
820
816
798
684
916
680
654
632
632
672
682
680
680
620
718
748
736
696
782
704
734
700
730
700
736
750
798
750
720
784
732
678
638
648
616
696
660
676
670
788
754
686
704
664
680
748
740
660
790
800
812
548
580
672
738
750
664
688
646
668
664
720
730
736
682
692
694
644
684
672
678
716
792
746
710
752
748
738
748
760
756
716
762
786
738
690
636
690
700
746
694
674
738
668
652
636
638
700
750
720
698
682
708
710
714
682
634
628
584
618
580
604
668
730
770
714
750
736
762
746
658
762
732
698
636
754
766
834
862
882
856
846
832
814
774
746
766
858
842
716
868
716
714
732
784
754
764
834
898
900
878
750
808
764
678
786
772
808
734
726
790
666
908
754
786
750
686
696
654
666
648
700
766
848
804
778
788
750
834
746
718
670
628
724
678
662
652
684
680
664
724
694
768
804
766
756
758
796
812
774
750
744
720
738
770
780
778
734
686
804
740
756
722
674
674
704
720
706
710
702
762
516
588
738
774
766
890
698
714
772
730
686
694
816
800
788
832
878
886
884
766
800
748
716
702
796
784
668
982
848
756
582
720
648
684
668
680
620
646
700
796
760
926
920
846
822
852
866
794
754
798
834
882
800
730
700
690
714
748
748
720
848
864
806
680
668
682
670
662
616
686
664
700
734
756
728
702
714
722
728
702
702
700
732
730
636
682
648
684
756
812
782
750
668
720
728
734
700
716
730
722
764
768
696
670
682
652
614
666
604
666
678
740
764
816
712
734
788
748
702
732
780
754
766
712
704
750
752
704
710
790
778
734
690
708
766
724
662
702
712
754
814
754
698
766
736
780
720
718
760
770
768
744
720
754
698
700
646
662
706
702
# end time: 2014-06-18-11:14:48, 1403104488.47
