# R wave intervals in milliseconds per line
# start time: 2014-03-20-21:13:32, 1395364412.24
# Very stressed watching scary show, little sleep
626
634
674
680
704
788
776
752
734
732
716
634
644
624
600
620
630
604
634
684
748
754
718
704
720
726
680
624
638
644
690
744
754
726
742
744
716
674
648
686
654
608
578
590
618
504
762
600
642
660
616
606
604
618
608
606
596
574
596
590
610
608
634
632
664
654
694
722
730
766
658
680
660
722
720
694
648
638
684
702
712
762
716
774
738
686
706
692
708
736
760
742
746
734
766
770
776
736
688
714
736
730
750
708
746
782
796
792
764
750
802
746
712
716
706
676
624
624
686
682
658
624
620
640
682
726
734
692
654
726
740
696
714
690
724
734
750
724
666
640
602
690
712
734
790
770
772
790
712
662
626
634
712
750
782
796
774
728
672
666
740
724
760
702
628
590
570
586
620
714
740
734
726
718
710
692
692
668
666
678
688
718
728
672
632
618
622
608
624
610
654
672
656
712
674
666
646
612
560
622
612
620
680
702
722
804
760
768
748
728
766
730
704
702
690
662
648
704
688
732
674
698
722
736
716
692
706
702
692
638
670
716
718
644
668
680
692
692
630
660
634
712
654
654
692
706
696
674
678
660
616
628
590
654
642
628
610
632
652
656
628
672
662
672
626
624
602
658
622
582
616
614
638
646
628
624
650
692
690
664
664
656
650
638
598
648
638
630
690
676
694
688
654
600
642
638
660
676
650
724
742
758
702
692
716
702
698
700
678
774
760
748
698
706
676
680
658
610
610
620
604
576
586
632
700
754
766
754
734
712
698
658
668
630
668
690
692
628
710
708
780
752
730
744
730
698
702
710
718
684
632
632
656
666
638
662
668
674
606
656
652
644
706
664
654
694
716
728
698
700
740
736
732
704
652
642
654
670
672
660
642
736
748
718
714
712
752
752
726
650
624
646
678
714
714
662
622
690
686
678
640
612
618
638
646
648
626
628
704
660
616
552
540
548
600
598
606
614
634
686
642
580
618
626
600
570
558
590
574
622
534
556
522
550
616
608
632
646
656
696
658
634
600
572
606
576
592
604
600
600
610
634
624
644
624
690
678
666
670
628
644
654
652
652
630
636
666
634
600
560
598
618
630
688
636
610
616
626
644
640
662
662
684
692
688
660
658
668
758
730
796
760
776
790
774
770
756
748
716
674
682
684
744
672
668
694
678
612
618
618
642
674
684
650
682
734
730
716
686
712
708
694
714
692
698
736
698
652
660
672
664
652
610
636
630
680
734
762
732
754
716
756
722
704
710
696
702
736
762
784
792
796
780
780
774
748
684
708
696
714
748
722
678
754
758
734
714
748
746
746
688
688
664
694
710
738
764
750
754
804
764
788
716
730
770
700
690
630
640
584
564
598
676
732
782
772
772
768
774
708
700
656
662
682
704
786
764
784
768
804
778
768
740
766
730
746
736
764
734
738
752
782
698
734
716
752
700
666
732
722
722
714
726
744
776
796
786
788
774
770
734
726
716
772
720
700
730
718
652
670
646
722
690
636
660
696
708
700
648
666
720
690
678
682
660
674
612
568
618
606
596
598
556
570
598
596
592
620
632
638
618
618
600
642
612
598
604
610
610
620
650
706
652
676
708
706
658
604
612
594
602
614
580
628
610
626
636
616
624
628
644
646
636
598
612
630
648
680
650
678
744
710
648
700
680
688
638
622
636
652
688
680
716
734
718
682
684
666
684
692
624
648
642
678
666
682
652
706
718
762
702
692
690
656
692
636
612
666
680
706
712
748
768
772
748
682
734
684
668
684
636
664
740
728
768
672
688
680
596
634
602
596
616
654
630
592
576
600
614
640
670
742
724
732
680
630
610
634
624
690
698
716
738
754
746
744
740
730
786
760
750
726
724
734
732
732
730
746
766
762
754
752
752
734
714
664
670
666
682
722
672
674
740
742
738
716
674
664
700
672
670
696
672
718
760
778
770
772
794
762
702
694
658
680
718
754
736
778
756
714
654
620
644
664
686
648
662
656
634
714
692
648
666
702
708
744
670
720
722
740
704
686
724
718
730
724
700
674
702
730
760
768
736
684
750
734
726
742
766
762
762
782
758
756
650
562
540
596
622
600
572
576
590
662
678
732
720
684
666
686
646
636
592
630
648
696
728
780
722
784
754
742
782
750
736
734
694
648
634
666
688
726
768
786
800
788
772
756
714
740
702
692
682
670
696
690
778
766
818
782
732
762
738
702
728
680
658
724
724
744
720
712
730
744
754
758
698
676
742
674
632
668
712
722
744
780
750
750
808
768
750
804
794
814
826
800
816
786
668
918
732
692
660
734
722
694
682
722
712
658
614
624
678
666
646
654
614
700
714
738
712
718
708
686
730
688
640
660
650
658
638
672
734
758
730
734
762
716
698
676
676
712
690
648
666
694
714
742
732
736
740
768
714
662
730
732
732
724
698
730
722
782
752
732
790
764
750
696
672
680
732
688
728
772
756
744
700
758
770
758
758
744
780
732
728
672
716
730
752
740
720
738
738
700
746
686
682
736
712
698
706
666
666
618
624
666
714
746
746
710
730
698
706
630
606
638
642
716
718
736
750
808
760
724
738
744
734
776
712
724
688
742
672
644
660
704
712
698
628
674
700
732
794
726
666
694
682
664
674
628
596
604
610
672
724
732
788
696
702
696
742
722
706
688
686
698
768
776
748
734
700
688
710
716
756
698
730
754
714
750
736
732
786
762
716
728
708
734
634
660
614
652
690
726
714
710
734
788
738
740
720
714
670
712
698
752
720
678
686
736
748
734
786
802
804
758
786
764
752
738
724
736
738
704
724
700
706
704
670
622
612
620
568
578
620
712
716
714
754
772
778
754
728
720
768
718
728
684
704
714
796
790
768
816
784
718
724
690
752
744
706
660
636
604
658
670
686
660
618
562
596
536
554
656
676
700
698
674
690
624
610
642
548
600
692
732
774
794
782
786
794
768
766
732
732
674
686
712
764
770
784
770
762
668
696
670
678
738
734
716
700
698
722
728
714
704
702
666
652
708
668
706
664
668
686
760
764
722
658
624
670
670
756
740
676
734
748
738
702
682
688
730
680
652
680
674
662
668
602
646
618
704
700
668
688
644
634
644
696
692
746
722
666
690
654
656
660
654
632
706
712
700
702
712
756
694
682
668
722
656
692
688
698
684
666
666
702
740
720
712
658
646
616
674
670
656
604
626
656
584
598
554
566
602
584
582
620
602
612
634
662
632
572
590
572
570
586
614
644
640
698
748
750
748
742
532
866
658
642
654
644
622
624
618
654
676
708
712
704
698
690
690
656
644
662
698
716
708
702
720
684
708
654
654
710
776
776
726
754
756
736
748
696
704
696
650
652
652
634
626
688
740
774
738
636
654
578
632
602
592
608
608
724
712
704
752
738
696
680
654
648
640
642
626
676
716
780
772
632
894
772
756
810
760
654
692
606
556
612
614
682
754
744
824
832
830
786
752
704
734
644
616
618
666
708
774
644
728
720
786
810
800
726
668
662
682
744
778
796
754
764
730
714
714
670
650
666
678
724
684
714
650
628
634
648
684
758
754
820
780
770
766
730
688
690
720
730
746
734
718
764
732
708
662
656
630
668
622
610
610
604
610
678
734
824
798
776
800
726
722
706
680
642
692
710
746
754
756
778
768
734
738
660
616
624
628
620
722
778
818
816
800
796
758
802
734
676
640
684
664
638
630
636
696
804
750
810
780
788
830
784
700
760
732
730
688
680
706
732
692
648
666
774
804
790
758
788
706
620
660
626
630
612
600
654
658
678
700
690
718
556
596
760
700
680
620
632
626
626
636
890
710
726
738
732
724
686
724
684
654
678
652
662
658
656
748
748
810
766
734
722
748
736
734
752
648
582
584
674
576
570
656
616
612
628
666
762
746
706
708
622
596
640
612
670
690
696
624
684
664
618
644
628
604
668
644
596
650
642
642
726
742
680
672
650
648
668
716
740
752
778
702
732
690
658
646
674
604
644
622
684
702
674
696
740
750
678
610
666
684
696
688
770
714
704
702
692
676
662
646
658
690
714
746
688
690
680
692
742
638
692
694
662
722
648
666
706
728
692
708
694
656
634
648
666
676
634
664
592
618
628
680
744
682
728
704
668
702
650
642
634
628
634
658
636
650
654
636
690
580
536
586
546
596
554
550
600
592
566
664
660
634
636
616
616
624
678
582
548
566
544
586
608
632
602
602
584
624
622
640
650
700
666
576
652
616
584
610
596
626
614
630
704
694
708
736
738
676
694
650
716
636
614
642
600
652
690
696
684
744
726
758
682
668
658
676
626
610
618
664
698
728
736
748
746
714
678
586
632
612
598
628
624
700
734
786
770
788
760
686
718
702
692
620
652
642
644
708
668
692
648
620
650
622
682
624
662
600
594
580
604
614
652
634
600
600
618
614
656
650
662
666
682
690
566
630
656
680
648
654
700
632
668
634
660
578
834
748
766
686
686
714
730
724
642
592
646
654
668
634
826
542
586
642
616
654
700
702
758
680
626
616
610
648
694
722
732
672
682
666
734
690
668
642
622
610
610
662
764
792
784
756
634
792
690
626
626
600
632
702
730
762
740
738
762
762
786
752
700
722
698
706
716
714
692
760
772
772
772
808
792
800
790
760
690
806
692
604
624
600
578
634
622
640
656
768
790
750
764
542
654
574
688
734
702
700
666
630
648
660
648
658
700
696
670
668
734
714
700
670
728
720
732
518
640
678
718
732
722
720
676
694
662
718
672
726
690
672
678
672
666
640
662
630
646
658
722
770
710
666
700
688
704
724
714
700
714
722
702
778
734
734
738
740
720
704
716
768
722
758
746
734
706
702
748
728
700
640
644
704
636
704
712
708
690
686
688
680
664
658
684
664
620
666
728
706
664
638
590
590
622
692
706
668
632
706
712
714
694
692
750
636
692
690
718
710
748
708
682
658
594
658
600
620
608
604
676
678
654
714
550
584
568
604
676
586
634
646
654
728
572
614
666
668
738
650
672
636
666
702
726
736
720
702
684
616
634
620
620
680
636
680
606
616
634
666
690
700
674
696
656
618
610
668
700
694
712
666
684
766
762
764
708
700
740
730
716
702
664
722
714
732
732
726
688
750
718
684
732
694
676
680
638
668
646
636
652
612
572
690
646
676
740
710
634
698
670
654
720
654
642
656
674
672
662
724
706
708
690
666
598
644
636
656
730
704
708
734
716
752
600
818
700
648
666
654
644
670
684
716
632
718
710
740
720
674
670
652
692
646
660
642
666
640
702
710
584
552
608
590
608
624
628
606
620
628
658
702
756
736
708
666
610
610
664
670
682
664
684
632
668
684
700
784
782
760
722
684
698
670
672
662
616
596
630
596
610
634
632
636
750
714
720
782
752
814
744
756
760
762
700
724
678
654
710
660
626
640
668
722
772
776
800
810
792
810
762
640
834
716
714
704
728
772
696
678
624
654
700
700
720
678
664
672
712
772
728
676
676
736
676
694
700
658
648
674
682
718
732
800
750
664
586
586
628
652
668
700
750
740
732
788
760
736
736
734
660
650
676
648
684
652
684
718
566
572
558
534
546
594
596
636
716
688
676
700
652
588
590
506
592
558
550
528
566
506
548
520
684
600
510
512
510
504
996
560
556
524
554
554
586
550
618
606
626
644
652
614
892
584
552
556
574
542
518
512
752
548
520
564
648
654
624
670
656
686
734
724
756
656
668
600
596
596
600
600
610
576
600
590
614
632
598
688
692
690
694
654
704
694
692
690
674
674
676
716
702
674
750
720
750
688
716
680
662
642
668
624
642
694
564
542
612
662
724
758
752
830
790
814
780
720
720
698
734
738
780
776
778
760
708
646
658
596
600
666
600
636
564
592
598
598
590
616
634
638
702
668
624
574
640
638
622
694
706
656
662
600
580
602
604
624
624
634
614
622
592
604
624
574
554
604
576
604
662
702
704
708
722
720
692
664
706
684
678
666
700
678
640
616
538
600
600
648
684
534
632
662
686
634
632
612
570
552
654
576
572
690
720
754
746
766
716
706
624
536
574
752
566
592
688
780
778
876
840
850
850
856
852
862
828
852
794
800
770
796
802
802
792
840
832
818
784
760
720
728
772
756
776
702
754
728
724
726
696
692
712
634
832
700
716
742
758
748
682
634
656
626
628
658
714
740
814
786
734
720
666
664
614
856
640
662
752
742
718
690
700
646
612
632
572
# end time: 2014-03-20-21:44:46, 1395366286.19
