674
646
654
686
732
762
776
742
782
762
748
748
720
708
754
768
776
768
702
730
736
756
722
736
750
750
690
698
810
846
858
820
818
806
772
698
700
714
736
742
734
760
770
748
734
746
744
708
726
722
748
758
734
734
758
768
746
720
770
756
764
730
732
740
750
740
698
716
756
794
804
770
776
750
700
640
630
630
644
674
652
680
728
754
742
658
642
664
678
704
724
702
718
740
734
694
640
606
600
608
614
650
658
654
672
736
794
808
838
806
810
794
768
732
738
690
696
710
730
738
718
718
734
744
814
746
678
714
716
728
756
744
740
742
754
744
710
664
664
672
678
694
688
690
728
740
748
712
752
734
740
736
710
676
694
708
730
734
676
668
720
714
674
674
662
728
720
694
688
706
710
710
698
680
690
696
664
600
664
678
736
800
768
766
764
752
726
682
672
666
676
648
686
678
692
694
660
648
666
648
616
602
602
606
638
654
660
658
668
646
702
708
690
714
692
702
706
692
656
626
644
650
658
662
668
708
746
772
768
790
794
754
668
714
696
712
722
680
660
690
722
776
790
766
764
756
732
678
740
724
714
672
684
710
722
718
688
704
724
742
722
680
682
692
710
706
700
730
736
696
740
726
742
752
722
712
720
730
722
686
694
710
712
712
696
702
724
730
720
692
700
714
708
698
706
712
718
686
656
686
722
744
726
678
678
686
700
692
698
730
756
752
704
716
714
702
682
686
696
690
674
686
698
682
702
688
710
696
654
642
662
680
696
680
700
730
720
738
688
710
714
722
668
672
678
670
654
676
716
744
756
718
726
720
690
664
672
692
696
676
680
714
732
736
708
712
720
722
700
670
692
708
712
690
702
712
690
658
650
686
706
708
680
674
666
626
592
606
644
664
660
652
658
684
700
702
666
640
678
642
636
598
568
588
588
660
706
762
758
742
758
766
770
728
724
714
714
710
690
710
724
736
710
696
726
750
724
692
694
692
678
684
710
722
746
728
724
732
728
710
650
640
656
670
702
738
704
672
690
706
728
746
716
700
710
716
702
638
630
640
662
704
740
766
782
774
758
764
772
762
738
724
732
742
726
710
720
716
772
722
700
700
684
636
632
628
654
700
682
660
680
690
692
654
614
684
678
700
706
674
672
686
692
676
644
660
696
742
790
810
768
764
734
704
650
638
656
730
744
754
720
726
738
756
752
744
724
734
732
730
730
706
716
720
720
712
684
706
710
720
712
672
728
718
704
690
722
660
648
662
696
734
760
770
760
722
706
680
684
682
678
684
740
716
668
678
696
694
666
646
660
678
704
724
758
786
800
730
712
702
720
706
724
734
710
718
724
706
736
676
654
690
728
774
796
746
772
770
750
728
714
708
682
674
696
726
754
740
742
762
716
682
688
704
712
660
680
650
652
686
654
674
720
666
638
636
646
648
672
680
660
670
688
712
712
764
706
686
730
732
746
722
728
738
770
782
748
730
752
752
726
680
692
720
750
770
782
748
728
720
766
736
678
710
710
730
748
738
784
798
816
768
774
796
802
740
722
750
768
794
780
804
822
826
760
748
746
738
694
676
732
756
776
754
754
770
754
750
738
738
750
752
708
694
706
716
724
704
708
740
762
748
720
748
752
734
706
726
744
750
724
726
720
704
656
636
656
684
712
694
662
678
666
650
636
664
708
764
796
784
766
766
750
732
694
706
730
754
762
748
778
816
808
796
826
836
824
758
792
772
718
692
724
770
812
796
760
764
770
764
720
732
750
760
738
748
728
790
696
684
696
688
732
700
746
746
752
712
688
740
714
716
658
686
710
748
774
740
726
756
774
752
760
736
748
764
760
748
758
776
766
690
694
720
748
734
746
784
802
784
768
734
764
712
698
690
684
666
692
728
718
710
730
752
746
704
666
698
712
728
706
674
732
744
778
748
746
762
764
730
738
730
744
744
784
740
754
748
744
702
708
730
752
746
792
792
796
762
724
768
744
726
676
728
742
768
746
718
742
760
762
764
768
784
768
750
772
782
784
732
732
742
736
682
654
684
732
786
796
794
798
784
734
698
704
710
740
726
712
756
678
692
670
704
730
750
710
732
746
742
706
698
682
730
702
686
696
740
762
782
764
764
762
736
732
706
718
728
706
720
764
782
794
744
750
762
758
716
692
710
706
702
668
674
740
732
718
738
760
764
740
746
742
704
678
694
718
730
710
660
714
740
784
808
766
766
776
758
698
716
692
692
684
674
718
758
784
752
750
754
758
748
762
774
766
748
718
714
730
744
708
706
732
756
738
758
786
794
776
712
714
718
732
698
704
736
744
732
696
720
740
744
704
702
722
712
688
660
678
706
748
742
742
762
766
712
672
712
704
708
690
688
700
704
678
672
726
738
738
700
748
728
726
710
710
722
726
706
674
686
708
712
720
712
740
726
712
658
682
646
638
670
712
742
792
788
790
736
734
746
746
708
684
702
714
726
678
670
712
742
754
714
728
754
756
698
666
670
648
630
598
630
644
694
708
674
720
712
672
652
666
686
706
704
686
696
714
704
668
666
684
672
716
676
688
718
744
758
714
720
740
726
708
702
710
700
666
636
626
636
680
698
686
700
708
694
658
666
692
734
758
722
728
740
762
752
700
660
686
706
742
832
792
708
736
742
826
846
818
814
824
806
804
766
744
760
748
700
688
742
782
800
752
738
740
734
692
714
680
724
724
730
712
744
770
754
788
720
718
708
678
698
650
712
722
754
742
690
696
700
698
690
722
730
736
788
732
678
678
700
730
758
772
774
796
796
776
734
736
740
720
692
692
706
700
698
706
726
760
780
768
762
724
728
686
718
666
662
700
740
766
790
752
742
748
720
696
688
698
710
718
684
750
758
768
764
778
748
742
732
730
700
700
724
738
736
738
746
792
764
744
742
772
704
630
600
608
600
684
618
652
654
658
646
648
618
600
568
556
696
516
546
588
618
650
668
692
660
620
602
600
616
634
676
682
780
770
814
812
812
804
762
688
630
618
618
628
642
654
656
682
718
748
778
796
744
722
710
680
642
648
684
716
744
764
720
752
734
732
732
702
672
698
728
754
748
736
756
772
738
666
692
704
784
716
706
730
680
660
676
662
638
678
706
728
740
698
706
722
740
750
730
730
724
740
814
744
728
754
764
762
714
708
780
770
794
762
744
700
712
708
696
664
686
704
696
654
630
686
686
688
642
614
654
636
648
670
710
726
724
704
624
650
636
626
634
656
690
738
790
756
708
768
754
766
706
664
690
696
698
724
668
648
694
720
724
744
682
714
770
696
720
742
766
782
718
720
732
720
696
658
690
746
790
776
730
778
768
716
670
678
740
752
688
674
668
734
694
636
622
678
674
654
636
650
672
696
692
670
706
706
706
684
646
700
698
708
664
656
692
702
736
722
708
698
648
642
656
656
712
768
824
746
730
724
786
766
728
704
716
716
690
670
680
756
770
702
642
682
722
762
806
772
764
784
768
714
718
694
752
752
762
730
706
736
748
752
734
674
706
738
760
750
682
708
722
776
716
648
648
678
688
722
736
730
674
638
626
650
680
722
722
724
688
710
712
746
676
684
716
728
746
722
720
750
748
730
722
676
702
702
694
696
730
776
810
778
730
752
758
754
710
700
732
738
740
684
734
768
792
742
722
748
764
738
738
686
718
730
736
704
704
730
742
746
702
690
712
704
700
654
642
712
710
706
662
672
690
706
718
688
700
720
722
706
638
676
690
702
718
696
658
700
732
742
712
632
680
694
714
712
722
756
782
758
678
724
710
692
718
674
688
650
644
678
720
678
730
746
742
686
630
698
708
744
744
750
696
714
700
708
622
608
670
692
762
764
718
748
760
770
546
850
726
728
732
746
702
644
674
682
700
750
738
744
766
770
712
626
608
638
648
698
780
826
856
870
868
856
700
910
752
710
670
668
678
696
710
746
698
740
794
802
770
746
766
738
672
670
732
706
690
734
758
764
734
764
782
772
750
690
710
732
766
758
760
786
796
780
712
706
722
730
716
710
758
798
810
800
722
710
728
746
750
724
738
742
740
724
778
804
814
748
742
752
756
702
690
758
762
716
686
706
758
728
680
722
756
772
750
680
692
702
682
624
610
638
656
664
694
648
658
684
690
678
698
716
720
726
642
642
622
610
652
678
692
734
666
706
740
746
750
668
686
678
664
642
644
700
660
624
652
640
622
648
662
690
710
660
682
692
694
646
620
580
650
638
666
714
662
722
736
714
686
764
768
732
744
666
690
722
710
692
744
774
760
792
864
856
802
740
722
706
688
668
696
586
620
636
672
728
750
740
640
664
652
694
692
664
654
732
800
832
804
780
812
806
748
716
716
724
736
736
758
764
710
692
712
656
704
748
782
766
706
654
670
710
784
802
780
814
796
790
784
738
692
716
682
682
652
624
642
706
722
768
726
708
742
732
782
732
718
668
658
654
680
618
654
716
810
862
818
794
846
808
760
684
636
652
648
662
752
760
716
698
710
752
746
718
680
700
720
738
752
698
698
746
776
802
758
732
746
694
642
652
698
772
852
832
786
826
818
800
734
728
754
766
768
752
692
708
764
782
802
766
728
738
810
730
708
730
760
794
756
652
720
744
752
768
748
654
738
704
706
670
598
652
664
656
712
682
746
776
792
768
660
624
620
608
654
826
830
798
772
770
730
686
696
682
690
696
748
732
710
646
664
650
660
666
690
702
760
786
794
840
802
768
708
686
724
694
702
700
672
666
706
700
716
678
694
660
710
672
608
642
632
604
664
666
652
666
692
714
718
718
632
636
656
668
680
676
654
700
716
704
634
676
704
736
766
740
738
748
734
704
628
676
680
696
676
638
652
682
700
676
624
614
612
610
628
624
612
666
674
686
696
632
652
622
650
604
628
654
700
710
676
658
682
688
700
684
694
700
672
682
700
710
732
710
676
698
704
696
690
666
620
634
670
700
738
708
724
734
722
658
624
672
694
702
764
730
756
778
764
718
690
708
706
696
678
676
698
716
718
730
700
748
732
684
640
700
714
722
678
694
702
708
700
658
690
690
694
670
682
708
706
708
660
652
656
714
712
710
674
720
706
682
626
630
606
616
654
712
742
712
732
748
764
766
702
664
700
666
660
630
642
680
718
754
696
660
706
696
644
668
682
716
754
762
706
716
716
718
684
652
712
708
684
688
644
680
768
812
830
802
772
756
746
724
680
706
700
718
708
680
682
714
760
764
700
720
742
802
706
722
740
670
696
672
694
684
664
696
722
744
722
684
694
662
768
714
750
764
740
716
728
670
690
684
744
746
726
634
664
648
598
634
636
670
712
774
796
750
762
758
730
746
704
716
680
644
552
590
570
558
612
612
634
616
640
648
662
658
644
650
648
630
638
664
678
720
700
708
710
682
708
726
680
654
634
658
686
708
734
788
726
770
746
704
716
624
696
584
584
608
632
608
640
614
710
804
840
836
848
810
812
786
774
726
692
720
738
730
730
736
696
650
684
710
702
694
752
778
726
736
758
766
716
712
742
780
762
722
726
790
754
726
756
780
754
692
700
728
744
792
758
828
852
824
744
772
764
734
732
792
852
808
826
852
852
798
806
812
760
710
740
770
762
746
808
822
782
764
782
788
716
702
748
762
726
700
714
756
728
720
752
758
698
700
722
746
718
732
768
794
772
766
762
732
676
730
792
836
794
794
786
750
750
788
810
798
768
794
842
796
768
768
752
704
740
788
796
772
788
810
776
728
784
754
700
750
772
764
720
734
754
736
704
756
798
758
710
754
786
774
726
762
798
774
752
786
806
780
752
772
798
790
776
808
810
774
774
812
748
714
712
692
668
640
692
754
788
764
782
790
746
736
728
746
744
698
770
764
740
742
718
760
798
802
810
842
860
812
802
806
768
718
716
746
750
798
744
776
780
742
722
736
752
716
736
776
782
740
724
764
778
750
708
708
746
752
716
718
736
748
742
692
734
760
758
696
702
726
752
778
738
718
722
720
692
680
700
736
758
758
788
774
730
730
742
716
684
698
724
688
746
762
752
716
724
724
722
690
690
730
746
746
720
726
750
728
700
718
744
752
726
706
792
782
768
688
678
670
618
648
638
652
646
674
710
704
656
626
636
622
634
626
616
636
622
610
612
624
652
672
686
674
686
702
700
652
626
676
646
662
708
760
802
766
742
798
760
728
658
774
696
670
698
694
702
698
748
766
716
702
738
762
752
730
764
804
820
768
734
732
728
692
652
652
704
800
854
860
816
792
806
818
782
718
736
764
816
802
762
792
784
714
688
720
708
712
648
700
742
750
722
716
696
714
712
692
680
744
680
712
728
698
684
686
756
716
744
728
740
796
720
652
692
654
696
742
778
764
850
814
740
694
658
706
712
752
782
802
774
760
684
652
664
684
656
656
700
758
774
712
736
732
716
660
634
634
660
698
736
808
798
814
800
758
734
708
772
786
766
770
774
856
784
798
784
798
706
680
706
734
816
800
860
848
848
788
786
810
790
774
712
718
768
754
732
666
752
764
772
742
738
830
806
734
744
748
756
684
698
682
712
704
754
770
878
742
746
810
788
730
728
812
776
734
738
770
800
790
820
852
788
748
778
786
736
714
694
694
594
862
814
786
808
794
806
716
694
706
716
736
716
768
818
810
804
856
756
714
744
760
726
698
730
808
792
754
736
766
772
800
818
800
802
814
750
730
738
774
764
758
730
734
698
666
684
722
760
748
758
796
792
730
690
714
728
722
696
718
740
808
756
726
758
768
710
664
676
688
674
712
678
654
664
700
700
694
732
760
784
732
706
704
764
722
738
716
732
786
744
728
748
834
824
784
764
814
778
732
774
808
774
762
692
732
728
746
656
644
638
658
692
684
646
712
698
750
686
696
706
774
708
748
760
732
690
710
738
738
690
696
724
698
642
610
596
596
574
570
588
650
740
754
732
714
694
700
640
672
662
658
682
718
720
674
658
682
616
654
636
618
640
666
658
656
700
730
718
740
730
736
738
736
686
690
708
720
710
732
758
774
752
686
726
676
690
632
650
680
732
730
694
676
750
774
746
760
686
700
710
696
654
614
618
650
676
652
726
762
770
736
746
720
690
702
712
762
696
680
702
682
668
690
724
754
726
688
740
722
694
678
696
724
700
694
738
746
710
696
736
758
708
732
700
758
732
678
694
734
742
698
690
712
686
708
682
724
716
674
690
718
712
684
678
704
700
728
676
680
736
672
642
678
676
718
662
666
712
704
654
686
692
702
688
648
630
676
638
632
630
618
640
682
682
658
694
732
746
700
640
618
698
696
712
684
730
762
770
734
732
758
758
738
690
688
712
798
770
728
748
754
738
682
742
742
774
788
742
704
726
734
712
694
716
752
720
714
704
736
748
696
644
670
688
700
706
686
754
740
668
694
662
730
728
732
744
752
730
672
662
678
700
678
712
708
720
716
728
716
764
782
790
736
692
702
704
694
720
762
780
768
734
762
718
718
660
724
676
744
762
796
766
702
748
740
710
668
688
710
736
690
732
752
736
686
706
704
768
744
712
752
758
760
718
712
700
704
688
690
748
776
780
716
686
704
712
682
642
658
700
740
760
772
792
798
790
748
766
762
740
698
658
668
710
758
748
692
696
690
650
634
646
698
752
796
774
734
754
748
782
716
680
700
742
782
782
776
802
812
780
720
714
698
634
626
654
670
674
700
746
716
694
716
716
710
662
672
678
658
682
642
656
682
662
620
668
696
780
816
860
824
790
754
758
752
742
702
774
812
816
806
744
738
732
730
686
678
718
754
760
712
702
732
752
762
756
732
726
730
736
710
746
782
816
798
774
810
818
786
712
706
746
818
868
812
788
798
762
696
676
660
652
696
768
764
776
798
786
766
742
758
762
728
716
756
786
776
772
796
798
772
748
770
762
726
704
726
742
730
726
778
792
768
724
750
774
740
702
722
746
756
716
736
758
750
716
750
764
758
720
746
738
794
746
728
752
762
730
718
738
756
710
706
744
768
760
746
786
784
738
680
690
706
746
736
710
746
782
780
820
844
828
780
726
720
712
702
684
696
756
792
750
796
776
794
752
724
722
752
716
738
786
800
784
766
788
778
724
648
658
660
660
638
608
658
652
620
672
704
708
744
750
794
722
690
700
688
654
628
636
644
656
674
712
748
776
758
692
674
686
710
752
772
754
740
758
752
706
678
676
694
696
666
640
650
648
654
642
626
650
682
726
744
696
708
752
794
802
746
738
734
810
746
782
862
890
854
788
784
866
756
702
712
768
786
768
842
880
956
916
854
876
844
860
822
810
828
834
812
786
844
860
854
800
800
828
844
890
830
898
892
886
824
776
810
838
874
830
876
896
932
866
838
862
874
838
804
818
816
752
722
778
798
774
810
854
814
714
680
702
746
774
734
684
688
730
792
830
702
694
694
676
626
598
610
644
648
694
666
700
816
844
828
764
792
770
810
778
718
676
684
684
730
716
716
802
844
848
806
782
782
768
742
704
732
768
794
780
774
790
770
726
716
754
784
794
798
820
822
772
774
768
760
772
704
736
762
734
736
732
764
740
678
666
708
748
778
736
702
740
762
776
760
726
754
796
800
754
748
764
758
708
656
666
720
764
782
764
796
816
804
760
724
768
810
846
836
812
826
814
788
734
746
800
812
792
726
716
714
716
686
736
710
708
774
758
706
736
742
716
644
636
650
688
728
710
696
744
792
770
714
698
788
806
804
762
752
794
798
792
762
750
778
766
706
676
646
694
692
676
638
640
650
664
702
706
680
726
742
778
812
760
746
740
698
688
708
732
722
746
684
686
698
686
636
614
652
734
616
630
646
652
650
654
650
612
588
560
594
562
544
568
608
638
764
772
752
772
776
816
734
752
640
628
602
634
626
638
644
646
678
736
794
818
782
790
762
718
660
606
634
588
614
646
658
678
662
740
768
770
714
668
732
696
708
752
712
686
750
748
716
732
694
690
648
624
676
670
692
716
756
770
778
768
750
762
758
724
708
710
712
694
678
642
686
722
750
680
688
706
696
646
666
694
726
714
710
764
750
702
698
702
676
650
670
688
710
678
716
758
800
786
780
808
814
754
696
680
664
714
660
652
654
672
708
664
720
746
740
786
822
786
748
710
724
636
608
614
596
634
620
634
686
694
798
826
864
872
808
870
808
792
784
772
734
666
660
662
678
728
780
802
810
802
752
726
680
706
662
692
762
818
812
832
820
814
744
660
616
618
622
638
698
736
792
884
872
832
830
806
826
788
800
820
832
784
770
754
764
762
790
806
782
658
644
632
636
648
724
774
800
786
732
740
736
696
672
690
706
724
722
684
686
698
698
702
670
680
722
706
690
654
644
648
692
762
822
858
834
822
810
780
738
680
678
692
696
694
732
756
736
774
766
786
742
808
758
756
696
770
782
774
758
770
766
750
698
746
746
806
820
790
774
786
764
784
702
734
738
792
704
654
662
712
768
758
742
748
740
738
662
636
674
692
682
676
694
732
760
724
722
690
718
672
676
634
586
646
648
678
714
698
664
692
710
712
660
620
624
646
680
688
726
776
772
746
744
756
700
634
616
618
628
634
632
620
612
632
648
720
720
708
706
706
722
738
750
734
690
700
678
676
756
752
786
802
800
802
788
696
616
576
618
596
620
692
760
812
816
854
862
860
834
832
798
744
670
668
672
682
684
676
750
732
770
808
790
744
732
726
726
674
640
658
638
624
628
642
660
722
778
838
856
838
848
772
738
746
698
752
746
754
744
728
656
666
700
718
752
762
716
722
764
756
756
748
700
742
756
790
754
720
736
736
792
702
748
738
754
754
698
714
734
772
786
804
756
768
760
720
722
754
772
812
820
762
746
732
688
678
626
698
730
812
810
762
834
834
802
806
752
726
706
640
624
652
672
680
652
632
636
638
668
714
768
798
720
648
654
634
632
646
614
582
594
624
620
696
704
766
796
806
812
812
832
826
798
812
750
758
806
804
796
770
768
774
780
776
746
738
732
722
718
664
638
718
746
766
750
738
752
768
752
704
722
738
724
704
658
680
688
648
624
632
632
626
648
684
726
744
744
730
752
752
696
652
652
680
690
718
670
656
666
680
684
630
606
624
650
716
792
832
864
864
872
856
804
776
804
752
826
776
750
800
790
842
774
780
788
778
806
726
736
788
824
822
796
824
816
804
768
746
730
810
774
818
810
814
808
734
740
748
724
656
696
720
778
836
804
790
822
824
790
808
728
734
720
678
666
644
714
728
754
738
796
770
676
652
596
632
600
642
722
708
770
784
812
806
782
716
690
702
656
680
664
666
690
656
670
650
676
696
732
722
708
734
720
706
672
618
612
606
604
604
602
624
624
612
622
620
622
680
682
682
686
710
632
614
624
592
638
600
586
614
618
612
584
758
802
822
800
848
876
852
930
900
866
900
862
850
840
862
832
666
1018
852
832
826
834
526
808
756
764
728
672
704
734
750
728
736
796
826
840
798
776
712
744
744
754
764
750
756
772
776
818
788
776
752
706
702
660
652
638
622
644
640
682
690
706
646
680
656
710
696
714
662
622
658
640
710
648
626
634
654
746
804
818
774
736
770
748
700
654
654
668
660
662
662
614
632
648
704
768
816
806
818
820
788
746
734
716
758
768
754
798
786
734
708
726
696
716
670
714
770
798
814
772
752
758
746
724
704
722
742
752
716
724
754
746
730
798
796
816
788
782
692
692
660
666
686
706
694
718
726
708
726
678
666
682
708
724
678
690
724
742
752
748
718
730
736
706
690
724
762
770
806
766
810
810
768
682
710
704
722
728
696
702
754
742
778
778
846
814
744
730
746
744
728
736
696
678
738
720
736
792
830
850
828
850
834
828
800
822
762
774
786
804
778
764
804
782
846
784
856
822
854
762
796
764
766
718
716
748
780
752
756
786
788
806
756
762
774
742
750
674
744
742
736
702
754
776
772
718
710
732
748
694
702
708
722
744
698
744
760
770
782
728
722
702
666
682
650
718
732
714
668
720
728
730
840
808
828
812
794
774
720
718
694
700
674
682
722
726
734
686
670
650
652
696
674
688
704
772
748
704
656
666
690
724
726
708
760
800
842
856
854
842
520
636
856
798
798
776
800
824
816
800
720
748
754
756
762
820
852
864
822
822
816
794
808
760
802
774
678
748
734
734
746
680
714
796
782
794
820
766
804
766
796
768
756
706
636
644
660
650
766
712
756
772
766
714
736
732
722
670
646
694
692
638
756
758
776
756
748
646
666
650
708
652
664
708
744
764
718
754
786
820
820
786
754
762
764
748
794
706
688
718
730
708
682
744
784
814
796
776
784
790
748
710
764
760
772
754
778
756
772
724
668
702
744
804
798
760
776
776
720
686
712
732
700
724
712
734
732
704
716
748
768
728
712
732
724
766
684
660
660
728
714
686
680
690
658
606
620
594
606
644
690
754
774
734
702
706
700
698
640
670
674
630
668
686
724
714
750
806
828
828
802
786
768
736
700
656
642
712
726
748
772
750
764
762
738
724
722
742
730
708
718
748
754
702
744
758
742
770
766
816
804
830
738
706
740
716
706
696
714
806
794
742
744
744
776
692
704
738
756
704
714
768
786
766
666
628
652
630
638
682
816
836
842
810
834
804
816
786
782
756
750
684
648
662
684
698
738
674
712
672
660
674
708
714
672
682
700
714
734
716
660
702
710
746
778
794
732
712
738
770
746
712
712
736
754
746
714
722
748
756
746
714
726
752
764
740
704
732
746
752
712
700
726
798
790
762
748
756
756
722
684
710
730
766
734
706
724
782
754
724
722
730
732
672
706
728
736
764
704
742
692
718
730
648
662
650
718
772
820
782
684
620
664
632
640
670
678
646
636
658
682
716
728
722
656
642
680
682
686
740
692
724
706
744
796
818
876
852
826
824
772
786
752
742
712
732
746
748
738
710
790
806
818
800
744
732
726
660
612
662
678
718
742
772
812
812
814
762
712
750
740
698
638
672
752
784
812
772
790
790
788
764
736
750
738
688
704
648
638
648
710
840
796
774
802
778
792
704
704
722
746
746
670
602
668
698
682
718
776
796
786
732
742
752
776
756
700
714
716
742
686
662
696
692
650
686
686
696
722
666
630
628
688
698
692
668
686
656
706
720
730
738
758
792
776
692
748
724
768
770
754
736
798
782
752
774
774
784
760
686
648
658
676
706
824
810
802
852
808
834
764
794
782
732
708
776
776
752
716
788
808
786
742
760
760
734
676
678
762
752
690
686
744
784
748
716
702
748
674
640
690
708
728
710
634
642
630
606
672
676
668
622
642
654
638
622
644
652
606
624
604
674
672
678
666
664
698
678
670
658
628
608
588
566
610
618
658
710
670
624
676
700
784
838
850
842
860
760
702
670
652
602
632
612
626
634
680
742
702
734
820
872
858
776
788
760
722
678
650
698
736
790
816
778
776
798
792
744
734
732
788
818
810
794
818
824
788
752
800
774
726
724
748
760
792
718
728
754
760
714
694
684
734
736
754
782
720
760
778
798
754
766
732
708
726
634
618
638
644
720
788
820
760
728
688
730
742
758
766
728
734
734
706
718
698
718
680
666
738
768
838
828
842
874
886
838
828
772
786
722
688
726
766
814
784
788
794
778
768
770
764
820
802
728
722
724
748
718
724
772
824
814
794
854
834
732
698
612
606
642
922
900
864
836
834
840
788
776
740
768
728
670
714
670
700
670
620
682
684
692
692
704
764
762
762
546
632
640
652
646
640
644
628
620
684
714
750
734
764
748
758
774
736
690
674
660
684
688
668
666
692
654
676
604
596
600
592
594
620
632
662
674
708
694
692
712
670
666
686
686
664
632
636
656
666
714
730
688
696
678
670
668
668
752
754
748
672
620
594
586
624
600
606
618
664
744
700
646
632
644
638
704
682
720
696
632
672
688
720
744
734
744
838
830
838
848
790
806
754
822
762
720
774
794
758
752
810
792
754
744
744
802
806
760
738
798
800
820
608
628
670
738
726
672
670
682
698
716
752
718
672
652
672
694
720
684
720
712
674
724
696
658
648
668
680
714
770
764
740
768
774
756
796
732
730
736
712
764
672
696
696
738
682
658
694
696
780
752
730
746
802
776
704
750
738
716
656
638
708
710
698
660
644
648
668
684
720
668
690
742
674
642
684
702
696
682
684
726
734
706
756
784
772
728
712
762
748
736
680
688
706
730
714
728
784
790
792
764
746
760
684
702
688
666
714
730
650
670
646
590
588
626
602
578
560
604
582
602
580
558
570
640
592
618
630
620
640
658
670
690
710
706
704
694
656
634
596
598
596
600
616
668
680
760
840
806
698
784
756
744
728
724
770
740
754
688
700
694
700
644
658
700
748
742
740
760
792
804
750
716
760
740
786
744
756
804
820
828
770
756
770
772
782
760
752
782
822
824
752
752
798
774
806
760
762
774
764
704
760
776
798
768
762
796
796
762
794
774
756
710
682
742
770
798
792
774
804
792
748
678
658
668
718
636
606
658
644
702
702
676
684
798
816
810
798
792
724
714
708
706
696
664
684
624
646
684
736
798
834
766
828
830
830
860
754
648
694
656
652
714
696
746
818
862
860
800
840
802
782
714
702
692
696
680
730
838
838
784
760
754
762
718
684
716
744
748
774
750
780
792
768
762
748
758
758
708
722
696
630
680
700
726
746
678
680
706
710
676
690
710
712
668
662
714
744
754
764
696
726
688
686
674
684
648
664
724
748
756
714
692
682
674
610
634
606
584
608
590
784
834
812
800
788
762
732
690
672
670
620
636
634
668
756
800
826
812
784
822
734
706
688
736
702
750
752
734
670
656
692
724
764
812
882
824
820
816
790
820
716
698
726
686
688
754
780
802
752
722
692
732
686
654
692
772
814
814
750
768
766
742
680
662
708
694
678
676
668
690
738
722
662
678
642
718
702
662
702
720
746
768
744
752
720
734
744
724
668
714
702
716
680
666
710
730
730
680
668
690
708
700
702
708
726
708
680
650
730
724
718
692
700
718
706
778
768
714
702
718
708
706
648
712
704
722
728
724
678
732
706
662
650
680
690
638
614
622
614
660
720
776
806
744
774
742
726
694
660
636
638
716
692
722
694
734
764
778
720
746
762
768
736
712
724
700
756
706
722
726
786
732
728
756
764
648
836
750
782
794
752
704
720
730
646
696
646
646
736
774
766
700
736
730
732
710
728
732
734
586
876
672
702
752
748
776
744
758
766
762
680
682
686
768
702
678
728
750
762
762
722
726
756
698
700
714
720
680
718
726
728
728
660
656
680
702
732
732
688
706
698
664
664
732
704
704
720
738
712
706
654
656
722
686
666
706
756
768
710
690
676
734
720
690
638
656
642
712
672
672
694
706
688
698
648
680
694
716
734
710
696
708
788
720
648
626
648
744
768
800
790
732
730
706
748
708
670
672
726
754
746
728
796
772
750
720
762
790
810
764
746
766
756
722
648
658
642
644
728
752
738
674
686
696
690
750
688
710
682
708
720
718
686
688
674
654
618
646
646
664
686
696
692
642
624
638
626
666
614
644
600
656
642
622
680
660
676
650
670
682
708
726
762
748
774
772
768
746
714
686
740
728
708
726
722
738
710
658
704
712
702
746
686
666
734
712
690
680
686
742
700
674
680
698
698
658
714
706
724
696
714
688
734
682
686
666
656
688
608
600
614
620
640
696
756
796
782
734
776
746
694
638
626
646
678
682
656
624
666
738
814
822
814
874
818
854
776
744
790
760
696
668
704
724
762
782
758
764
764
780
720
744
756
740
686
680
722
728
800
728
756
758
742
776
726
748
778
782
742
710
770
782
708
664
696
714
734
686
658
636
676
694
720
700
648
718
712
726
742
744
718
656
698
676
676
688
678
678
670
736
728
732
720
746
770
748
728
708
762
734
688
732
724
648
822
706
728
724
796
738
752
776
798
790
738
758
750
726
688
720
746
772
748
688
742
736
730
724
676
704
714
716
682
702
710
728
696
708
664
660
648
644
676
608
682
664
680
678
712
736
700
640
624
646
638
624
640
636
630
700
688
722
672
738
724
722
720
680
694
630
670
616
618
624
690
664
644
656
696
696
772
744
666
632
654
714
712
734
716
722
726
768
780
798
784
744
740
730
696
674
678
668
728
742
720
736
748
716
776
778
762
802
714
744
760
740
788
748
706
738
760
794
772
760
760
758
796
760
716
716
742
764
710
676
650
688
676
666
700
748
800
806
834
772
732
706
738
714
672
630
716
720
760
726
788
794
790
730
738
716
736
740
694
678
734
726
714
672
754
752
784
766
740
750
742
706
674
692
752
766
772
740
802
784
750
740
732
732
734
698
678
678
700
672
692
634
654
660
726
798
824
832
836
804
766
708
742
674
602
628
628
678
700
690
710
762
710
690
730
784
808
812
750
746
712
768
742
726
656
624
682
720
792
802
844
748
756
790
822
816
768
772
784
770
690
696
716
766
808
826
796
808
788
770
656
690
672
668
718
708
778
834
836
864
798
798
778
782
774
738
744
746
730
766
684
740
746
766
822
780
800
766
702
644
676
708
744
760
728
774
780
768
666
666
678
672
678
654
658
662
734
798
842
834
798
734
782
786
764
732
680
722
760
762
732
698
728
766
794
780
742
800
782
724
670
682
650
736
664
688
720
758
778
766
706
700
702
586
762
592
782
750
616
744
794
776
752
804
782
712
746
708
686
614
690
700
760
792
770
752
762
744
684
704
706
746
760
770
730
736
756
788
804
770
798
800
770
750
662
704
664
610
660
692
718
802
770
712
768
736
686
596
618
588
646
652
714
850
868
864
836
876
810
798
712
726
736
716
670
670
668
654
644
738
742
726
758
750
812
796
770
752
720
644
602
636
820
834
812
830
802
588
644
726
724
716
696
630
596
644
630
644
676
710
754
768
752
800
764
724
808
716
674
708
682
618
612
584
608
640
736
782
782
752
730
718
754
786
812
804
814
768
710
686
606
624
580
624
636
744
788
786
796
812
808
730
756
706
728
754
794
762
730
766
768
772
784
824
810
736
700
666
636
696
700
712
710
660
656
622
620
606
634
624
604
620
622
630
666
658
640
648
660
678
690
680
686
710
742
748
728
736
784
758
696
694
708
706
680
736
786
796
760
802
816
766
780
778
724
646
656
702
748
736
738
788
806
802
778
780
784
772
754
804
810
754
728
682
710
724
776
732
726
698
674
666
656
678
668
680
736
778
812
804
790
776
822
786
744
750
784
746
726
726
800
748
718
760
734
694
698
722
746
722
734
756
778
714
720
722
676
666
678
700
738
760
794
800
784
788
796
764
740
744
748
740
716
746
764
762
746
784
726
676
642
712
702
698
754
788
784
744
756
780
750
754
768
770
730
790
788
776
730
742
756
780
738
752
772
780
746
756
768
742
700
720
738
788
746
764
786
710
724
718
698
710
716
734
750
850
852
824
760
708
704
686
676
728
670
682
690
690
686
704
688
720
756
806
752
782
784
804
696
700
670
656
674
684
714
720
750
764
740
724
768
710
694
708
696
646
682
698
690
700
764
770
768
816
834
778
762
746
754
730
756
820
776
796
792
826
826
778
788
794
788
762
784
746
764
750
770
788
756
748
800
746
756
722
792
768
734
760
760
774
734
724
720
712
642
648
628
636
624
614
626
678
708
766
714
704
752
750
764
744
694
662
690
690
726
750
790
762
778
802
820
780
736
798
750
752
678
670
732
742
806
828
804
816
796
778
738
756
772
788
784
782
806
784
802
762
806
788
736
732
758
776
786
756
762
736
748
662
672
694
752
794
760
758
788
782
786
724
750
792
816
780
760
810
776
802
748
778
774
782
714
710
762
772
698
676
686
728
746
748
792
810
814
762
736
742
744
760
720
760
778
798
756
790
816
806
810
778
794
790
778
766
796
826
778
782
780
780
814
760
784
792
776
740
760
806
800
772
818
814
768
722
788
786
822
714
712
758
796
798
776
822
770
784
738
788
746
754
708
734
742
740
750
796
822
790
752
766
766
734
772
736
762
774
744
770
798
804
758
790
764
722
662
714
740
800
766
786
830
826
860
800
794
756
710
644
662
720
794
822
802
806
808
810
780
766
784
786
796
770
742
768
794
780
774
808
832
790
772
756
818
762
704
722
736
730
708
696
750
784
776
712
746
728
762
712
696
730
766
752
708
664
652
670
714
736
742
802
800
826
778
782
772
794
720
704
772
830
824
754
718
766
826
830
790
792
834
846
848
792
792
832
800
758
768
822
838
836
828
808
804
752
766
784
832
836
796
754
826
828
812
762
766
812
772
724
750
798
800
762
770
808
824
766
796
764
798
726
718
742
768
754
742
786
800
778
750
776
834
774
734
776
788
790
770
792
822
782
796
794
820
788
744
770
782
742
720
782
814
802
786
802
770
708
704
718
762
672
742
834
788
828
828
720
728
728
674
614
622
628
638
674
676
764
824
838
818
862
818
760
764
768
816
764
712
752
810
838
818
804
838
904
834
758
708
740
694
656
650
658
664
670
708
738
712
740
810
806
828
812
834
826
764
740
788
810
752
740
746
850
796
818
840
844
806
770
800
806
782
764
812
840
800
736
706
714
712
778
730
770
804
808
766
762
780
784
746
722
760
798
812
766
792
790
844
772
744
774
824
760
700
768
794
804
768
756
762
730
684
694
746
802
806
764
780
820
782
704
668
664
658
702
776
794
746
784
798
798
780
738
766
790
780
756
754
820
794
760
768
800
830
818
798
812
788
796
734
768
800
788
798
774
778
828
764
736
752
830
780
740
770
820
834
810
766
824
774
738
776
814
818
772
748
774
790
790
786
846
864
816
754
762
766
732
682
736
774
770
710
770
794
744
786
776
778
728
688
732
768
756
742
772
792
742
712
734
716
740
728
782
790
770
772
800
790
722
718
708
792
662
686
730
752
742
788
788
768
722
752
760
728
692
728
740
690
682
710
664
676
650
742
768
736
674
708
806
798
762
704
726
718
728
720
686
768
762
760
710
686
726
794
816
820
848
836
854
780
778
784
814
816
766
720
780
798
770
718
730
834
850
840
860
836
852
800
784
824
748
718
804
818
788
816
812
850
782
772
846
814
756
780
820
826
798
788
826
808
754
762
762
814
718
728
778
818
784
812
816
822
814
772
782
782
736
704
700
676
638
698
772
860
828
708
828
814
768
750
704
680
706
662
680
728
748
760
710
744
744
766
720
638
638
644
630
642
712
770
766
760
770
744
664
686
698
678
720
688
668
670
672
632
644
652
676
708
644
672
688
712
686
640
634
630
636
636
674
660
600
648
640
608
630
594
600
610
606
600
604
606
634
624
632
624
624
648
662
618
594
616
646
