642
668
710
734
768
502
624
766
636
536
736
674
688
680
698
714
718
748
780
782
738
710
716
718
720
698
706
728
768
734
784
740
536
874
728
728
754
596
610
650
646
678
680
668
710
656
598
678
692
714
760
734
724
742
670
644
644
586
570
570
640
604
616
646
682
768
790
668
672
680
698
716
720
700
642
630
674
704
742
722
648
600
574
702
746
786
764
812
776
762
688
660
682
700
746
802
782
708
712
698
660
638
656
628
670
680
664
630
624
622
636
646
668
682
650
670
676
734
790
770
744
718
686
658
666
656
658
658
678
704
738
768
778
786
716
668
666
684
698
714
734
678
674
704
738
746
732
690
720
754
778
774
710
688
712
724
736
696
662
714
736
784
728
668
682
644
636
632
666
696
656
634
650
724
744
770
704
666
682
710
746
796
752
724
768
750
762
724
724
682
774
710
698
698
780
824
866
840
810
726
758
760
754
798
688
694
686
728
776
826
806
734
694
722
736
756
778
732
670
702
698
776
742
728
660
676
676
698
658
658
702
744
758
708
696
724
718
712
670
654
678
696
712
682
690
742
754
742
672
676
700
736
780
694
712
678
744
776
814
802
772
810
832
826
806
728
704
706
702
704
664
670
696
760
820
822
764
734
736
742
682
636
614
626
640
696
750
780
778
762
800
770
784
700
672
732
714
794
768
756
792
814
802
718
666
678
696
720
766
750
818
826
834
834
776
734
738
720
774
722
704
762
778
748
692
720
758
786
756
698
698
768
744
686
694
706
744
768
742
684
714
734
726
700
658
656
662
724
692
674
720
734
790
768
718
710
774
756
752
714
750
782
788
774
724
754
730
762
694
684
718
748
736
722
730
670
664
654
648
672
718
786
762
728
738
628
644
632
650
686
730
738
750
702
734
748
756
690
624
624
620
612
636
636
612
662
692
720
740
718
748
740
690
642
662
694
728
736
704
656
702
714
718
740
706
668
698
754
890
842
810
768
778
766
778
730
694
700
730
734
726
718
742
760
772
748
696
654
650
688
730
720
734
758
778
762
680
672
686
668
656
646
684
744
816
836
756
730
708
690
640
650
626
648
672
708
714
726
764
786
772
702
658
644
656
682
700
710
714
664
670
680
698
710
726
718
686
698
734
736
746
684
674
692
698
704
688
668
694
718
696
674
646
656
658
702
730
742
740
686
664
678
692
702
686
668
700
754
796
828
768
680
686
702
726
760
718
670
702
752
790
828
792
720
732
744
756
722
720
714
738
734
710
666
660
710
760
806
786
690
704
726
712
658
672
736
738
766
750
742
758
780
764
730
686
690
696
694
698
700
736
746
742
724
716
714
674
654
688
706
718
682
656
654
688
730
718
736
736
714
670
650
652
662
684
678
678
720
772
772
708
658
690
702
712
676
676
700
712
712
692
678
718
728
726
696
690
706
698
664
656
688
700
692
666
676
702
748
704
682
700
730
730
684
652
674
694
694
680
690
732
740
718
674
644
680
690
678
662
668
726
750
740
710
716
730
700
658
654
678
694
672
654
694
720
726
686
662
686
718
692
634
624
634
632
636
626
646
684
678
646
698
668
646
662
698
692
648
622
638
646
660
668
652
644
694
728
778
800
740
690
714
708
710
688
674
718
736
750
700
678
706
716
714
680
654
694
724
740
708
664
694
694
708
670
650
686
708
696
670
664
678
664
630
610
628
654
698
768
778
758
742
702
656
654
678
698
714
722
704
746
784
802
782
716
686
696
686
648
648
684
722
764
748
734
714
714
698
644
634
626
652
664
656
648
680
690
638
630
624
650
658
650
640
656
666
684
694
674
650
676
706
722
712
666
682
694
676
658
654
684
702
702
680
696
730
728
690
658
680
704
722
680
646
634
640
628
642
626
658
686
688
674
628
656
680
692
702
660
648
666
700
724
738
722
676
694
708
712
700
676
662
684
706
666
658
650
680
710
710
676
660
690
708
722
712
654
674
674
682
650
636
662
688
708
698
668
678
688
674
642
660
674
682
668
668
688
698
690
656
650
674
668
632
604
616
602
588
576
602
726
804
810
808
796
774
752
726
706
676
672
678
674
664
680
700
702
712
724
728
710
648
610
602
602
612
624
660
688
668
656
672
694
692
692
684
692
700
718
730
736
690
660
662
652
650
664
680
660
684
716
724
706
700
702
674
656
658
676
680
670
646
630
622
628
612
592
604
608
610
610
610
606
608
652
666
646
630
642
652
650
642
624
630
642
650
672
686
666
640
660
666
680
672
648
644
658
666
676
666
638
638
650
670
678
664
630
628
632
640
656
664
672
646
654
666
674
690
688
672
684
704
704
704
694
652
608
668
646
654
628
664
576
638
614
588
602
588
568
580
588
590
592
594
580
560
560
570
582
600
640
702
756
726
718
746
740
716
706
650
634
660
664
690
688
676
714
752
782
750
732
756
766
740
676
644
694
722
728
688
646
674
742
782
752
676
710
728
724
674
642
666
690
722
720
692
744
762
770
724
676
698
692
648
634
656
680
750
706
678
722
734
728
684
704
708
658
622
634
628
618
644
652
642
668
708
714
720
656
622
630
638
648
664
652
656
688
712
736
716
694
728
732
746
696
678
720
742
724
678
684
716
732
708
668
684
724
736
720
674
692
714
712
686
640
632
662
662
634
622
654
716
712
712
754
780
696
664
648
630
598
576
592
614
646
678
686
648
644
686
692
704
668
642
672
690
682
648
678
694
702
688
636
648
658
676
672
652
656
698
736
748
698
662
680
694
696
680
674
716
746
766
726
714
710
688
652
656
680
664
648
668
700
736
726
750
764
768
730
670
674
680
672
658
668
700
734
758
730
684
700
702
714
686
674
698
686
650
604
614
642
684
750
740
712
746
742
722
680
688
712
714
692
662
684
714
734
702
692
726
752
774
748
690
698
714
690
668
630
660
702
720
692
690
752
774
728
688
704
730
746
706
672
716
744
732
680
672
688
682
642
664
718
772
764
700
702
722
740
722
646
650
668
676
716
644
686
642
658
696
688
738
762
764
716
672
706
706
686
636
612
602
632
664
588
628
622
648
656
666
636
608
624
630
634
620
602
652
648
688
702
710
668
640
648
670
698
704
734
756
754
750
684
632
652
676
692
744
814
840
816
722
698
702
718
696
672
688
752
790
786
728
694
716
706
668
660
686
710
728
742
748
708
706
716
704
692
656
674
722
716
706
762
774
754
684
638
636
672
674
680
700
644
646
674
728
776
798
750
714
700
714
718
706
664
664
690
700
760
806
796
792
798
746
698
718
720
694
668
674
704
738
784
762
820
692
632
586
658
830
842
842
838
796
808
510
684
690
700
706
688
672
706
752
802
812
804
792
750
716
664
638
630
624
642
668
714
750
746
740
756
774
764
748
720
700
654
634
626
646
664
678
724
744
754
758
718
716
732
746
726
686
708
734
726
744
684
742
770
744
682
706
724
708
660
694
728
744
700
724
724
744
714
720
710
730
724
722
728
692
630
664
616
580
616
644
666
680
660
646
648
654
648
636
598
592
590
590
600
606
638
660
698
716
740
758
760
738
734
728
696
688
706
736
762
768
774
800
792
734
762
758
762
756
740
680
710
746
746
690
684
734
762
676
664
630
660
678
712
722
706
720
708
680
668
630
606
602
594
582
670
690
672
708
740
726
654
628
622
626
698
660
706
680
690
712
710
696
680
716
724
674
624
624
616
632
634
646
666
698
710
710
726
716
696
648
660
662
678
690
658
640
608
566
616
662
748
776
774
764
738
708
676
626
646
632
692
746
788
758
706
734
744
740
664
670
650
672
650
650
674
724
708
760
828
850
840
782
726
690
698
654
600
600
614
642
706
694
672
672
690
782
772
836
812
808
706
684
662
664
660
638
642
652
672
680
722
704
734
786
830
836
808
790
808
796
758
688
636
626
628
640
692
750
812
776
790
804
796
750
710
644
732
746
742
622
672
710
734
712
630
690
672
724
708
716
690
714
718
750
742
758
752
720
784
764
756
748
772
768
836
788
742
744
746
748
718
766
754
566
648
638
678
696
702
654
640
632
722
694
682
698
700
800
768
824
640
714
688
684
640
574
598
570
512
570
580
650
754
856
866
818
798
710
784
752
760
798
790
740
786
732
702
732
698
724
706
766
706
676
626
634
622
636
740
824
828
814
828
802
736
712
624
632
634
672
660
656
712
594
604
614
548
560
612
620
608
582
560
564
622
612
666
668
790
704
732
670
600
670
634
632
662
694
710
742
724
698
704
696
590
598
596
610
676
768
790
876
834
818
748
766
698
670
674
624
576
560
618
582
598
700
764
836
852
808
772
788
774
764
678
632
700
696
634
660
688
714
724
650
688
710
726
662
614
654
638
650
648
706
770
800
828
768
738
814
750
702
700
732
736
724
706
738
732
786
680
658
640
668
678
656
700
702
698
724
704
732
730
676
626
616
580
580
620
622
658
700
800
766
796
738
664
690
678
682
646
608
658
630
606
600
624
548
522
574
600
736
734
800
734
722
702
606
596
606
598
590
602
666
772
796
772
772
790
774
714
684
698
704
668
602
698
700
702
730
664
694
712
716
684
622
676
650
608
642
688
710
730
732
670
638
666
680
688
732
740
660
668
692
664
664
676
670
730
636
600
620
546
586
578
638
694
784
790
878
778
782
782
764
732
682
734
690
702
640
692
702
700
666
628
642
648
616
704
702
712
644
712
718
712
670
618
648
666
668
660
646
676
686
692
702
640
698
600
684
616
614
582
628
674
696
706
730
790
742
672
754
744
664
654
636
604
656
646
694
686
660
698
626
606
654
586
594
628
634
666
672
730
640
654
546
616
508
544
588
578
600
674
694
754
812
788
844
800
764
766
670
676
558
654
576
538
692
526
560
780
552
586
636
650
658
706
630
632
628
644
600
660
608
588
610
568
608
594
590
624
644
638
652
600
954
516
528
506
508
528
828
734
544
578
620
700
762
774
724
670
610
568
826
556
568
594
588
652
610
600
560
544
534
524
530
546
556
568
594
648
720
808
772
768
734
764
668
628
594
600
608
614
622
734
696
704
748
766
682
730
722
676
628
636
666
678
630
598
598
618
648
694
738
772
738
676
658
666
640
648
648
618
634
546
590
630
674
740
698
736
722
702
674
634
690
644
594
638
626
700
664
670
726
712
728
664
670
662
620
592
618
574
574
658
636
606
652
606
578
616
622
708
604
608
620
602
572
538
528
542
548
572
676
704
692
748
804
824
800
828
762
748
628
648
590
612
636
768
814
802
788
828
776
668
586
622
588
644
670
746
784
732
754
758
752
702
684
700
700
672
628
652
632
656
672
658
658
692
706
690
650
666
696
714
658
620
610
624
638
610
632
652
670
648
664
686
698
666
694
706
674
638
594
636
620
664
614
624
670
676
694
692
632
624
610
664
660
646
638
690
672
592
602
588
634
512
550
582
580
590
614
624
612
646
596
590
572
566
546
614
590
658
634
630
662
734
774
782
728
692
660
662
650
652
618
616
686
648
626
636
614
594
590
574
590
618
630
594
628
664
674
690
648
662
600
614
620
618
628
622
610
620
628
642
640
792
762
664
644
626
536
656
660
660
682
698
704
768
680
662
692
710
692
650
672
692
750
696
648
630
642
620
630
606
606
610
638
682
718
712
672
646
664
662
674
696
704
678
724
762
762
704
698
704
690
662
612
648
634
586
604
604
550
610
594
654
694
728
728
786
734
646
666
630
628
642
656
664
642
638
622
606
574
550
610
628
672
678
662
700
722
726
722
662
666
648
702
658
634
626
650
672
694
672
674
706
710
714
690
634
608
668
664
666
660
624
662
698
702
700
650
638
610
676
654
618
608
634
666
700
704
682
690
696
664
692
632
616
638
636
644
600
576
580
594
592
620
680
726
752
720
670
690
676
724
670
624
608
620
632
708
720
730
698
654
678
656
714
674
650
678
682
644
636
654
674
670
664
678
682
648
642
654
670
648
618
644
654
656
666
648
662
680
684
686
672
634
632
626
696
654
676
710
714
686
646
654
664
670
664
670
682
700
690
682
696
652
632
636
660
604
612
624
644
664
686
702
706
662
612
610
638
674
702
732
732
680
640
646
638
624
592
574
604
600
592
568
540
576
652
764
768
752
718
684
648
630
618
608
604
622
642
662
700
732
752
770
760
750
734
716
698
672
664
652
660
654
666
688
686
676
646
626
614
610
594
612
628
682
724
722
696
682
702
690
656
610
614
620
624
634
626
610
606
630
640
656
664
676
684
692
688
682
680
664
640
628
626
644
670
650
666
700
720
722
698
694
674
652
630
618
626
638
638
646
670
676
664
650
656
672
676
674
642
670
676
656
640
656
654
638
614
632
662
668
668
668
676
678
666
640
620
636
644
636
614
620
644
648
640
616
650
676
666
632
662
668
668
642
620
644
648
656
634
610
638
658
674
680
658
618
632
638
634
632
596
604
618
628
646
664
678
644
604
598
596
596
598
624
646
686
688
676
638
650
636
602
602
618
632
656
662
666
686
690
648
630
626
638
646
668
672
656
666
668
642
602
596
618
646
642
616
640
606
620
604
594
584
574
576
562
566
572
600
602
596
608
602
626
654
644
654
656
644
700
688
680
662
626
596
608
598
612
630
646
690
734
760
762
762
724
672
622
604
604
604
622
670
712
758
766
758
734
658
660
678
680
684
670
674
696
654
666
682
688
706
690
674
668
678
684
676
658
650
650
654
660
626
622
658
692
722
672
672
698
688
644
644
656
652
654
626
624
668
700
684
668
700
718
720
658
650
664
658
630
606
614
636
674
714
710
702
704
698
672
634
642
644
630
616
634
656
660
618
616
618
682
688
698
714
698
650
648
652
654
650
628
654
676
686
678
652
670
672
666
674
670
640
622
614
608
598
638
656
634
664
714
718
688
662
650
646
608
610
626
678
724
758
724
736
742
732
724
710
652
646
656
684
706
696
652
646
654
690
720
718
706
702
676
676
614
616
630
674
708
692
690
694
712
680
654
696
706
692
662
628
650
640
642
626
634
648
662
646
618
628
648
648
616
630
650
666
714
732
730
694
702
696
664
648
664
688
700
692
664
644
694
690
590
606
594
582
648
650
688
724
740
768
706
778
774
780
770
782
768
748
670
726
708
698
714
596
706
698
746
718
684
680
716
710
662
668
698
712
672
642
708
710
668
648
706
774
776
722
726
706
754
650
588
592
616
642
670
626
602
612
620
620
658
710
702
670
638
642
630
612
576
582
600
660
722
744
746
712
722
736
724
692
662
658
688
704
708
680
652
670
674
698
708
666
626
636
640
668
700
724
726
696
666
670
678
638
644
624
650
644
638
634
616
590
596
568
546
566
646
698
740
740
738
696
724
680
660
638
620
600
624
622
650
630
602
604
612
650
690
712
690
692
692
676
652
634
622
598
640
628
658
708
704
682
780
738
684
618
606
608
604
598
620
670
702
672
646
650
642
610
584
572
586
562
592
622
634
660
672
628
680
682
666
644
648
648
642
668
632
630
688
690
708
704
654
650
658
666
656
632
660
688
710
704
724
738
730
678
660
672
676
678
642
630
666
692
702
708
678
638
688
668
630
608
602
674
668
714
706
684
702
700
680
698
682
690
660
712
672
656
658
668
684
672
682
704
704
694
646
642
678
698
698
730
712
716
702
670
656
670
686
686
640
624
678
674
674
652
686
698
688
654
638
648
672
700
684
660
680
686
664
674
624
648
658
680
648
626
666
692
716
672
658
630
636
582
610
630
620
668
610
620
636
644
628
570
606
592
604
630
674
694
706
682
678
694
684
706
684
696
698
678
716
662
646
614
638
616
638
658
696
700
704
778
750
742
666
592
624
626
624
634
632
632
634
618
640
660
658
688
710
742
746
712
708
612
656
640
636
620
604
620
676
724
764
724
746
702
770
738
682
602
614
598
666
706
810
800
760
750
820
758
782
706
654
644
606
624
604
714
744
778
768
784
758
718
744
698
636
606
614
638
624
702
624
638
664
696
682
774
730
698
722
680
670
650
648
616
602
634
614
604
672
726
740
736
666
690
706
700
744
678
726
720
718
716
706
684
650
640
656
672
686
700
664
644
656
678
692
700
698
720
728
720
700
674
676
678
680
658
688
732
756
748
708
720
718
680
648
712
708
718
710
644
690
688
700
688
734
716
754
734
722
674
678
668
676
692
708
670
734
720
722
668
672
616
670
658
666
654
692
724
738
700
662
660
650
638
600
574
628
620
698
686
666
676
676
678
642
628
646
670
686
672
648
674
682
664
678
634
692
666
690
654
666
690
698
696
670
664
670
680
694
702
708
728
724
712
664
638
662
646
576
582
564
574
604
628
668
690
720
710
760
706
676
662
642
632
608
616
650
694
720
786
758
776
760
736
746
740
734
694
684
716
736
758
772
756
738
732
720
694
726
704
682
606
508
736
746
746
748
704
688
676
646
742
732
724
752
748
724
724
714
710
676
604
578
592
616
638
666
674
676
660
666
686
684
646
586
644
602
572
570
622
638
678
712
722
688
702
706
692
676
640
658
694
720
714
696
736
794
782
750
670
674
686
690
670
622
602
636
660
706
700
662
664
702
714
736
692
714
732
720
714
738
754
774
782
768
752
762
764
752
674
682
700
744
750
756
776
776
762
684
716
708
698
762
698
654
718
712
702
660
608
624
662
688
700
738
736
698
626
658
646
660
642
640
686
702
736
708
698
736
738
678
644
656
636
630
656
700
662
712
730
744
700
678
708
710
706
