# R wave intervals in milliseconds per line
# start time: 2014-02-27-22:18:42, 1393557522.76
702
740
776
838
862
882
884
900
898
886
884
876
906
868
850
868
796
836
830
836
848
806
796
864
852
836
736
778
780
820
818
780
802
784
800
688
728
776
758
768
730
818
818
824
776
770
830
824
806
736
768
762
804
774
774
856
812
866
770
782
766
804
750
786
776
782
780
726
730
790
800
794
750
718
780
782
786
788
814
784
800
796
776
724
744
744
826
818
764
816
788
850
810
776
796
800
788
730
780
792
774
838
748
784
770
862
834
786
798
806
796
752
762
764
786
800
784
766
786
808
808
818
744
804
800
784
734
740
790
808
810
738
740
764
744
750
716
728
770
748
728
686
674
732
734
816
810
790
734
778
756
748
768
718
748
750
764
818
768
734
750
700
744
772
802
842
792
830
802
800
850
824
774
768
800
808
786
798
796
846
862
792
846
850
842
768
798
792
824
832
796
800
836
834
844
776
842
858
864
818
848
856
894
836
852
900
890
872
866
878
872
838
866
862
880
864
824
842
842
884
802
858
868
876
828
850
838
832
884
824
816
810
854
776
804
852
854
874
786
814
808
792
782
728
752
764
786
804
796
858
834
878
822
826
832
810
766
824
788
846
776
776
852
810
838
792
818
820
796
806
780
844
788
776
862
856
808
848
838
836
760
756
722
708
692
644
648
672
762
770
792
776
800
772
820
734
756
726
804
800
804
768
848
866
884
848
790
858
872
868
798
842
840
856
828
862
872
894
890
884
832
842
826
854
768
798
814
856
848
856
882
882
854
856
854
826
852
786
800
838
816
796
812
822
804
756
778
818
886
848
822
846
862
842
772
808
812
794
826
750
752
812
806
802
796
816
810
824
754
824
822
766
758
736
746
746
828
780
824
804
728
724
686
708
764
790
808
790
748
806
796
862
824
782
846
846
830
856
808
828
820
858
790
806
824
846
804
832
834
858
842
786
782
844
842
824
808
840
818
860
784
772
848
828
798
780
852
856
812
784
788
854
816
764
776
800
812
788
766
830
832
806
794
812
832
804
828
826
820
844
762
808
816
820
862
778
774
828
810
748
720
768
716
684
704
702
758
768
846
780
778
840
830
822
748
748
810
808
840
784
702
666
690
702
708
790
770
748
788
714
700
696
756
814
918
898
890
844
868
864
862
872
862
830
842
850
866
864
804
830
836
834
816
816
798
802
818
816
784
800
850
798
702
644
668
654
658
654
640
618
766
912
904
848
784
718
700
894
572
568
608
606
610
626
652
648
710
720
754
800
732
666
648
650
650
690
730
842
840
850
838
846
874
822
824
780
766
702
700
714
760
808
834
812
754
750
760
800
814
768
790
846
798
814
872
818
770
850
880
814
856
902
842
874
866
852
814
866
886
814
836
832
750
762
822
806
762
848
908
876
902
910
920
862
886
870
818
866
866
814
842
856
890
848
890
876
896
830
856
910
900
892
878
896
892
892
834
844
804
780
776
848
798
758
846
840
748
800
824
834
784
840
866
812
806
828
822
718
748
818
780
750
814
864
788
682
718
678
708
684
712
720
726
708
686
690
674
684
766
814
772
790
872
882
854
834
850
878
820
818
850
866
814
794
826
832
782
794
850
808
786
764
768
732
770
748
768
852
862
868
800
834
874
800
792
800
836
796
802
824
858
842
792
832
852
768
716
806
826
810
724
746
800
818
750
760
824
920
848
802
746
836
828
888
874
794
858
842
896
786
812
856
878
854
866
886
882
826
824
884
816
830
856
864
868
850
866
916
852
848
886
832
840
834
848
790
830
848
842
836
848
882
852
792
820
812
842
800
834
850
790
808
826
810
794
796
824
864
802
842
838
854
768
784
858
770
700
720
700
646
652
662
676
766
764
800
886
862
784
788
790
856
832
816
830
856
852
828
822
818
782
808
810
838
752
778
796
832
820
832
890
820
830
836
848
844
784
806
832
844
790
762
716
700
666
700
674
660
714
784
840
844
868
898
902
830
872
848
864
752
746
736
784
882
858
780
822
830
834
794
832
854
866
874
834
846
872
864
844
900
870
902
840
868
870
892
752
764
770
776
740
770
808
842
880
888
914
892
854
862
836
864
802
830
858
854
794
808
872
882
818
764
786
776
790
750
734
718
724
808
756
770
852
830
874
784
784
816
846
834
828
868
864
908
810
778
868
864
862
850
866
860
854
824
838
906
878
824
888
882
872
782
802
824
858
852
840
842
894
868
816
812
864
850
804
826
850
866
812
814
806
838
852
794
834
816
868
810
808
840
840
786
812
822
824
886
818
816
836
874
788
790
850
818
842
806
834
838
790
830
826
828
872
804
862
866
834
778
794
828
850
818
802
798
872
818
788
832
838
812
846
824
848
846
782
788
796
784
798
762
796
890
878
834
814
872
832
730
656
720
680
624
586
620
568
616
688
670
764
748
736
788
828
810
896
882
864
906
864
840
830
866
834
838
812
820
874
878
872
852
880
840
758
694
642
690
694
722
744
816
872
888
822
800
810
800
776
764
790
778
838
782
798
822
886
878
868
856
890
852
790
804
836
814
740
758
808
898
866
848
868
860
864
792
816
880
818
834
832
902
850
852
860
888
844
840
868
880
892
828
850
850
866
818
850
884
848
814
848
856
816
844
852
844
888
818
834
844
808
800
782
860
876
816
900
932
916
864
890
878
872
812
836
850
812
804
850
856
802
872
888
882
818
826
856
836
828
838
916
880
836
868
898
852
842
808
858
838
794
850
858
898
820
846
892
862
796
820
884
816
800
790
794
750
724
786
806
750
708
744
694
754
730
670
714
720
734
716
756
760
792
740
744
720
780
768
732
738
802
892
844
848
846
876
864
796
822
810
828
742
832
870
880
876
838
850
896
840
820
864
934
892
858
868
884
770
750
830
848
814
830
874
866
818
848
886
866
800
844
888
910
850
906
934
928
888
868
868
866
908
834
848
910
882
818
834
862
892
796
866
892
874
816
860
912
896
816
826
840
874
760
742
818
864
842
778
852
854
816
740
768
818
856
876
850
882
894
850
806
708
690
706
678
706
646
690
626
672
694
812
890
884
940
890
874
872
864
816
820
798
800
836
788
782
804
820
788
820
818
820
866
780
690
716
758
812
844
904
846
868
868
874
864
862
896
890
866
822
878
902
886
808
854
884
876
902
802
852
872
880
820
852
884
900
878
844
892
848
814
806
806
894
868
854
898
952
912
880
928
898
848
782
868
896
916
862
870
922
868
866
928
936
916
880
882
914
808
798
820
804
758
796
806
820
712
678
732
750
840
790
754
836
838
832
794
824
830
900
812
840
844
878
876
846
866
864
876
828
806
808
882
898
864
866
876
840
834
806
832
846
840
796
826
822
840
784
860
878
846
756
836
858
844
830
848
916
846
816
824
846
892
808
824
860
852
784
822
834
900
818
840
864
830
758
822
812
766
818
842
886
828
844
850
896
872
826
844
896
840
814
850
866
840
778
844
852
834
788
816
896
874
848
872
886
872
798
836
840
916
866
808
860
850
804
794
812
796
776
692
710
744
840
868
800
788
812
768
746
732
778
808
860
806
878
872
918
832
838
858
906
846
838
886
900
866
878
852
824
756
742
832
868
866
854
902
896
844
816
838
866
872
832
842
898
922
860
814
880
884
852
804
834
810
812
742
770
854
832
748
770
786
790
764
810
886
824
800
846
862
816
834
844
850
778
762
820
838
828
798
866
858
842
800
874
874
808
784
832
844
848
836
704
704
738
762
760
724
732
762
802
750
808
824
896
820
746
772
786
800
816
766
798
838
862
852
804
792
762
778
810
846
836
816
870
846
844
818
834
820
842
766
804
810
822
802
778
786
846
806
786
814
832
838
800
772
836
842
818
732
804
826
852
822
794
824
798
782
700
690
688
646
696
802
960
950
916
900
886
852
# end time: 2014-02-27-22:42:06, 1393558926.01
