# R wave intervals in milliseconds per line
# start time: 2014-04-03-15:55:47, 1396554947.93
784
550
822
644
652
752
724
770
720
724
654
690
684
710
718
578
628
512
784
564
706
562
716
648
620
700
574
786
726
760
790
512
868
668
696
800
734
600
712
772
780
718
750
766
752
672
750
726
700
844
584
512
614
646
698
654
650
638
640
704
692
810
792
708
666
864
854
778
848
772
766
752
518
576
588
680
774
694
932
812
782
782
680
676
616
650
616
652
750
682
698
768
752
700
704
726
732
770
750
670
714
732
752
582
842
742
802
772
838
820
820
798
780
718
736
786
614
766
716
768
800
732
748
782
806
728
724
728
722
644
968
734
708
792
782
790
796
862
822
568
944
768
756
772
594
618
748
752
584
832
584
700
896
740
764
764
780
626
598
664
686
704
808
724
664
750
720
762
772
746
772
764
782
720
750
796
786
734
726
760
786
780
738
788
792
772
698
780
820
864
834
750
782
810
814
746
694
744
732
768
700
784
842
812
816
764
806
714
710
758
686
646
650
674
684
742
678
672
656
726
774
834
818
844
740
750
756
738
702
710
724
818
788
714
780
752
790
696
746
756
768
748
748
790
796
798
504
738
764
808
724
700
718
708
762
798
654
742
794
718
732
714
734
774
736
674
706
734
742
758
694
736
770
784
784
716
704
760
768
708
768
766
862
796
722
754
764
782
718
712
670
678
660
664
764
750
704
790
614
774
718
738
736
816
764
698
694
794
784
744
740
762
784
778
694
684
658
674
770
802
774
710
776
818
834
742
674
766
736
740
694
634
682
694
694
632
700
708
722
700
750
782
794
776
698
730
752
764
736
678
710
800
816
824
808
698
750
938
758
702
640
668
714
652
760
700
746
720
904
806
742
804
798
720
744
752
764
756
732
656
848
664
652
736
814
790
778
808
752
724
682
720
732
786
750
688
738
694
684
700
746
770
800
774
794
814
768
710
784
832
776
798
762
696
746
748
816
698
752
762
814
564
630
590
744
750
784
748
654
768
796
750
700
718
768
750
728
688
732
592
872
660
626
658
654
742
766
766
764
684
708
762
508
784
744
766
810
848
782
792
802
820
746
720
796
764
724
652
644
648
716
748
844
872
766
696
718
742
738
792
786
708
738
758
756
726
748
748
786
800
784
792
740
676
610
706
724
508
602
742
508
610
660
654
692
810
858
808
800
708
710
586
814
770
790
786
790
646
966
750
706
762
716
712
694
738
560
712
728
706
634
666
568
700
684
736
758
724
748
714
802
786
754
728
704
728
684
678
650
674
722
752
584
688
650
706
712
730
752
762
824
808
756
744
800
822
818
812
746
714
756
738
748
762
730
778
822
864
762
816
812
788
724
726
732
800
714
604
836
744
682
722
734
764
716
700
748
746
692
566
602
752
730
690
768
770
748
758
690
702
762
770
734
700
776
772
732
706
716
782
770
726
682
654
784
814
842
798
786
722
764
772
718
696
738
666
732
720
768
712
688
690
698
594
592
610
660
752
846
872
866
828
854
736
786
750
648
690
638
666
608
710
740
834
700
976
822
584
876
708
750
764
720
682
718
704
660
686
734
750
732
780
826
700
886
712
736
706
730
666
706
714
654
674
740
738
726
742
566
694
710
704
718
734
702
660
706
546
904
584
618
518
576
568
584
602
590
612
594
578
610
642
738
762
736
784
838
896
880
840
844
760
678
680
664
602
608
562
596
582
592
608
604
612
606
626
676
782
852
830
816
848
778
578
690
638
652
594
578
606
578
622
726
762
704
686
764
726
652
706
736
844
860
746
732
646
652
666
706
602
780
732
770
766
792
676
696
666
558
580
610
534
584
584
576
640
770
848
818
896
854
894
692
1092
858
854
872
784
766
718
834
760
702
736
802
830
854
538
824
810
796
792
792
806
794
758
684
744
780
792
746
770
774
616
936
746
680
648
650
680
716
752
728
768
802
784
690
656
658
666
700
732
728
706
794
806
768
788
772
760
690
634
674
726
630
764
708
676
726
708
700
626
656
644
722
742
724
710
748
744
696
886
630
578
656
688
768
814
750
696
698
778
746
690
696
730
706
778
686
680
736
712
778
714
776
770
780
770
810
792
802
548
618
742
680
744
748
726
664
738
746
846
790
778
796
806
774
714
696
728
762
806
774
772
782
838
790
690
712
730
768
764
792
792
826
732
698
712
738
764
774
710
732
748
814
726
688
784
784
766
730
758
796
784
722
748
730
788
726
718
706
706
734
674
666
746
702
664
764
774
582
902
740
768
774
752
676
756
768
798
728
650
684
678
718
602
660
658
720
714
762
696
736
768
774
718
706
748
708
706
722
710
502
768
730
746
668
736
718
776
722
704
778
824
828
826
770
816
808
790
734
752
724
776
702
678
636
662
690
786
786
746
806
824
878
806
814
816
778
774
694
702
784
758
694
686
674
686
754
814
808
758
848
854
840
744
684
714
712
712
676
690
764
720
770
750
716
674
758
750
768
718
768
732
678
696
722
778
786
730
758
784
746
710
542
628
710
764
778
770
804
778
800
672
742
702
648
742
792
790
784
814
862
788
740
762
778
790
786
756
770
796
736
734
760
802
808
784
760
762
786
784
734
724
796
804
762
738
740
802
756
706
764
796
814
728
720
798
816
732
792
780
802
744
742
764
780
698
710
728
814
816
738
766
778
840
768
738
774
778
788
734
714
782
794
766
792
786
826
806
738
758
660
672
618
600
616
642
664
662
674
734
800
650
796
872
858
542
718
722
658
658
638
648
646
658
710
826
906
898
872
884
882
854
760
712
722
738
750
736
764
802
782
724
698
740
802
828
828
766
794
782
770
720
668
630
652
650
708
776
764
776
822
806
804
714
736
766
752
658
642
598
702
750
816
836
854
798
742
720
736
758
786
758
816
830
844
836
776
722
750
712
786
730
652
646
684
714
870
880
824
796
830
758
736
756
782
792
846
732
678
694
720
744
740
736
686
674
702
652
692
638
678
720
720
662
726
770
816
790
784
834
844
814
750
726
728
660
676
676
694
734
898
910
906
870
856
838
798
806
720
626
696
694
722
780
852
786
852
902
880
764
786
760
754
710
680
752
766
802
832
766
728
820
826
822
666
814
670
716
750
774
720
690
648
690
732
764
734
674
762
784
778
814
658
780
754
732
696
666
712
748
828
776
708
752
788
810
780
752
780
772
748
688
662
680
732
826
850
804
758
806
846
848
842
726
726
746
770
796
808
848
856
816
768
754
798
802
754
788
858
868
880
804
842
810
838
752
746
836
774
678
680
726
722
638
676
702
766
796
704
732
768
786
720
660
754
776
800
758
700
782
786
810
758
792
832
838
772
774
796
800
728
746
780
770
874
772
716
774
788
630
942
780
776
792
770
680
718
724
842
802
728
726
782
798
738
756
738
738
678
624
650
622
628
654
660
670
718
756
670
660
712
700
648
594
624
614
640
692
742
686
634
732
700
664
714
646
620
646
656
686
776
724
700
718
752
768
764
708
722
780
808
788
742
784
800
784
820
734
664
660
662
666
686
752
840
896
870
836
830
820
830
822
758
748
784
772
820
766
802
826
822
802
732
686
700
698
720
742
706
728
744
806
738
676
656
708
726
734
744
682
668
730
756
802
748
720
768
794
740
748
704
742
760
728
682
704
716
766
698
668
682
780
814
780
694
690
740
756
734
818
724
700
736
756
778
780
742
686
710
778
786
784
696
688
696
666
654
670
672
658
716
742
840
810
754
820
840
840
854
822
818
858
868
854
812
770
708
744
760
868
788
760
766
802
872
782
744
792
800
776
780
692
730
744
734
768
686
658
670
686
790
804
730
662
676
666
676
738
800
894
830
804
776
748
708
746
750
746
794
844
800
852
832
822
740
740
752
774
770
748
784
800
814
770
750
750
806
782
762
748
736
678
726
760
760
678
714
748
754
824
756
736
762
780
724
728
680
682
642
732
696
698
712
766
714
668
732
720
782
836
768
684
744
752
770
788
692
648
654
662
666
734
672
672
758
758
770
716
698
702
720
738
692
652
656
684
682
700
786
856
878
862
868
780
776
766
778
786
766
704
740
820
834
816
738
670
646
696
706
812
810
806
806
840
798
782
836
808
834
728
698
732
762
778
780
710
766
788
760
762
718
734
744
690
648
634
700
764
820
778
700
722
732
828
820
768
694
680
740
700
728
680
684
786
826
756
708
722
716
750
820
740
748
754
770
698
714
772
518
718
688
726
684
722
798
832
786
816
848
834
770
702
696
684
682
768
812
798
728
700
728
750
756
716
720
786
768
818
716
760
778
776
744
698
692
710
778
762
686
740
750
796
690
708
640
706
744
780
744
730
674
658
662
666
660
764
742
746
812
838
842
736
670
728
690
672
668
674
726
762
760
768
720
770
706
678
682
658
702
670
782
896
858
900
850
788
754
800
752
726
684
772
734
748
746
672
708
698
726
760
800
796
806
760
756
684
690
644
664
652
688
636
638
648
660
668
698
736
790
760
812
860
886
888
870
834
718
688
676
716
796
862
892
878
810
752
698
672
740
808
860
846
758
780
826
846
802
726
712
746
772
806
762
714
734
772
794
794
760
788
806
802
774
766
786
786
774
742
782
818
840
802
788
820
794
742
772
774
726
706
796
786
778
702
640
706
734
760
718
738
764
768
738
694
712
736
750
714
666
670
684
720
770
794
742
758
806
794
718
718
744
774
702
710
684
718
740
730
734
734
764
776
748
748
772
776
748
758
726
734
734
768
724
756
786
750
766
798
794
742
768
802
776
726
762
796
794
786
748
792
810
806
748
730
784
728
660
718
774
760
746
808
760
740
724
710
722
710
704
670
666
672
772
772
690
648
704
696
668
646
632
666
694
748
772
830
852
784
734
694
756
722
736
716
734
762
842
748
776
794
858
874
776
750
774
836
774
722
714
774
806
828
736
756
776
802
710
760
736
762
698
700
672
724
800
862
798
734
742
806
764
712
744
778
766
852
732
698
730
720
780
862
880
818
694
714
718
756
780
660
726
772
816
840
776
796
800
786
784
690
704
748
774
788
790
792
836
860
784
770
770
832
794
738
732
800
778
706
716
802
796
766
730
540
622
630
618
640
678
674
698
648
654
632
542
742
586
614
630
620
668
686
680
660
684
668
602
632
588
616
602
562
604
614
652
712
726
732
734
802
826
760
688
680
688
736
832
864
848
884
882
868
830
822
832
768
768
776
754
696
742
746
702
682
714
700
656
710
736
758
688
694
678
706
774
824
864
822
816
830
838
828
850
860
874
830
732
670
690
746
826
868
816
824
848
812
762
720
748
806
844
840
784
832
806
782
722
684
736
730
752
744
806
840
800
806
832
812
758
830
832
800
740
804
856
850
820
852
858
860
726
724
696
682
672
720
796
778
804
852
868
868
796
824
798
764
696
702
698
828
944
952
926
978
942
882
882
872
812
788
808
854
862
888
906
908
878
820
852
864
846
822
802
832
812
788
834
818
816
716
780
846
890
846
858
892
868
856
782
814
816
786
844
812
718
748
816
882
830
842
860
844
728
704
736
780
816
846
804
746
784
806
874
872
832
852
868
886
850
848
866
864
872
842
802
852
874
892
872
772
758
720
710
676
724
766
904
1014
986
942
946
924
904
800
810
806
800
746
812
888
916
856
870
910
894
876
770
708
678
710
644
686
770
824
886
766
772
774
790
696
732
756
702
752
816
878
834
784
784
768
840
786
828
864
898
880
884
894
882
842
810
834
846
816
798
850
848
794
734
772
806
842
802
790
846
866
814
772
794
870
856
776
818
852
870
814
794
840
886
880
816
894
894
914
880
854
850
904
870
814
858
874
846
860
878
872
818
826
856
876
832
826
856
854
818
844
872
844
838
834
866
818
750
744
804
840
940
860
910
906
916
860
806
812
838
812
814
842
884
842
748
798
832
882
852
804
892
882
870
796
806
780
738
762
712
752
796
846
824
870
904
874
872
820
872
848
816
788
840
830
790
686
666
674
720
748
850
844
844
866
762
718
702
688
708
742
780
830
832
820
816
804
780
726
728
696
750
812
834
786
824
824
802
830
812
798
782
776
802
864
832
848
832
808
756
818
808
826
774
780
814
778
738
668
740
742
704
718
766
702
680
700
704
708
706
714
742
746
714
670
624
672
634
630
668
676
630
622
624
630
632
612
640
640
664
666
696
772
836
854
834
780
790
806
788
802
772
766
822
724
710
744
838
864
832
780
808
782
832
734
696
730
774
816
816
828
810
838
840
820
784
798
788
808
796
800
828
802
830
748
752
826
862
878
842
850
892
838
766
718
786
816
828
804
882
864
840
796
766
808
792
780
720
750
834
822
816
828
808
842
842
822
752
768
794
804
782
760
790
802
766
802
830
816
770
758
804
822
822
784
836
826
802
758
782
812
826
774
746
764
688
684
706
744
728
724
774
818
834
776
806
816
838
834
804
796
860
818
738
798
822
832
862
798
834
836
838
764
700
628
652
680
818
850
864
876
868
848
816
832
792
750
802
730
658
636
672
640
708
734
866
880
884
886
846
902
850
830
822
812
784
734
780
780
764
828
820
816
816
814
794
738
754
776
790
768
760
756
756
730
672
718
694
706
736
822
816
724
786
792
784
790
750
692
704
730
738
748
702
698
690
728
770
800
758
788
774
764
674
712
652
664
724
764
856
818
822
838
814
748
674
680
686
700
686
664
682
722
734
808
882
874
918
830
780
792
700
698
660
686
726
732
838
846
782
752
712
746
812
882
892
854
868
834
834
816
788
764
810
796
792
820
802
792
810
808
814
814
816
802
752
762
788
798
772
700
702
638
700
668
642
664
650
586
630
656
652
684
658
628
632
658
666
704
730
754
704
644
650
650
674
678
652
680
682
762
882
940
958
962
946
896
896
882
886
860
790
828
914
968
980
936
890
910
918
930
898
884
906
892
820
800
806
850
852
762
760
846
894
828
840
890
878
748
708
754
774
750
776
742
728
774
752
704
796
878
886
928
902
894
824
788
828
836
794
768
838
918
942
882
850
844
810
720
678
694
776
882
902
852
804
822
860
776
738
748
794
852
882
786
760
770
754
710
598
746
766
770
768
738
668
694
734
752
792
758
728
706
718
712
844
918
940
934
900
890
862
914
832
766
804
810
836
792
728
720
750
798
846
796
738
760
828
816
744
716
726
792
860
864
874
934
882
782
724
776
820
816
752
706
742
776
754
782
870
942
900
890
902
842
738
766
856
848
768
772
854
864
832
764
790
816
802
744
734
760
764
708
680
760
894
864
798
844
870
866
778
728
762
778
786
724
696
748
842
936
966
886
922
932
912
830
782
842
828
812
748
766
804
800
742
752
822
842
788
744
768
780
760
708
680
716
752
760
724
762
808
850
862
780
796
820
800
742
700
714
812
832
788
722
782
814
732
710
730
764
764
674
670
744
742
716
652
704
732
738
688
684
682
732
696
664
688
736
770
794
772
716
712
740
708
770
754
720
752
774
794
740
694
780
784
786
762
690
768
768
770
744
718
764
790
800
796
746
706
702
742
768
778
762
782
776
764
708
736
786
820
838
784
736
768
780
784
748
730
764
794
808
770
752
782
758
712
700
656
640
622
616
784
912
920
902
896
858
814
788
782
678
704
654
702
768
802
832
798
746
756
766
772
764
718
676
674
696
728
760
788
762
722
762
784
790
778
730
716
718
734
752
738
732
790
804
798
752
702
742
754
726
756
730
764
768
762
708
668
692
736
728
722
670
664
678
710
720
702
658
646
654
646
636
646
654
642
660
630
640
644
688
746
812
790
724
682
760
786
800
722
722
714
802
872
910
888
802
800
810
872
866
790
758
796
842
824
740
670
694
702
686
680
768
844
880
784
712
740
774
818
822
802
718
746
774
798
820
758
774
816
840
796
766
826
850
870
800
806
832
844
782
770
816
840
800
744
822
812
792
734
746
802
808
774
748
784
766
690
712
786
848
844
776
824
870
818
724
738
792
826
836
808
780
846
796
548
868
526
588
870
822
754
766
808
760
680
730
770
782
756
758
764
810
800
740
678
724
700
718
682
656
674
700
750
798
828
744
682
722
732
812
784
762
730
772
804
828
808
750
704
722
732
772
732
702
760
760
718
704
706
704
736
774
776
752
686
712
712
720
778
718
736
770
788
790
784
718
756
764
768
780
760
734
776
814
834
830
774
776
836
818
810
754
800
832
808
754
818
856
870
796
856
854
868
824
760
768
768
720
676
644
716
780
776
740
802
822
782
728
756
794
786
730
742
804
824
766
702
760
796
848
832
792
828
816
790
732
720
784
844
870
816
768
810
834
818
764
802
792
740
698
706
786
838
850
764
770
806
816
802
734
770
810
826
810
756
788
816
834
748
700
726
744
770
728
664
682
718
760
814
824
758
758
778
790
770
718
710
736
714
766
672
658
700
754
794
812
756
804
850
864
856
750
680
754
770
788
762
766
732
758
756
706
686
708
736
754
742
704
708
756
734
768
772
820
854
846
850
834
816
700
644
682
650
660
722
678
692
714
786
856
926
946
828
744
714
742
806
808
694
1002
866
916
920
874
804
816
842
830
838
834
898
868
834
806
824
892
854
752
708
772
838
890
838
820
886
892
844
756
792
818
804
800
708
780
834
868
838
754
762
794
872
810
748
746
778
798
760
780
840
874
802
806
848
862
816
748
780
814
822
790
822
886
906
826
732
724
752
826
818
824
870
874
786
710
798
842
862
802
790
872
882
866
770
706
748
810
858
826
730
798
820
782
698
702
730
660
1002
950
870
870
902
914
908
822
816
788
808
728
778
848
858
774
690
698
738
778
836
770
762
854
858
844
826
774
830
836
806
724
770
804
828
894
820
862
878
888
814
828
860
874
816
822
882
904
870
800
820
822
802
792
670
692
680
664
628
674
676
670
684
704
666
646
632
640
650
656
644
650
634
614
668
666
660
664
702
708
730
764
832
762
790
802
828
790
780
836
898
882
786
784
818
852
812
750
804
856
878
824
724
770
742
716
750
768
790
724
768
740
738
672
704
666
632
652
668
666
640
658
680
694
678
674
688
704
668
678
722
750
712
768
770
812
828
792
784
808
818
838
788
828
870
866
880
830
800
880
892
862
834
782
804
820
772
750
776
812
796
778
824
860
858
808
804
776
842
830
790
778
818
800
758
746
756
742
692
700
682
656
662
702
682
672
760
776
792
844
822
800
786
742
750
730
686
692
660
654
684
710
722
664
680
652
646
836
636
680
678
662
764
794
782
852
872
836
792
816
820
798
738
720
770
844
890
826
814
828
836
768
764
814
830
778
744
802
866
820
772
820
856
790
762
804
838
816
778
808
842
794
710
748
786
864
830
822
854
800
752
758
814
794
738
750
780
830
742
764
802
794
738
762
804
824
768
738
768
786
772
736
766
800
770
736
782
876
874
864
874
846
738
718
754
770
780
768
858
934
934
852
850
862
866
794
768
842
692
878
800
870
856
792
810
830
764
712
702
728
822
822
778
814
884
926
854
868
902
908
826
830
872
910
878
826
862
854
828
748
732
794
894
920
874
822
890
844
760
734
786
814
782
800
832
886
838
818
844
918
888
812
820
842
894
790
800
894
876
790
818
862
892
816
830
858
802
726
746
752
730
764
794
876
856
806
866
946
886
802
760
804
830
804
806
918
956
954
884
948
938
928
852
842
834
776
778
786
824
798
788
854
866
540
598
770
770
846
828
774
824
846
784
728
744
770
810
750
740
782
842
836
794
834
876
842
800
836
872
876
788
842
832
840
754
708
710
742
716
716
678
716
788
842
842
726
766
784
804
766
718
756
786
780
816
782
796
886
914
880
922
906
932
936
900
876
818
816
816
760
734
784
832
# end time: 2014-04-03-16:51:14, 1396558274.12
