# R wave intervals in milliseconds per line
# start time: 2014-06-08-20:22:04, 1402273324.19
564
700
746
770
666
590
642
606
648
620
648
602
586
616
600
614
668
722
646
666
718
652
740
660
646
650
716
782
780
774
526
516
626
522
736
726
744
768
760
736
732
520
582
746
702
754
682
700
654
650
716
502
786
714
718
748
716
684
530
572
526
562
666
502
546
634
716
716
702
724
762
700
620
704
752
834
832
748
756
758
718
736
670
692
708
784
764
792
826
818
800
790
760
708
856
652
502
808
522
806
794
854
830
652
836
750
780
768
702
766
782
816
778
708
748
800
802
748
684
720
748
612
734
650
682
720
664
668
700
782
754
696
698
754
716
704
648
714
724
710
668
722
776
722
746
750
714
824
564
756
726
710
718
794
732
736
784
802
816
764
870
812
804
802
800
738
760
818
826
858
848
788
744
754
748
734
684
778
774
892
718
652
690
690
736
784
736
746
762
678
640
636
686
682
666
664
688
730
752
732
734
750
772
744
748
748
708
748
730
754
770
744
738
742
642
502
764
734
746
760
774
706
750
768
790
794
702
694
686
666
620
666
716
746
716
774
812
888
834
764
764
782
802
790
748
764
806
832
794
844
842
848
818
520
750
796
822
520
628
820
828
868
834
734
766
782
752
728
768
792
812
732
748
752
760
742
682
716
752
756
732
712
720
746
686
748
768
782
750
700
760
754
776
748
740
720
708
712
728
756
736
734
744
784
760
770
724
752
788
796
754
824
816
820
798
744
766
770
736
690
712
736
764
754
722
740
636
508
772
682
888
788
636
942
742
526
814
522
612
740
512
520
646
772
794
742
766
774
784
720
616
580
804
748
534
602
696
704
678
724
740
642
728
758
758
698
772
716
774
710
666
746
756
754
512
776
810
744
718
732
784
766
544
632
716
798
766
718
738
732
766
596
508
740
748
756
774
686
666
654
698
720
784
816
768
824
844
616
718
644
744
756
760
722
716
750
736
704
676
622
656
640
686
746
700
516
562
502
502
604
716
698
764
688
718
662
706
704
700
700
764
798
754
912
674
700
608
780
740
744
758
678
676
710
732
784
598
548
820
748
766
784
784
784
724
756
740
504
566
742
734
758
774
502
754
710
540
594
724
796
718
728
758
794
724
740
508
776
508
584
686
770
710
772
760
680
774
512
778
522
604
692
772
802
762
722
732
844
636
726
642
684
778
750
700
736
654
716
734
688
692
722
688
758
690
696
732
752
742
706
714
900
700
710
734
722
796
812
644
746
720
568
716
716
666
684
636
582
582
550
618
802
778
774
764
776
626
668
658
600
638
618
650
718
690
702
638
684
698
634
656
644
638
722
504
518
616
534
512
634
782
524
780
756
702
678
650
650
682
732
736
720
718
762
738
700
696
700
686
666
586
612
604
594
594
590
604
668
682
600
646
654
660
646
678
674
644
614
590
578
600
662
502
558
810
666
528
814
752
666
736
730
732
736
664
678
716
722
718
650
632
688
680
700
660
622
636
666
676
706
716
734
694
706
502
570
694
756
680
668
740
712
672
642
636
646
650
666
738
694
640
726
596
620
596
612
680
696
786
758
732
530
706
656
648
718
704
650
662
718
752
734
646
638
680
684
666
632
682
702
716
670
714
702
684
640
606
638
630
616
604
680
672
716
668
646
668
694
616
606
648
648
618
610
612
646
618
600
602
630
620
632
622
614
616
602
582
582
596
554
584
578
634
602
632
618
652
688
692
654
638
612
600
650
648
650
634
618
630
670
698
700
618
620
612
602
612
626
644
682
686
684
716
694
676
690
680
596
664
608
596
648
614
618
630
636
652
658
640
634
612
586
634
552
568
602
616
666
678
634
628
676
716
718
734
760
784
800
734
704
700
684
700
666
658
658
694
740
766
504
596
668
666
672
652
648
620
620
634
622
654
758
812
866
778
510
712
660
734
538
558
586
616
548
594
582
626
650
634
590
616
534
586
562
612
590
626
606
634
572
610
700
600
532
516
550
562
576
586
612
564
596
630
654
708
742
728
684
764
634
596
604
640
694
572
606
702
698
746
740
648
760
642
804
754
590
700
692
708
702
650
614
604
614
660
620
750
550
550
578
608
618
612
620
580
636
594
650
632
600
644
710
690
558
508
770
506
596
744
758
548
680
622
614
736
704
534
530
644
530
808
530
612
746
740
618
646
726
758
784
646
674
770
690
632
640
644
650
728
562
696
750
684
664
768
648
660
624
664
624
616
612
612
682
666
666
734
734
664
650
828
548
650
618
666
670
696
652
632
586
636
646
630
676
710
722
718
662
646
652
670
668
694
638
636
660
602
656
628
604
630
636
614
614
616
654
598
586
598
604
618
596
632
620
664
668
598
646
644
694
696
666
642
784
634
740
676
648
610
656
626
644
710
732
682
698
706
746
730
688
638
636
666
608
638
616
624
688
660
668
746
670
790
704
722
666
672
668
658
634
614
618
632
602
594
604
592
586
622
706
782
566
614
650
694
722
512
720
686
718
660
666
634
630
632
704
536
602
752
724
530
780
540
604
678
636
610
738
706
772
732
734
598
660
658
634
630
636
634
630
630
654
634
618
600
562
580
606
576
640
652
660
654
638
710
698
706
772
678
628
640
676
634
634
632
622
644
634
654
650
778
504
716
686
602
512
700
548
598
726
646
520
746
652
662
652
716
754
526
600
802
536
770
534
592
758
528
788
516
594
786
530
754
670
682
662
750
738
764
786
504
596
744
754
766
674
708
648
646
688
662
726
606
622
672
650
646
656
692
670
680
602
632
668
678
732
622
600
618
600
600
632
734
694
688
734
684
764
636
616
668
636
644
652
684
748
756
714
646
654
666
670
744
622
692
726
690
674
668
648
664
620
604
662
732
722
764
696
750
724
744
670
774
626
636
740
684
788
780
660
696
746
628
676
748
676
710
690
710
774
738
628
682
734
666
620
598
596
636
620
646
636
588
614
612
608
608
622
596
646
626
664
698
750
656
628
652
620
642
584
508
666
548
568
584
614
634
680
698
700
782
710
742
722
740
662
662
622
614
602
612
636
714
684
750
674
644
634
654
616
630
634
666
698
774
714
744
668
674
628
570
598
600
634
666
516
784
734
652
514
504
552
548
678
672
546
694
772
694
766
652
648
622
668
644
600
624
640
622
654
642
596
660
728
590
632
684
678
588
668
714
652
618
662
716
724
664
664
698
774
662
652
772
742
502
750
666
638
714
706
728
682
690
730
540
616
666
714
670
774
738
770
674
692
788
746
716
668
708
744
750
716
718
690
732
744
702
870
596
620
718
654
856
536
640
674
672
584
554
678
636
800
618
762
668
740
726
756
724
660
716
604
572
706
640
628
620
634
638
672
550
750
752
750
722
716
746
736
730
752
718
730
684
674
650
666
716
764
604
736
766
686
528
786
750
688
700
742
774
734
704
708
736
722
652
650
668
638
674
714
684
706
508
574
718
632
710
708
568
662
674
762
586
746
618
784
652
758
660
590
730
800
766
722
800
760
702
654
846
568
594
616
622
662
672
702
648
782
604
518
716
696
570
568
530
742
602
648
660
652
644
602
652
678
734
664
768
646
632
684
668
676
658
682
724
658
636
692
694
632
626
656
698
700
702
716
756
796
724
714
692
706
748
670
684
716
668
658
636
606
610
590
616
650
638
506
590
734
514
560
676
748
576
648
796
598
622
564
552
614
658
620
548
612
610
618
622
614
682
704
818
700
652
662
652
672
666
664
734
718
732
698
636
678
584
650
670
716
804
848
798
654
738
640
646
632
660
726
702
696
618
722
744
748
732
752
802
762
658
704
700
724
744
736
768
792
882
540
630
634
718
782
704
692
656
714
538
574
734
800
804
778
752
652
664
888
540
618
816
580
746
558
720
664
890
578
756
798
722
696
678
762
696
698
624
596
700
634
666
772
702
646
698
700
682
558
674
656
684
774
702
692
722
652
688
766
712
712
858
602
758
714
644
626
616
604
614
602
588
648
598
632
620
626
668
566
600
570
596
550
568
654
638
604
682
668
652
644
578
630
728
508
740
656
684
680
620
600
634
760
664
620
628
682
666
684
530
582
660
654
652
602
752
514
578
604
796
526
590
548
634
522
634
644
644
648
574
698
626
664
762
694
552
760
524
570
700
694
708
646
630
636
698
736
730
842
574
716
542
532
670
546
518
584
516
504
706
918
758
530
652
718
678
778
626
512
560
708
772
664
526
702
650
670
686
662
636
632
748
502
600
530
770
726
642
696
686
668
630
646
688
666
668
648
602
672
640
658
628
620
664
640
712
714
700
696
736
752
700
686
598
588
694
620
636
658
668
650
658
622
586
654
582
700
684
652
726
692
712
648
654
720
730
734
716
670
652
674
692
692
668
652
714
818
752
534
698
758
626
652
742
678
774
778
694
670
750
650
692
808
652
510
510
616
794
532
768
682
684
700
650
602
604
646
598
616
634
702
722
678
722
664
714
716
718
666
636
648
664
650
724
694
686
710
756
696
522
752
644
568
536
660
694
666
546
732
662
722
730
728
728
730
700
682
686
642
660
634
716
686
708
684
726
678
650
652
664
602
584
598
616
656
708
754
782
736
566
834
666
602
600
628
654
698
744
512
604
690
750
720
694
640
746
636
638
660
540
788
592
598
654
664
632
608
628
616
630
634
568
716
680
740
750
632
702
574
606
522
580
572
646
598
614
636
686
752
636
624
700
624
532
778
654
650
748
656
746
598
684
588
660
668
636
700
682
846
624
628
540
694
620
648
788
562
704
632
670
636
608
588
634
582
588
580
616
598
682
654
696
700
654
662
522
674
638
770
714
760
674
534
728
656
532
688
646
642
630
662
668
694
622
614
620
618
648
716
686
668
718
732
714
656
662
636
646
650
616
604
662
652
650
662
654
668
680
724
628
622
664
668
628
604
632
616
666
668
616
618
650
650
652
670
632
648
632
694
640
726
608
648
634
654
626
586
634
618
634
652
716
744
752
704
670
688
710
714
716
718
772
630
694
708
682
730
634
626
690
664
674
648
650
698
666
724
712
746
754
764
686
682
652
696
622
582
602
648
648
668
748
502
602
730
604
520
582
730
720
632
664
692
708
732
718
672
710
630
670
632
636
652
634
678
654
666
514
564
750
604
634
514
562
686
772
620
740
754
754
748
798
784
690
714
632
762
756
568
696
680
722
682
682
628
624
620
628
738
646
716
636
668
686
626
568
616
630
686
668
802
636
634
692
670
724
738
740
666
716
696
676
662
634
648
764
624
680
668
798
734
664
636
600
584
618
650
666
634
610
556
534
516
552
548
598
504
584
602
628
556
580
746
520
532
622
628
636
638
694
666
534
750
734
528
572
694
660
652
664
664
700
726
742
670
516
730
734
734
736
716
698
698
652
602
618
662
658
698
648
632
620
668
714
704
612
652
648
668
584
616
628
672
652
632
648
718
702
716
674
694
718
716
684
618
654
684
692
658
644
704
752
782
732
652
670
666
630
616
620
680
704
716
666
620
700
698
684
688
664
700
730
736
708
720
656
634
612
646
692
666
734
700
750
506
602
510
736
510
564
678
742
610
682
630
668
518
768
746
786
770
518
570
664
770
758
774
726
640
694
778
758
670
662
634
768
534
692
642
722
692
636
636
696
574
560
638
648
650
668
502
714
744
704
668
684
716
718
750
720
694
702
708
728
766
688
526
568
670
774
642
568
634
616
648
600
618
686
666
578
620
722
678
668
716
626
554
756
596
670
698
634
676
656
790
738
752
620
636
802
650
662
644
572
616
602
714
524
724
570
520
526
676
708
704
730
654
628
652
622
678
664
702
736
530
618
784
772
510
686
698
700
700
682
684
666
686
716
732
684
684
632
634
620
662
724
710
650
702
650
666
652
614
566
586
636
614
582
664
616
602
600
616
622
580
632
634
620
698
664
734
706
682
664
666
648
682
656
628
702
746
738
646
584
680
704
550
796
624
764
728
706
716
570
802
762
746
504
516
558
526
680
772
728
734
550
600
850
634
708
786
558
728
516
566
636
530
770
516
596
588
730
724
646
602
616
614
568
582
536
664
632
552
616
520
600
550
516
626
522
546
536
516
516
516
508
508
504
548
716
538
776
504
512
504
528
554
568
664
550
598
590
582
706
788
634
518
632
604
618
716
518
592
672
770
762
648
598
652
668
778
700
674
712
746
778
628
794
674
662
666
692
680
646
636
646
668
750
632
566
636
598
600
644
648
734
764
698
702
732
738
694
780
692
692
684
706
746
648
654
636
694
588
634
616
630
570
626
550
606
598
600
552
600
636
612
670
540
656
716
618
694
618
554
616
634
698
716
798
550
800
526
588
584
736
528
570
782
748
504
732
582
634
730
554
768
534
582
794
518
784
556
618
510
556
644
716
564
804
552
612
668
548
634
578
636
506
710
670
532
734
746
804
530
530
556
730
546
616
674
560
768
510
574
696
588
818
516
590
642
772
738
754
742
626
776
756
764
774
738
706
512
718
532
572
666
790
678
790
656
726
702
502
512
620
668
564
816
718
546
582
606
802
650
668
632
630
692
782
762
534
810
750
552
612
696
674
520
514
632
582
586
646
616
650
702
632
616
618
664
702
716
732
718
716
680
750
602
534
572
646
694
700
592
612
650
584
570
630
582
634
632
570
648
696
698
554
582
636
514
550
532
682
702
682
698
624
594
616
632
682
688
732
748
718
748
510
602
676
560
800
556
612
532
800
732
686
696
666
654
632
630
586
616
630
734
686
664
690
712
680
686
664
692
662
682
670
678
636
646
650
650
634
666
682
734
504
582
514
768
550
612
538
580
580
602
634
802
772
738
504
790
728
682
732
720
680
666
650
650
634
632
602
582
634
680
704
714
702
716
702
682
666
702
746
654
710
618
586
668
530
572
776
724
526
732
534
572
598
518
534
664
684
712
636
604
666
714
538
600
794
768
724
594
630
568
598
668
516
750
734
782
716
724
502
576
668
514
714
700
754
548
504
564
532
534
668
550
648
532
504
796
666
774
662
670
696
618
748
722
790
784
684
656
728
654
652
664
580
610
756
534
550
656
548
520
644
748
506
730
734
752
750
716
526
578
796
716
520
814
504
600
748
696
726
562
820
778
734
532
588
746
728
510
798
506
596
694
724
722
730
740
638
796
700
552
762
724
686
666
732
666
700
750
718
700
738
710
736
730
704
518
576
736
750
592
596
700
746
702
682
752
764
770
716
686
714
654
582
730
696
756
682
686
680
554
666
598
670
714
698
638
660
756
668
746
654
648
652
632
716
668
696
700
700
722
668
696
570
666
634
764
566
638
764
716
666
698
636
696
702
724
710
670
698
618
716
684
696
622
616
600
632
700
748
736
650
774
706
654
648
634
634
698
668
668
678
622
716
798
652
650
796
602
586
664
664
538
634
712
802
732
502
734
530
572
714
780
698
726
764
798
782
732
654
598
600
668
650
632
652
632
782
670
516
712
652
648
618
632
652
646
736
718
664
686
666
648
636
632
666
684
716
750
734
750
780
738
746
666
600
604
548
716
648
638
662
636
648
598
670
796
674
646
698
634
652
698
618
618
616
650
598
534
568
582
582
636
746
552
832
532
622
714
802
530
782
770
748
684
666
682
700
734
750
702
648
668
682
648
618
632
586
566
584
650
662
702
734
716
666
652
698
702
696
652
650
682
508
748
768
716
716
716
716
650
650
698
668
650
598
620
682
676
552
796
656
764
746
750
750
638
690
678
744
734
684
618
666
666
632
588
764
666
716
530
804
506
596
742
654
694
702
700
700
730
756
696
700
782
700
748
658
710
772
762
782
652
778
754
716
698
734
698
750
780
638
666
730
502
766
566
610
674
634
770
742
754
714
748
754
782
716
802
632
664
670
546
748
546
716
784
600
620
604
662
716
552
612
620
614
654
688
678
776
540
780
716
582
634
722
666
684
664
714
798
518
750
568
612
784
536
782
698
510
564
710
796
784
674
526
818
558
640
782
754
582
716
748
568
642
726
582
732
670
664
730
774
790
688
520
796
782
770
780
720
712
704
682
632
582
638
698
684
648
620
632
702
578
536
518
632
696
676
662
696
722
714
716
802
648
650
652
692
762
510
800
520
610
756
546
720
512
560
678
694
748
734
504
790
762
734
700
678
650
586
634
636
634
658
608
616
566
602
614
602
546
686
664
622
646
672
646
584
632
618
616
636
648
652
676
688
636
582
636
612
638
644
652
670
682
682
698
722
662
652
698
686
686
646
700
718
668
648
668
698
668
688
712
682
650
618
666
666
652
666
650
652
700
698
704
650
628
668
652
636
580
668
704
730
512
584
726
740
676
794
698
502
668
718
702
502
564
698
534
786
766
702
732
730
698
670
670
700
748
702
688
712
738
766
712
640
666
670
646
620
648
684
664
670
684
650
664
618
620
618
564
600
614
622
696
652
518
534
504
532
518
582
514
518
516
536
612
578
526
650
520
646
572
682
646
628
608
626
624
602
614
542
598
584
518
548
600
570
614
604
572
750
772
698
730
706
668
652
600
602
708
726
696
738
796
784
556
710
732
674
620
626
652
822
634
644
518
560
648
544
510
642
514
768
532
552
552
604
764
816
748
736
718
834
682
766
532
572
746
794
578
532
784
782
670
726
692
732
668
632
648
706
512
586
734
714
844
662
912
670
554
572
694
698
752
538
618
710
670
686
650
598
600
588
612
608
628
654
862
586
606
710
604
646
652
654
662
650
666
622
646
650
618
650
616
650
700
732
652
636
748
734
506
624
608
694
754
666
714
638
664
634
682
686
752
664
682
668
734
598
602
582
602
586
632
582
602
616
634
700
752
714
668
688
696
682
654
602
644
618
614
568
616
602
552
582
600
668
702
714
734
718
716
682
668
716
668
658
630
662
698
696
558
868
780
800
750
684
688
712
716
520
732
614
650
570
648
600
668
782
548
586
674
528
732
620
666
648
664
638
646
604
616
618
666
668
514
778
698
726
652
764
698
634
636
668
714
686
684
666
668
666
680
666
718
884
750
550
852
648
764
712
754
720
746
650
684
768
748
770
594
754
566
832
752
664
724
692
704
794
568
576
664
534
516
516
786
646
666
682
732
788
684
698
716
718
696
700
666
652
638
642
672
702
778
718
766
930
590
782
616
588
714
700
700
650
636
716
668
668
880
616
518
750
716
648
620
628
634
652
696
720
652
720
762
752
698
670
670
628
632
652
702
632
614
648
636
702
716
752
664
612
624
616
614
634
652
698
732
702
698
634
600
668
616
668
678
650
636
682
702
732
736
702
714
618
680
686
698
682
656
600
680
768
818
862
816
584
852
764
684
682
602
664
684
670
654
676
732
770
522
608
504
712
638
616
600
598
614
654
696
648
636
802
632
650
666
650
636
648
666
586
612
600
586
646
622
632
696
652
634
702
686
748
666
700
634
600
582
634
616
682
700
736
718
736
662
652
616
630
538
594
668
504
564
668
748
554
616
618
648
652
716
716
650
696
652
622
634
628
638
680
618
782
698
504
732
732
652
582
650
688
796
548
584
504
514
616
726
678
730
700
686
670
648
618
650
684
682
682
740
628
652
654
646
650
732
750
722
678
618
634
604
634
602
630
616
752
514
782
684
906
680
650
698
702
752
730
504
582
538
582
680
778
504
772
712
698
686
682
636
534
714
618
664
670
734
736
520
576
670
798
650
636
632
618
650
636
566
742
576
564
668
566
600
582
582
756
840
588
656
680
682
530
604
698
606
682
646
670
732
766
718
666
650
698
684
670
634
644
686
648
718
720
678
554
750
716
670
678
666
620
668
632
648
654
732
650
650
698
718
652
802
760
668
650
602
754
728
570
666
732
702
648
650
600
650
716
700
636
696
772
718
864
682
734
660
666
754
716
766
768
780
786
718
698
672
604
510
702
632
650
664
742
714
664
698
668
666
654
696
686
784
664
668
666
688
662
702
584
660
638
620
644
654
646
620
682
736
734
666
648
568
732
622
666
680
666
632
652
684
732
738
746
682
668
702
732
702
680
632
622
712
652
652
652
664
668
698
652
632
652
652
614
632
618
632
650
684
670
660
654
732
684
682
686
680
616
602
606
634
816
762
784
716
700
702
664
668
670
714
698
704
702
694
668
630
632
656
670
708
718
682
650
606
618
644
650
632
670
750
736
802
780
746
700
702
698
656
714
530
582
620
782
964
902
686
668
518
512
504
682
696
616
602
618
616
632
630
582
624
594
568
570
628
602
646
638
680
620
648
632
618
650
602
592
590
586
628
650
652
714
602
648
620
630
602
614
600
636
686
730
704
646
664
672
678
668
634
650
664
700
716
666
638
660
670
700
684
648
666
666
732
700
690
680
700
716
750
718
514
562
508
526
620
784
722
516
780
716
700
636
664
666
666
700
636
632
632
616
650
666
684
668
664
618
632
686
628
638
584
630
636
646
604
550
620
630
682
668
632
602
636
618
644
704
700
518
572
528
528
632
# end time: 2014-06-08-21:13:39, 1402276419.39
