# R wave intervals in milliseconds per line
# start time: 2014-06-25-19:03:58, 1403737438.6
534
660
622
662
668
664
616
638
742
640
648
702
698
670
670
612
634
696
704
672
710
654
700
732
730
668
668
682
716
680
670
690
726
686
636
608
636
668
700
720
696
702
722
594
848
634
644
624
598
620
694
702
718
700
798
772
750
748
650
664
648
656
646
630
650
662
624
698
686
666
666
656
678
680
676
692
684
652
716
698
720
680
720
694
670
676
668
740
518
616
502
814
836
780
782
732
648
620
624
668
680
760
830
850
836
850
552
802
748
768
738
678
616
630
684
700
692
792
768
780
786
810
758
646
672
744
682
664
664
640
680
730
718
682
702
722
694
686
666
736
712
666
654
696
668
702
642
676
696
700
696
640
646
680
668
654
634
618
686
712
726
706
668
678
670
656
648
646
598
646
618
632
684
752
732
704
642
704
704
666
654
608
622
614
632
650
664
618
620
630
668
706
714
728
682
686
676
688
634
666
698
686
764
700
702
704
712
740
716
730
732
718
650
628
666
670
698
722
662
748
740
760
786
680
736
738
684
712
714
746
750
720
740
712
764
718
702
704
694
734
682
684
654
650
720
688
668
708
740
750
720
646
664
666
688
716
682
766
766
802
722
694
748
738
698
702
698
686
728
668
662
692
674
640
738
622
634
732
702
702
730
748
688
698
714
716
736
664
734
718
784
734
696
722
696
746
688
714
764
770
750
670
716
746
688
662
700
718
714
726
726
798
784
682
702
704
730
740
740
816
870
884
892
854
800
854
812
796
752
704
716
768
794
768
714
784
738
728
682
688
664
682
668
660
644
612
684
670
666
680
616
638
642
670
686
660
638
730
732
792
696
762
750
768
768
718
728
726
728
806
762
700
666
668
708
668
652
714
798
806
744
768
794
704
650
718
550
698
668
602
648
684
736
734
732
718
734
758
692
728
724
714
764
714
802
802
770
786
738
674
776
600
604
732
720
728
782
788
746
764
658
858
572
714
654
684
714
770
776
718
726
746
700
680
670
646
632
598
684
718
730
688
700
834
714
702
666
698
718
720
712
670
694
688
696
656
632
682
688
696
670
698
766
764
700
766
732
758
694
686
666
730
732
686
648
704
678
736
680
704
604
684
668
696
648
854
532
564
618
780
656
666
662
654
620
642
680
732
740
728
668
650
702
730
770
734
666
700
698
682
668
702
714
786
734
712
796
820
804
782
734
728
720
636
712
716
732
638
664
684
712
736
682
688
664
698
684
584
730
652
650
650
582
652
614
652
628
686
668
560
772
768
714
716
718
718
684
700
634
700
714
704
732
700
550
732
670
696
854
830
770
762
768
538
818
682
758
754
700
850
864
886
668
778
778
508
762
512
698
744
722
752
716
744
774
812
800
750
720
730
738
730
738
716
758
764
692
714
682
718
746
672
702
714
802
778
718
718
684
782
700
666
702
732
686
698
606
674
702
736
752
728
738
810
788
682
734
702
580
714
634
654
766
706
696
700
698
736
520
634
614
668
720
760
700
700
656
648
718
734
708
736
736
764
752
702
700
686
698
748
652
694
656
684
666
686
644
616
600
618
600
922
878
812
838
778
738
696
684
672
632
682
646
602
618
658
658
684
668
716
668
682
684
680
650
612
670
672
644
718
650
652
686
682
682
650
614
650
650
684
698
672
644
634
652
686
660
692
712
746
686
700
640
600
596
630
662
706
666
684
716
772
752
744
548
610
714
666
682
684
702
718
698
668
656
724
668
616
688
678
756
732
768
706
724
702
698
686
652
696
666
680
706
672
648
732
746
746
702
666
704
880
576
738
624
664
680
664
636
566
648
620
648
614
604
632
614
570
808
628
644
732
650
766
534
602
582
652
650
600
638
572
564
608
616
574
596
634
660
598
580
616
636
614
652
614
632
654
634
696
686
648
666
648
686
716
734
732
650
634
634
618
644
596
610
630
688
662
672
630
712
702
680
684
656
666
638
630
704
630
650
668
692
724
682
700
720
596
670
718
682
702
650
670
662
692
676
722
666
660
684
700
702
700
682
716
720
842
670
650
682
634
652
658
704
652
682
698
692
642
650
694
698
692
626
672
564
646
638
604
660
680
698
666
686
716
718
702
834
646
668
750
680
692
676
732
654
714
732
702
700
714
668
668
654
682
626
598
652
636
634
664
682
736
782
818
696
756
734
782
750
664
700
684
548
504
764
682
700
750
766
736
666
656
726
682
674
662
688
682
664
632
654
662
720
728
756
682
682
650
684
684
686
676
686
750
772
778
666
654
730
752
764
670
668
726
718
684
672
680
698
720
682
652
636
614
612
600
586
652
676
716
708
762
818
784
688
676
668
718
680
650
646
722
750
750
698
704
732
750
748
668
738
716
760
720
680
732
714
708
698
650
676
724
784
766
682
736
750
734
646
652
636
716
698
716
664
620
696
668
656
664
646
650
666
666
702
670
650
712
716
702
684
696
672
710
658
632
678
700
724
716
714
680
670
694
634
656
716
800
818
784
776
740
744
654
648
634
716
730
756
762
720
694
688
668
728
702
654
666
746
684
634
634
698
756
812
848
720
748
766
770
702
716
694
702
636
700
750
844
790
814
684
640
728
754
518
800
746
734
736
714
704
632
644
652
620
670
714
754
730
702
652
714
704
736
638
780
676
672
666
698
714
652
598
634
616
636
762
578
716
714
752
764
754
714
700
620
666
750
616
698
684
734
738
730
718
698
748
718
696
656
680
886
696
684
668
700
734
748
666
648
706
668
748
732
710
730
736
692
632
636
664
680
650
638
650
682
686
712
652
636
680
648
664
670
712
668
668
688
644
634
672
626
638
682
714
654
666
682
696
668
616
634
634
618
632
600
620
626
702
666
652
684
766
780
702
682
698
706
668
742
716
734
732
670
716
734
734
600
664
704
766
716
682
666
684
672
728
700
734
750
700
684
714
716
684
650
664
668
666
652
616
620
598
632
718
816
766
746
716
834
582
788
678
700
616
642
758
632
686
716
732
700
634
666
666
700
688
648
684
732
750
732
734
702
732
732
698
702
730
702
692
680
664
732
736
712
668
682
716
688
626
634
636
670
696
670
698
816
846
724
744
748
732
748
672
684
762
782
718
718
764
764
716
668
700
700
692
740
668
686
712
752
648
684
680
720
698
732
734
764
722
694
732
718
716
698
718
698
702
650
664
734
766
620
764
664
688
744
756
758
658
684
706
664
682
750
746
752
718
750
766
732
666
682
734
714
716
652
668
712
700
652
714
752
798
770
678
718
702
666
680
670
716
664
732
702
802
762
700
714
684
738
714
700
698
716
750
686
744
720
748
766
666
700
720
682
694
668
684
702
702
716
680
684
720
666
666
682
674
690
654
626
636
648
618
768
566
668
670
824
764
768
698
652
716
682
734
648
698
706
764
616
708
642
726
724
700
652
686
748
744
702
688
700
726
720
918
700
684
750
516
572
674
598
666
684
690
644
686
680
716
718
668
712
654
614
550
564
632
680
640
668
630
652
638
626
586
604
544
550
576
544
616
648
700
754
732
716
716
732
768
732
730
652
630
618
654
632
732
702
750
782
730
718
702
664
668
638
678
682
702
696
690
802
614
632
630
610
896
630
634
708
722
714
750
752
780
702
696
704
698
670
670
674
742
718
746
682
698
650
654
648
716
686
666
676
682
692
646
718
682
672
618
664
618
672
664
682
650
668
682
650
640
720
654
650
668
682
656
612
660
680
626
612
634
632
600
598
620
634
666
632
654
668
720
728
724
632
680
664
666
716
632
654
660
652
670
650
644
668
670
650
682
666
602
682
650
648
666
668
652
682
702
714
686
700
676
666
670
652
666
696
652
640
728
688
666
696
648
654
652
698
646
654
634
648
618
578
618
556
598
552
612
588
646
774
684
658
634
662
618
620
642
622
598
620
630
594
590
618
584
594
664
612
610
622
640
668
656
664
544
758
780
696
752
668
686
682
698
722
682
728
720
732
714
706
636
646
626
652
680
650
716
752
768
748
734
762
730
540
764
654
700
702
712
714
686
720
710
722
646
712
722
728
738
688
690
652
680
702
694
790
866
884
852
930
888
880
842
788
850
754
698
730
796
788
798
686
766
764
766
700
688
692
704
720
654
740
732
770
696
654
744
738
718
730
730
734
746
688
680
670
718
720
700
664
728
750
754
682
714
732
738
696
644
706
686
690
724
684
718
762
720
670
702
694
730
688
664
710
726
714
670
728
702
750
698
702
702
686
712
720
714
708
690
666
722
678
734
654
644
722
712
708
644
714
714
702
712
672
698
720
720
674
752
740
728
716
668
712
722
714
766
756
780
716
692
704
692
644
646
642
698
698
666
636
714
698
702
614
670
670
624
606
632
630
624
608
660
662
698
702
678
624
670
662
634
618
636
622
620
602
618
614
614
614
636
656
680
628
636
666
688
718
710
668
690
724
700
764
706
710
756
728
770
712
686
716
736
726
686
722
778
770
732
728
736
764
802
738
708
788
784
732
780
788
804
786
686
648
734
754
748
684
764
768
748
664
740
698
752
692
626
642
686
684
676
618
684
686
716
670
682
666
712
716
632
684
658
682
640
640
678
720
738
692
678
650
668
702
666
626
672
684
714
834
702
730
634
632
650
666
716
722
694
686
664
652
680
618
656
658
652
612
654
632
652
668
630
690
676
752
650
712
722
666
698
632
684
652
668
626
628
576
600
596
620
642
702
758
726
702
682
692
680
744
666
626
626
664
664
676
644
680
654
732
832
832
784
784
788
746
732
682
634
688
710
850
834
804
794
834
766
686
668
680
698
698
758
792
846
774
750
816
746
688
778
750
766
788
696
744
726
714
714
686
696
738
762
718
748
764
818
688
710
754
762
686
686
696
680
620
668
764
836
780
780
776
794
772
678
702
686
644
650
698
732
804
778
782
840
780
780
768
764
784
802
718
766
764
832
746
758
764
844
784
706
682
812
734
686
668
728
732
720
698
742
738
700
698
666
684
710
696
692
738
744
736
686
700
718
690
642
612
684
716
746
740
724
790
818
714
704
728
748
684
700
750
746
700
628
682
674
700
732
734
646
684
704
718
762
766
736
662
682
652
698
604
662
680
718
750
734
768
666
666
648
632
618
644
638
656
660
696
736
856
640
604
614
666
702
710
736
836
820
728
818
796
816
752
702
776
734
650
632
664
706
746
798
688
764
802
712
770
730
750
748
688
668
616
646
636
916
880
850
802
782
708
706
696
658
726
704
756
776
728
700
680
672
670
684
664
710
708
716
778
740
746
786
680
722
696
720
682
660
688
692
706
722
682
714
768
698
738
724
742
740
738
682
684
700
680
656
658
670
716
720
696
720
746
768
776
728
514
676
714
732
668
704
720
726
784
748
736
716
668
654
702
694
694
798
728
676
728
718
706
702
692
630
648
664
648
658
744
730
736
818
816
768
702
716
664
682
698
792
796
796
756
698
774
772
746
718
656
650
696
718
770
792
756
766
756
678
730
684
680
642
628
640
702
770
766
834
844
858
764
820
780
710
700
684
732
768
844
804
764
768
754
814
698
686
752
698
688
730
806
908
820
902
894
868
780
806
780
744
670
744
740
722
682
714
768
750
778
720
746
736
686
698
730
752
714
638
666
734
676
726
742
752
702
736
648
870
710
688
682
768
710
704
746
842
830
846
816
804
790
774
738
730
732
694
724
832
822
732
772
742
780
750
698
722
730
800
706
692
718
700
650
648
640
624
618
710
644
736
762
768
536
624
640
750
814
750
674
676
722
764
818
756
710
682
738
788
776
728
738
748
720
648
618
622
608
602
620
596
634
612
604
620
582
614
598
622
614
604
680
716
748
768
736
664
666
638
682
664
658
626
732
768
832
778
762
810
784
750
698
686
720
694
702
668
700
764
784
784
704
700
754
760
722
676
682
702
686
646
716
752
766
686
680
680
710
676
682
682
708
710
704
696
706
700
712
684
706
712
768
696
694
712
712
632
700
704
668
732
730
736
664
712
700
704
666
662
688
680
640
614
652
630
640
594
668
644
674
682
768
844
768
686
770
774
736
708
690
702
732
804
714
650
754
712
800
718
698
768
782
754
662
748
730
740
714
718
688
710
756
706
704
682
698
688
682
622
680
680
712
752
758
680
758
724
730
656
678
676
694
668
698
682
748
730
696
708
700
704
662
656
640
638
652
628
586
650
636
652
604
628
664
672
684
644
626
648
634
648
662
632
652
666
668
616
668
666
700
750
736
762
692
690
732
670
688
726
750
746
694
730
768
664
716
682
706
598
782
748
780
788
754
686
696
716
698
738
680
690
670
692
628
620
668
632
668
732
764
688
714
688
682
720
652
646
648
652
632
714
756
726
784
778
772
674
754
712
680
652
664
742
758
788
680
726
692
732
680
698
724
728
656
660
732
702
668
674
660
738
700
674
758
752
776
718
682
698
704
732
688
650
708
720
722
710
716
736
698
718
614
940
760
684
714
732
740
670
724
738
766
736
716
748
782
764
660
642
670
662
686
678
672
704
722
798
706
718
716
744
728
690
728
746
736
780
700
732
770
764
820
714
764
786
780
746
738
756
760
840
696
788
764
782
666
796
700
734
770
686
694
802
780
670
692
708
742
718
654
706
692
752
714
736
636
744
716
750
682
640
684
698
680
724
684
730
742
724
648
716
680
684
636
646
676
706
684
666
684
700
670
676
644
634
692
698
674
642
710
706
732
700
656
698
696
690
632
678
654
674
656
666
748
770
776
866
874
600
680
788
834
678
768
716
712
570
752
688
712
732
632
670
780
704
696
706
648
626
668
684
696
640
654
606
620
634
646
572
600
608
618
676
672
664
686
726
726
692
702
634
650
648
612
634
630
666
810
822
770
830
796
756
652
648
680
720
790
890
866
862
870
798
852
750
716
782
772
662
830
670
714
764
804
816
852
612
690
770
754
686
710
742
740
772
752
730
798
752
654
732
684
826
784
768
832
822
842
720
714
734
730
712
656
712
716
744
674
706
910
750
720
674
722
730
728
648
726
712
692
726
672
706
730
750
758
720
730
734
780
672
688
728
748
730
710
690
768
780
718
734
716
784
698
694
704
700
728
704
686
682
762
736
682
686
648
732
718
664
654
716
688
680
730
758
782
798
780
692
742
614
682
702
734
700
714
664
754
746
764
706
716
686
748
686
630
680
696
704
794
726
728
794
756
766
702
720
700
594
668
630
648
674
694
768
760
674
620
624
668
656
602
680
698
734
704
670
742
702
682
634
652
814
716
736
668
682
684
738
676
678
678
690
752
656
646
616
650
660
640
750
752
766
764
680
702
720
698
650
700
734
736
738
646
714
724
724
798
716
718
716
648
676
682
780
770
666
696
714
708
776
718
652
732
718
700
714
698
702
720
664
632
620
714
646
662
702
738
778
816
670
764
750
736
682
718
688
798
712
752
768
782
730
702
666
702
698
786
712
736
792
814
806
772
800
832
698
702
750
732
718
698
766
674
606
656
676
706
688
716
728
764
772
696
648
676
676
768
732
734
772
760
756
720
728
778
748
720
734
732
700
670
752
806
864
834
822
894
822
848
812
834
832
752
716
716
730
788
700
748
802
782
714
684
696
686
714
748
792
712
718
706
710
750
702
764
798
818
768
718
780
750
700
680
748
740
692
708
732
734
732
698
702
732
684
666
698
690
778
710
642
710
582
758
666
634
670
876
682
632
700
714
718
652
602
638
602
618
670
646
714
720
746
724
614
676
668
686
722
740
716
558
632
576
736
734
666
700
730
814
788
850
766
732
724
740
686
734
698
650
654
712
734
742
674
736
720
694
678
688
684
684
828
736
784
834
788
810
702
682
678
674
644
604
678
706
514
764
804
640
690
680
756
794
770
682
732
730
780
806
764
740
744
810
772
704
740
740
716
688
684
778
814
780
768
756
812
696
636
658
624
602
650
664
670
694
688
632
564
784
754
746
732
686
678
670
600
630
602
652
640
656
608
656
618
626
594
698
730
720
684
734
748
846
834
818
798
748
756
714
746
722
744
694
738
798
804
830
690
798
768
766
730
750
768
780
768
702
738
732
812
750
690
764
744
738
664
718
698
798
750
734
784
782
766
736
764
770
716
752
734
746
650
714
704
730
674
732
766
760
716
736
720
816
684
696
778
758
750
766
684
718
746
704
662
734
750
784
734
730
732
736
754
696
698
698
656
616
632
668
712
818
752
702
696
752
684
666
686
664
632
602
600
620
612
566
586
588
662
668
648
736
732
684
616
614
618
650
668
684
720
726
768
772
580
968
730
750
748
708
714
722
692
720
680
734
698
702
650
684
700
698
668
698
666
670
684
670
726
700
668
682
704
632
666
648
666
636
616
666
700
684
682
654
662
616
620
614
620
602
628
636
664
686
698
764
706
678
718
736
632
730
642
690
680
670
688
730
734
684
752
748
802
666
798
700
648
668
684
716
702
762
826
608
786
556
698
612
782
766
688
730
738
744
690
644
716
722
762
700
670
696
710
674
630
648
638
750
718
746
764
768
736
648
700
684
700
664
686
682
754
712
730
770
786
730
702
682
700
666
680
736
700
632
670
648
754
714
764
764
782
756
712
700
716
684
652
632
700
716
666
686
660
704
716
700
680
768
568
592
634
682
686
660
652
686
756
744
702
732
682
766
766
752
682
698
688
684
764
714
654
692
742
766
794
718
648
636
664
682
686
780
718
750
782
784
700
734
728
720
534
814
680
774
646
586
666
716
786
748
814
784
718
748
702
632
670
644
666
686
816
598
680
670
648
734
734
700
682
718
744
740
678
750
734
748
686
648
682
716
720
666
712
686
734
730
750
716
714
766
700
668
748
732
676
722
716
734
718
670
782
796
800
734
664
670
682
730
768
732
748
684
700
714
720
666
746
752
732
732
682
718
700
634
664
666
712
736
738
862
850
816
768
830
750
718
668
680
700
714
684
688
778
782
734
666
780
648
734
714
670
664
682
686
732
794
804
732
734
704
712
652
808
698
720
716
646
702
720
750
796
732
736
794
700
650
712
672
708
754
728
754
784
848
768
782
766
744
638
628
680
624
666
652
648
644
610
518
504
616
546
798
784
786
748
682
616
632
682
688
710
736
618
700
696
734
550
586
684
618
794
702
700
716
698
748
668
698
754
744
750
700
750
750
748
752
732
756
744
800
700
682
718
714
734
688
728
732
720
798
700
734
914
618
760
708
662
666
684
738
680
762
768
816
800
718
716
782
752
702
698
648
666
616
600
604
712
550
630
784
766
734
698
688
666
604
616
584
636
826
664
648
650
668
670
610
688
512
606
584
614
580
586
578
586
566
564
552
636
566
594
620
588
550
594
548
586
634
666
696
738
702
746
716
650
660
606
630
652
632
650
632
706
698
750
716
750
748
766
784
762
750
674
628
654
632
636
712
740
714
748
714
742
750
848
814
798
786
764
722
516
562
616
720
798
782
806
830
816
800
752
776
804
804
782
812
788
782
752
746
776
758
770
754
696
714
606
630
600
664
650
654
668
662
726
778
746
812
806
798
702
634
662
678
672
832
634
698
764
774
782
816
828
806
798
816
814
816
788
772
742
798
798
812
858
882
868
804
812
850
820
748
766
720
762
848
872
884
882
848
870
802
972
686
682
700
706
682
748
758
776
850
786
794
838
800
812
776
762
826
754
764
790
780
796
768
770
812
788
798
816
816
818
798
770
702
712
666
712
818
868
860
810
798
740
810
804
746
728
670
686
680
706
628
702
746
798
806
782
780
730
788
764
740
730
646
658
684
748
736
702
682
716
712
782
748
712
710
668
698
704
710
786
734
780
768
752
732
674
654
720
716
748
720
728
756
748
814
768
736
712
734
700
734
700
712
768
750
712
736
766
780
772
696
748
732
766
758
744
800
800
818
778
782
752
768
728
734
730
776
810
784
730
802
794
754
734
780
764
718
666
706
692
702
648
654
708
688
660
656
666
684
644
604
700
692
708
728
732
702
750
748
718
698
748
734
718
750
712
768
752
718
778
752
728
740
728
766
716
668
630
716
736
782
764
718
730
754
712
702
696
728
768
756
746
800
780
770
716
746
736
744
716
720
752
780
750
686
700
780
768
714
664
698
720
748
780
704
714
720
728
682
700
768
750
666
700
682
694
698
670
672
704
662
658
694
722
712
776
578
630
608
642
670
698
740
744
736
740
802
732
768
734
748
732
718
632
666
664
732
800
836
832
800
716
750
732
750
764
770
742
784
766
748
716
720
736
744
768
752
756
756
698
648
650
694
720
832
800
770
800
750
748
752
748
796
736
718
750
712
718
748
704
682
796
750
684
716
788
778
780
748
752
750
702
734
728
746
736
730
736
766
744
720
736
744
704
698
702
728
702
714
742
756
768
718
782
792
740
632
836
510
702
720
744
756
744
720
728
750
752
718
730
766
784
762
708
708
738
714
732
734
764
770
746
750
768
700
746
708
710
702
668
748
714
698
700
736
736
762
712
702
718
718
730
668
700
728
722
694
700
684
722
742
756
728
766
748
750
720
652
702
712
744
716
666
704
746
802
716
782
736
698
696
700
720
722
674
732
756
716
744
734
718
782
748
700
680
702
720
696
698
702
716
780
714
686
702
716
712
716
718
732
732
688
714
732
730
732
734
738
714
734
714
746
768
752
684
714
686
764
780
752
744
804
754
762
816
784
698
752
764
800
784
744
736
748
752
698
716
734
808
750
724
720
680
698
634
632
730
802
832
816
782
786
798
766
768
714
736
716
712
664
702
750
766
764
786
816
830
786
782
816
784
782
764
780
770
752
712
736
764
790
752
728
798
762
716
752
762
752
704
714
732
738
714
722
696
714
700
702
762
800
762
784
804
808
826
782
782
760
758
750
694
702
714
716
768
802
800
752
744
786
716
682
720
680
714
732
750
700
730
760
594
830
702
722
744
728
770
792
744
798
780
772
698
716
718
730
750
718
734
764
780
690
682
712
720
712
720
694
752
730
688
754
598
704
684
666
760
742
760
702
718
732
736
696
690
712
718
664
752
738
780
746
730
720
784
706
676
768
766
788
716
696
746
736
702
664
736
716
764
716
748
768
746
708
768
798
766
714
718
698
720
714
734
716
736
742
790
702
714
742
742
790
726
734
770
752
764
746
720
704
712
668
830
718
734
750
688
764
750
766
714
704
698
736
684
718
698
724
708
716
768
682
694
758
714
766
750
700
652
696
704
716
758
724
772
794
750
750
772
734
680
700
688
730
750
768
784
798
848
752
734
788
764
734
714
720
746
782
736
704
750
734
814
778
750
750
722
750
716
732
738
732
738
666
732
720
732
712
720
750
766
738
778
770
764
752
736
734
720
698
698
688
668
622
608
654
678
654
630
716
724
742
758
564
616
614
712
752
682
656
736
742
770
828
756
792
790
754
680
730
720
750
802
732
752
732
766
730
652
684
734
760
804
786
816
784
796
738
766
670
644
684
672
666
628
602
666
600
636
566
612
538
662
666
722
748
752
784
746
702
686
686
678
750
736
762
758
780
780
820
798
786
778
752
686
684
680
654
632
638
662
650
648
662
644
714
710
722
692
614
632
632
632
662
654
636
662
738
750
820
768
808
770
768
826
776
734
764
702
712
702
718
736
712
766
754
800
766
754
702
658
644
660
698
704
786
730
816
804
766
816
698
684
672
674
716
754
752
702
682
750
802
782
736
830
818
798
762
688
668
672
694
800
730
690
700
748
764
702
738
744
754
748
774
740
752
750
724
692
640
710
736
786
750
742
804
816
776
510
608
634
686
714
736
698
700
650
686
778
802
716
668
752
812
818
816
774
780
794
800
788
780
734
768
778
782
776
682
766
748
770
764
774
778
880
820
798
848
804
748
700
712
690
788
820
790
800
814
784
788
698
698
752
748
814
740
700
794
802
798
786
582
658
732
720
768
806
792
780
786
600
638
750
632
654
746
732
786
700
636
622
670
650
670
612
698
672
692
688
634
632
618
638
582
550
552
614
552
560
570
582
550
586
548
582
602
632
652
648
666
700
702
766
680
672
682
698
634
648
716
704
648
666
698
706
696
690
632
694
686
668
652
726
762
780
830
714
698
738
752
702
678
750
734
652
732
764
818
800
752
780
782
722
716
682
666
666
784
786
716
766
816
778
704
752
780
788
698
734
732
730
670
702
764
768
720
766
766
800
698
714
752
704
680
766
766
738
680
732
704
698
684
668
704
658
690
696
780
704
750
766
754
518
596
566
696
702
692
662
746
754
682
736
748
734
650
714
738
748
716
650
732
702
670
616
650
618
712
720
684
680
736
750
748
722
708
772
698
632
650
654
712
752
736
682
652
670
630
684
700
714
750
702
716
720
746
658
680
680
684
648
650
684
716
716
668
720
732
818
782
702
780
752
734
766
666
666
670
698
798
718
734
764
772
700
784
766
686
714
730
752
736
662
704
718
746
770
650
712
736
768
784
714
770
618
886
694
714
736
764
704
704
794
816
802
748
734
736
716
638
646
702
696
704
732
766
818
812
700
688
630
654
650
596
552
630
634
738
854
896
966
916
864
886
882
848
704
712
736
720
764
830
766
734
752
702
748
696
688
746
686
736
732
814
784
768
696
702
700
702
682
718
714
736
830
802
732
798
834
850
834
822
782
834
828
814
792
744
784
684
622
710
654
616
662
634
602
628
668
734
784
766
724
744
788
764
736
768
828
816
784
750
734
700
680
730
722
736
888
908
900
838
846
866
776
678
714
648
504
730
784
816
798
770
728
704
702
728
740
746
784
766
724
694
764
756
766
772
750
810
800
798
798
766
758
660
878
748
786
768
772
712
752
766
764
784
736
752
828
790
710
670
692
694
728
760
758
748
794
788
816
750
782
738
664
700
698
700
666
632
638
684
714
778
738
700
650
682
682
670
666
646
636
634
670
660
632
634
616
652
648
624
662
688
726
736
732
654
680
650
630
670
662
768
768
700
670
740
722
750
750
702
718
716
776
738
694
718
738
746
752
686
744
748
702
636
650
682
698
714
670
718
728
736
656
726
750
718
666
696
730
754
764
690
712
766
730
704
690
692
716
668
682
702
712
738
710
692
692
704
616
712
688
696
688
662
722
714
762
668
650
706
690
702
696
638
700
696
702
676
656
722
736
658
734
734
764
722
662
718
696
682
738
790
792
834
730
786
716
734
618
598
648
648
686
722
696
730
784
748
670
720
710
688
712
716
718
732
686
656
742
722
694
732
720
698
836
716
748
784
784
798
832
768
772
678
728
752
790
792
738
698
768
764
782
666
708
710
784
582
852
800
832
818
734
634
716
678
698
676
644
686
682
698
654
686
678
718
668
632
714
692
684
740
680
660
694
696
712
708
742
722
748
752
718
732
740
758
718
668
712
686
682
722
712
670
730
704
680
684
678
720
748
718
718
750
780
770
698
714
670
638
662
638
676
752
766
768
670
796
802
764
666
668
634
648
650
684
766
816
898
852
804
714
770
762
766
714
724
730
812
794
774
734
682
684
666
684
798
866
870
816
814
734
782
722
662
784
780
722
702
746
752
776
688
714
752
748
726
740
808
726
716
670
652
762
800
842
826
764
778
738
716
732
684
684
686
748
684
718
832
866
848
816
502
818
718
716
710
744
760
804
778
790
808
836
634
864
666
668
736
814
914
900
854
864
848
750
698
702
736
748
766
764
800
820
798
782
666
654
728
718
766
718
730
746
758
778
750
684
654
692
688
730
818
820
752
782
750
762
734
670
714
784
802
784
728
720
748
768
796
736
698
768
780
766
740
760
806
764
868
796
766
718
796
748
718
770
696
710
784
716
668
764
800
748
752
770
828
734
738
762
814
734
668
668
748
754
762
766
738
768
828
770
708
768
768
738
664
748
768
762
750
750
770
748
732
702
802
730
698
696
706
730
636
618
660
718
818
856
764
730
640
646
636
680
718
766
786
764
734
700
720
694
700
620
644
636
718
750
780
718
650
706
630
652
714
732
716
634
684
668
654
664
662
730
754
732
786
664
650
654
646
698
686
698
784
800
818
730
768
748
772
664
698
698
766
804
814
802
766
814
784
750
684
682
734
754
780
782
750
772
762
786
680
632
670
720
764
778
764
800
814
832
754
766
782
798
734
734
798
770
696
736
714
816
768
704
744
752
766
772
792
706
698
734
684
716
712
622
656
636
666
668
614
686
700
696
750
718
666
736
680
668
686
682
734
746
770
798
816
782
758
744
814
818
732
652
664
716
766
804
734
818
830
854
764
822
780
798
782
736
818
814
766
766
800
822
826
802
734
812
808
730
830
836
820
866
768
760
750
652
582
616
598
602
614
650
652
650
718
764
718
690
740
770
750
536
602
640
740
746
688
746
758
738
706
752
730
714
630
624
662
612
606
630
636
684
738
698
710
686
688
648
668
664
648
638
660
636
686
730
684
698
732
758
778
752
714
786
828
838
822
808
806
764
768
682
718
618
1064
856
528
832
820
852
550
648
730
780
836
832
770
686
928
818
752
750
782
786
750
734
730
748
734
688
686
762
780
752
720
778
772
698
698
654
696
732
716
734
784
772
698
764
750
754
742
738
750
806
778
800
784
782
770
686
744
748
736
664
690
644
670
704
664
948
724
760
780
760
676
748
800
818
834
798
832
768
740
764
860
768
806
832
912
782
770
818
818
746
800
852
866
820
814
736
762
790
744
734
784
802
746
702
716
720
696
616
716
754
532
632
798
784
720
582
634
586
682
760
752
744
772
686
680
888
684
678
738
736
792
816
808
758
748
732
720
788
760
772
830
834
802
898
834
836
878
818
766
722
696
752
746
688
712
798
800
792
744
766
746
670
700
698
704
650
686
708
716
654
730
734
718
714
688
718
728
632
672
820
636
648
696
720
686
780
680
698
742
748
692
704
732
720
700
696
738
732
766
748
784
798
726
740
734
770
744
686
702
718
744
668
716
766
820
732
814
820
812
772
746
764
670
702
596
684
646
720
768
746
788
812
766
706
762
750
686
860
766
720
704
566
932
810
704
716
750
734
690
688
766
786
784
714
756
786
768
762
746
756
744
768
714
758
766
774
726
774
822
718
780
748
774
660
750
732
754
762
750
782
786
748
756
768
630
560
734
782
768
684
664
684
670
644
670
632
682
694
738
752
698
702
718
732
732
716
732
718
700
672
712
784
768
686
796
766
768
748
766
770
730
666
718
502
698
704
762
798
816
788
710
750
752
804
746
718
730
750
654
730
748
782
772
700
750
748
816
704
744
766
722
630
688
710
742
708
718
734
764
786
700
718
666
730
670
614
654
612
700
800
886
880
800
830
810
780
830
764
770
782
748
670
686
748
802
780
802
782
880
852
786
780
830
784
710
724
748
770
750
730
702
718
800
764
782
798
804
734
788
744
766
696
720
748
852
786
848
854
862
868
830
830
768
768
804
796
872
810
866
864
854
798
862
850
834
800
720
734
796
784
746
768
818
868
866
794
868
870
798
750
784
584
652
614
714
784
770
816
748
716
798
740
732
744
688
726
802
800
782
786
814
854
796
734
804
810
804
750
714
800
824
792
814
754
752
730
700
700
732
768
782
732
780
806
746
730
752
768
866
784
718
774
790
776
754
718
802
796
816
746
774
794
900
804
748
828
838
548
590
666
682
668
714
704
682
796
814
836
818
834
730
734
750
754
762
732
784
798
816
750
750
798
818
766
750
750
778
752
680
724
746
782
706
678
752
762
720
664
732
770
796
818
690
696
750
724
670
658
722
684
632
662
686
734
702
728
736
774
726
664
750
740
708
704
694
766
756
762
550
836
718
730
708
742
840
856
836
782
846
836
820
762
794
776
514
624
790
684
782
802
794
750
752
782
788
744
734
748
768
766
714
734
752
830
814
768
776
774
782
704
680
716
754
766
752
728
782
816
754
714
796
822
812
820
814
836
780
750
750
764
744
650
726
716
736
662
670
634
680
710
688
664
702
716
766
684
662
692
726
768
748
752
806
794
752
716
734
762
766
718
730
738
762
698
654
700
620
646
596
584
568
616
584
584
628
604
632
598
616
586
604
574
606
648
600
636
646
630
588
630
618
552
582
548
606
610
638
600
614
580
534
602
596
566
548
552
546
592
612
722
768
760
700
666
732
728
740
732
668
618
622
590
650
766
820
830
820
750
850
832
784
846
750
738
750
746
716
650
698
738
760
836
802
700
702
662
666
656
714
730
752
800
830
802
750
782
752
682
684
670
728
748
850
772
828
732
734
736
718
780
734
734
732
750
650
700
716
732
722
714
782
800
820
782
818
750
596
622
564
566
580
602
682
768
782
752
704
712
650
636
664
650
652
664
648
666
674
646
668
632
634
648
648
618
632
616
602
598
636
686
714
666
632
618
654
654
660
664
620
630
682
688
726
742
716
762
688
714
682
700
672
646
700
686
744
790
768
778
750
798
816
804
762
818
786
730
714
654
730
766
768
698
768
800
832
832
786
812
802
768
718
662
720
732
798
754
698
750
750
714
622
648
650
630
600
652
634
630
656
624
690
634
638
628
642
662
660
686
658
672
632
682
632
616
654
646
656
664
666
698
684
732
686
700
666
648
698
718
716
754
728
700
620
600
664
564
638
634
698
748
700
566
630
606
616
532
512
570
550
548
568
564
586
564
588
582
564
564
554
564
606
628
614
590
664
718
700
518
632
656
682
650
620
636
678
698
684
750
734
768
652
746
702
682
684
682
702
746
718
716
720
686
682
682
700
698
662
624
676
688
686
602
644
602
638
598
600
548
580
588
630
700
750
802
784
732
788
760
704
716
702
730
734
738
718
758
698
656
630
694
716
858
832
898
874
528
626
716
686
750
798
756
778
804
708
724
654
662
714
516
762
784
774
798
800
866
834
834
848
774
778
812
754
712
770
762
820
738
716
814
766
734
698
752
784
774
790
798
820
814
740
738
698
636
712
720
720
748
796
752
750
820
748
702
714
782
780
750
788
800
882
798
832
570
760
738
686
760
764
788
750
718
796
800
828
776
804
758
802
752
678
722
710
704
640
676
724
776
884
752
976
856
832
780
766
720
746
504
746
684
812
830
838
784
798
784
766
750
766
816
730
768
732
800
772
730
744
758
848
802
802
862
832
784
782
784
788
762
780
818
784
782
776
780
846
778
772
798
790
750
760
708
794
768
704
748
782
766
732
782
756
632
862
752
778
756
734
736
714
782
778
738
750
718
752
698
630
638
660
718
700
742
792
862
770
786
794
784
720
668
728
732
762
740
818
844
790
532
632
628
642
504
504
610
742
722
748
730
722
758
754
718
736
806
810
840
822
836
808
788
754
750
780
738
660
704
666
634
598
602
832
568
596
636
646
638
634
580
636
766
572
630
650
638
700
746
770
770
748
800
698
784
718
752
764
734
732
754
814
804
698
872
776
778
754
732
704
742
720
752
770
798
782
810
800
754
672
804
714
764
760
762
798
800
770
714
714
750
738
752
830
796
684
698
570
676
680
670
684
666
616
698
686
690
660
780
666
682
666
634
684
702
676
690
686
744
696
672
766
734
742
678
646
732
688
646
718
730
770
756
742
704
688
712
670
700
716
750
800
786
780
816
692
736
718
666
696
636
652
684
700
762
720
734
810
806
754
746
796
758
678
698
698
732
736
800
752
746
804
812
794
838
800
736
746
766
786
802
770
794
784
784
798
722
752
744
736
772
704
690
716
778
834
792
744
800
# end time: 2014-06-25-20:37:19, 1403743039.54
