# R wave intervals in milliseconds per line
# start time: 2014-04-12-22:51:21, 1397357481.77
692
678
638
680
766
866
918
886
818
758
726
754
728
666
666
684
756
816
762
784
850
866
868
766
848
772
768
798
764
768
800
784
738
748
682
782
796
554
634
658
520
772
722
664
734
546
624
546
788
746
766
800
800
732
718
562
610
542
608
690
554
536
660
520
520
630
520
764
766
552
632
596
546
704
588
850
536
638
558
770
682
664
690
516
578
602
570
710
588
546
680
604
522
678
584
520
666
778
708
714
552
514
650
718
784
530
550
652
702
744
506
800
536
628
670
802
534
524
636
520
782
536
604
526
504
630
704
514
538
662
702
716
548
504
632
530
750
504
570
544
850
750
502
570
564
532
668
514
750
580
602
726
778
694
542
534
646
780
752
584
818
798
784
798
816
716
734
732
716
650
612
610
666
782
884
848
748
696
688
684
716
770
732
748
802
810
822
750
714
804
758
792
516
608
542
836
764
770
528
600
502
750
734
814
850
636
752
780
816
784
768
700
798
880
872
868
816
850
832
704
748
802
782
718
754
758
800
700
664
652
722
768
864
768
782
800
782
700
714
734
802
734
764
800
818
836
800
770
760
788
796
758
714
774
836
852
816
802
838
796
698
716
732
714
670
638
612
620
650
734
766
780
838
848
784
682
618
734
734
770
728
798
850
866
786
518
692
550
688
746
504
602
522
676
748
524
780
812
764
666
686
784
762
770
718
550
618
578
818
586
636
508
722
746
768
764
742
676
700
762
820
820
748
830
832
818
688
678
650
686
766
862
868
886
816
814
818
832
768
730
716
766
720
730
528
842
878
866
836
816
816
750
666
666
704
762
782
816
872
864
850
716
686
708
670
716
732
754
706
724
784
796
806
730
728
740
764
740
662
664
678
658
764
820
664
686
730
818
850
808
806
740
680
682
746
838
884
894
820
816
834
748
674
710
750
818
782
750
716
674
758
802
830
754
716
802
820
728
700
746
768
798
716
714
742
770
724
786
822
548
800
726
824
852
790
812
816
732
752
796
864
874
816
818
862
852
800
750
782
802
770
712
686
750
802
828
752
702
716
734
650
612
652
700
716
682
652
702
716
798
768
738
764
746
702
680
736
766
782
732
752
802
796
756
680
822
780
796
736
722
876
818
736
732
684
686
698
764
806
748
762
804
834
848
786
734
764
830
834
820
762
754
798
818
764
754
818
862
854
780
724
744
798
788
714
700
714
766
784
734
716
780
826
832
742
720
762
768
752
700
748
808
848
764
832
794
802
754
698
718
768
730
750
794
772
778
772
814
820
796
766
784
806
796
716
648
646
708
780
846
854
796
798
790
798
752
746
766
752
766
748
770
796
788
712
650
650
638
634
648
632
620
646
700
684
682
730
786
832
850
838
758
702
714
722
762
684
766
844
844
864
752
698
728
772
810
792
782
736
778
852
834
750
734
768
756
582
512
512
616
544
832
784
784
796
752
716
666
666
718
768
532
600
650
650
630
636
634
652
698
700
648
668
718
750
764
812
788
724
696
746
798
850
866
814
852
880
706
976
820
832
820
748
790
782
762
722
774
824
848
782
766
822
760
702
754
816
850
796
768
800
850
802
736
732
764
770
716
734
800
880
900
870
802
796
818
802
750
770
812
818
744
742
796
832
800
716
722
750
812
786
732
718
786
804
816
766
730
768
814
814
754
796
838
814
724
662
716
758
810
798
754
846
770
718
746
784
784
720
764
786
700
836
728
754
948
734
720
766
820
792
706
748
786
786
796
718
664
628
692
612
602
716
786
664
516
700
664
704
702
726
738
718
656
660
652
650
704
750
868
790
802
818
768
768
696
688
748
802
828
784
748
754
780
756
698
702
718
746
718
682
664
674
762
688
676
634
652
700
748
734
750
534
602
802
778
638
746
756
776
764
924
656
718
796
736
780
792
844
834
750
786
766
780
740
734
780
800
796
772
800
812
784
734
736
766
766
700
716
754
830
782
636
660
582
648
718
638
696
736
698
670
802
696
618
646
618
618
682
704
836
632
630
618
636
650
664
686
698
726
800
748
754
652
720
742
732
652
656
666
684
714
784
816
680
636
706
606
674
756
662
652
684
690
786
804
838
650
748
784
796
772
768
764
760
756
738
700
666
700
802
856
848
876
832
738
822
806
802
820
734
670
684
798
866
886
850
796
788
814
802
752
696
708
762
834
776
654
722
764
788
728
766
788
768
700
716
700
770
798
858
748
730
732
718
736
684
750
812
838
834
854
816
814
782
716
724
746
834
828
738
796
806
832
786
748
734
768
736
746
770
840
826
720
684
716
718
722
650
634
666
684
740
652
576
766
528
604
524
510
630
724
636
690
740
700
726
698
512
570
850
900
814
802
806
832
782
684
650
652
766
832
802
852
730
704
762
784
790
718
758
734
780
738
706
690
718
714
772
728
754
746
626
658
508
698
582
850
732
754
810
854
884
836
794
818
836
830
836
818
866
560
626
772
766
524
830
838
700
814
784
718
702
762
770
744
684
672
744
750
780
690
732
656
664
662
670
670
714
746
700
680
724
768
796
806
744
768
788
840
774
734
778
802
830
818
768
786
832
782
752
670
694
720
794
902
832
886
882
914
848
874
866
836
784
728
766
832
842
792
878
924
916
886
878
872
858
804
716
702
750
812
866
754
780
816
738
766
782
866
800
834
836
814
734
766
782
806
748
748
830
864
786
666
734
722
742
650
686
702
682
646
654
732
880
870
798
782
816
530
722
648
716
778
836
502
604
730
754
816
818
798
736
800
550
594
796
722
508
790
800
770
732
762
738
716
700
668
728
782
804
748
734
752
832
748
652
670
632
612
602
1016
998
888
880
920
900
880
834
764
772
800
834
864
866
834
812
754
800
740
726
672
662
682
718
784
816
832
898
848
836
804
782
768
696
716
734
748
770
734
768
720
750
748
714
654
664
720
746
708
694
732
750
768
696
716
734
702
668
662
686
700
714
686
706
692
764
722
766
750
788
698
666
698
680
716
738
736
762
770
768
760
682
668
634
624
666
666
762
538
620
540
716
706
682
732
780
810
798
732
750
782
782
786
714
820
864
866
846
790
752
764
780
746
724
832
856
896
818
782
784
802
788
760
756
796
850
832
804
834
812
790
732
728
754
814
834
752
780
836
854
730
692
656
682
684
716
634
620
628
618
642
608
636
684
746
686
668
714
736
702
680
700
748
768
776
726
764
786
770
678
688
728
786
798
816
730
702
654
732
812
886
850
916
800
790
810
734
700
652
614
670
700
680
666
752
786
816
862
852
566
918
766
730
768
748
734
718
702
698
716
782
798
750
754
782
784
752
752
724
738
780
752
718
690
690
734
818
866
816
834
846
834
786
734
678
686
746
720
686
764
816
766
754
800
812
750
700
698
738
846
832
772
812
802
790
724
778
594
628
666
618
682
634
652
682
782
832
818
732
734
780
790
714
682
720
788
828
752
682
704
780
830
818
766
786
832
830
782
576
634
790
872
836
782
806
834
828
748
718
736
784
814
766
706
768
828
882
788
834
848
864
822
764
784
830
884
886
832
780
804
852
852
812
750
786
820
842
816
824
862
856
764
750
780
800
756
696
748
770
764
682
724
780
820
742
752
770
786
698
696
712
758
748
686
750
816
854
804
724
738
794
620
512
720
770
520
614
510
696
700
738
750
766
798
820
816
772
782
768
834
798
768
828
822
864
798
734
766
740
760
704
650
616
702
734
828
786
718
666
732
750
750
700
724
764
802
728
716
700
682
718
772
746
700
598
610
548
580
680
518
542
642
532
532
640
502
792
768
530
606
798
564
802
544
836
848
856
762
788
816
836
794
782
820
864
870
848
800
830
838
818
744
756
794
852
798
718
762
788
784
750
664
690
650
646
648
750
834
880
820
680
784
766
774
766
798
712
684
684
666
700
750
824
846
744
758
790
802
752
684
706
644
642
684
752
768
798
804
828
850
818
748
714
684
668
666
662
598
666
668
672
732
816
830
836
834
798
706
696
746
768
836
862
866
850
824
834
816
742
684
720
764
820
862
802
838
864
818
716
744
750
806
802
778
836
876
822
830
840
810
846
722
702
712
688
810
586
694
600
914
940
834
816
814
808
758
700
708
776
766
720
766
812
786
734
766
814
820
748
770
734
736
796
716
684
748
798
818
788
744
802
836
834
796
738
766
780
804
778
750
786
798
732
754
782
800
700
700
716
750
716
672
646
616
654
680
698
770
816
734
716
768
798
800
750
718
766
796
818
836
724
694
628
604
620
830
848
820
816
784
768
744
656
694
688
700
686
682
682
682
700
768
836
916
882
866
816
786
764
724
728
734
734
750
732
718
738
762
766
768
766
750
704
762
748
606
964
768
770
730
750
784
800
798
672
698
714
774
830
748
684
752
784
830
734
716
750
768
764
688
700
764
766
736
682
752
780
790
728
714
702
738
744
686
636
696
700
712
640
732
788
812
798
768
766
770
796
734
700
716
768
782
800
798
790
812
768
732
698
704
730
666
634
616
668
632
666
502
554
514
532
634
548
832
514
610
742
682
748
704
722
738
790
772
792
664
782
758
518
778
516
600
774
742
638
764
754
528
802
766
532
650
716
568
798
686
682
652
662
682
684
734
764
772
732
650
662
702
716
698
668
668
684
700
698
700
638
616
696
718
768
780
714
666
672
746
756
764
766
716
764
738
782
748
748
530
588
800
744
668
650
670
750
746
754
730
668
804
794
734
782
650
634
680
638
606
654
650
624
628
634
650
646
650
684
702
716
730
690
694
720
748
766
748
816
834
782
820
860
858
864
814
800
800
838
762
766
770
736
680
712
688
712
666
684
732
732
684
656
648
618
618
694
674
596
674
630
614
670
514
730
700
670
678
754
816
838
902
844
834
770
796
800
824
876
868
858
874
898
902
836
784
748
736
722
700
662
686
732
764
748
700
770
770
796
700
736
816
804
710
670
714
742
740
704
780
770
764
816
874
814
716
668
848
750
702
700
752
810
818
816
868
634
798
656
1028
846
760
794
804
798
766
718
760
790
830
818
866
884
864
824
796
814
788
700
778
832
870
804
896
864
864
772
770
830
850
850
864
902
902
864
840
878
856
714
830
782
834
818
820
866
898
848
846
856
866
816
818
850
850
784
784
784
730
704
766
800
800
764
800
820
850
766
766
790
796
748
786
860
600
550
756
502
568
524
770
748
538
600
530
820
786
524
606
754
662
740
790
794
882
914
822
898
824
744
800
834
852
850
832
834
832
784
768
808
822
852
838
762
786
836
846
784
834
848
856
862
818
832
816
702
734
684
700
732
784
702
750
754
780
698
720
926
666
814
774
710
518
504
618
546
780
564
606
550
556
666
792
766
516
540
638
508
802
502
600
528
618
686
566
590
698
764
596
524
678
540
502
630
530
812
520
612
762
594
574
702
572
866
574
642
552
568
672
544
544
652
556
548
662
556
512
646
758
772
550
534
652
762
682
770
718
754
710
736
802
766
784
832
884
904
896
876
888
868
520
750
862
930
924
880
840
844
884
862
838
854
866
764
838
830
816
718
676
740
850
802
766
764
736
682
768
700
648
574
776
654
684
700
684
634
648
684
754
564
600
780
502
772
530
606
514
510
620
722
744
774
774
724
530
532
652
542
808
782
526
606
520
784
746
836
874
866
878
866
902
568
840
736
790
718
668
698
768
774
790
532
786
776
546
630
566
558
674
750
518
812
770
736
540
598
544
820
764
522
598
782
744
704
758
528
514
630
676
714
702
744
786
734
748
548
518
646
540
770
538
588
782
538
800
528
604
550
570
678
524
566
654
574
576
690
522
584
664
502
564
640
714
516
522
626
518
804
508
596
542
518
644
702
782
780
540
762
804
530
624
536
810
686
736
778
782
530
610
764
754
710
502
798
502
616
698
638
682
714
780
708
816
630
506
522
626
780
720
796
786
772
714
796
580
554
684
564
532
658
560
508
644
570
780
784
580
622
520
530
634
732
772
684
750
746
566
510
654
786
568
532
670
564
512
658
532
578
672
550
554
666
532
578
670
566
512
648
512
734
710
754
782
768
700
718
748
572
626
536
528
640
516
574
658
568
546
672
774
724
778
524
536
650
834
746
588
816
800
800
820
884
882
784
786
534
830
800
800
818
866
528
638
584
604
516
602
676
520
572
660
536
522
644
536
506
638
508
596
614
784
748
712
722
764
718
766
740
730
812
854
850
784
806
912
648
576
842
526
620
540
552
664
512
530
642
572
566
686
526
766
872
878
900
822
514
806
832
800
818
850
898
860
824
882
870
814
756
794
836
866
830
802
850
888
814
846
852
848
814
808
844
800
690
796
838
874
850
790
864
880
868
866
820
830
868
830
784
824
876
866
820
830
852
852
832
830
856
880
834
832
826
804
786
770
812
852
830
832
838
884
812
798
854
852
780
792
828
812
816
782
806
868
824
774
784
814
746
738
820
880
860
842
882
798
690
728
786
834
814
768
818
834
782
778
786
818
800
784
834
848
768
784
800
794
718
716
722
682
754
730
748
596
716
668
674
800
552
604
634
608
504
748
532
602
582
616
614
622
612
672
634
724
630
568
590
608
636
736
788
778
750
714
652
652
702
806
814
848
816
754
698
632
654
716
836
858
868
830
838
832
806
768
744
754
792
820
766
766
830
818
820
734
752
830
868
832
836
802
834
828
724
748
766
796
796
772
782
812
788
720
748
748
778
824
820
530
618
796
782
814
740
760
802
802
814
754
798
768
830
774
750
776
834
836
838
812
768
782
734
750
768
840
876
866
814
836
866
832
770
702
678
684
698
688
720
846
852
768
732
782
866
866
850
522
768
750
846
782
740
784
832
848
768
714
698
692
730
718
818
822
832
876
868
832
748
704
700
734
816
888
848
902
894
850
788
782
810
834
788
858
824
860
852
832
818
834
816
768
798
720
724
756
790
794
746
720
768
798
782
784
786
820
878
882
854
846
854
866
832
818
848
864
818
784
786
800
764
712
720
768
830
802
750
796
754
766
782
818
832
782
814
608
678
752
734
818
590
610
810
528
502
622
538
514
820
636
846
706
762
818
862
796
754
788
818
798
762
704
714
714
774
760
718
684
730
734
768
520
640
582
670
682
734
782
786
760
516
604
548
538
658
520
806
554
628
512
786
766
542
616
510
518
628
682
732
728
788
502
772
750
762
782
786
786
550
628
504
554
644
770
514
800
534
614
778
734
538
522
642
586
522
676
596
502
668
618
866
568
638
510
556
644
532
524
636
540
520
644
548
506
634
546
534
648
530
800
518
614
502
784
716
702
550
594
536
752
750
538
622
518
544
638
700
518
786
534
610
784
684
716
700
724
698
644
686
728
726
576
748
518
568
802
680
668
884
602
648
736
632
696
704
502
744
716
738
780
752
672
682
696
684
666
674
726
834
836
518
634
646
868
526
610
770
510
512
624
514
556
646
538
558
686
540
554
658
534
512
628
528
554
648
798
550
818
556
828
868
834
850
854
846
820
864
784
702
718
628
552
816
770
732
526
588
772
788
756
506
810
802
722
726
784
532
622
518
518
624
554
552
666
786
716
696
736
698
548
502
634
566
546
686
570
506
658
750
534
530
640
530
816
552
632
552
568
678
552
534
652
562
530
658
532
802
522
818
804
778
834
882
920
862
702
760
516
508
614
684
762
530
536
642
558
818
784
584
632
802
560
836
534
618
530
790
778
752
684
682
716
750
516
600
734
654
530
784
724
728
524
588
518
528
626
502
798
532
618
512
506
616
544
516
644
558
798
718
702
732
784
562
640
532
564
658
580
548
682
552
522
646
514
510
616
510
782
750
698
672
696
754
782
780
822
930
904
844
836
848
816
800
802
816
766
802
832
798
770
798
784
736
796
866
886
836
878
906
894
834
834
816
750
700
752
816
902
898
906
912
868
768
980
838
814
782
784
786
780
818
852
814
718
700
702
700
636
716
664
614
536
646
642
596
602
596
584
568
582
534
572
594
602
602
630
600
618
620
596
634
616
666
734
750
686
# end time: 2014-04-12-23:34:32, 1397360072.65
