# R wave intervals in milliseconds per line
# start time: 2014-06-26-15:16:07, 1403810167.77
730
722
734
734
732
732
716
668
700
686
682
648
620
648
652
654
752
774
804
782
784
730
752
752
750
750
800
750
700
744
708
696
732
682
698
722
798
786
786
732
782
736
680
668
634
816
780
754
704
762
748
698
686
700
740
726
732
738
728
722
714
748
754
766
734
800
772
680
730
732
732
676
660
734
682
714
710
728
730
688
734
726
738
710
728
730
748
684
704
712
720
704
710
786
720
646
714
698
686
652
630
636
600
622
612
634
694
740
766
732
752
732
714
670
714
714
726
676
674
700
714
728
700
740
768
780
722
698
772
770
722
734
734
800
706
710
784
750
698
720
748
748
672
698
732
706
642
672
682
702
696
708
688
706
696
622
674
702
732
716
694
704
698
728
718
696
700
720
726
692
648
652
692
722
718
650
630
650
660
664
648
612
634
634
600
604
616
604
580
582
586
606
614
646
630
630
646
700
720
750
742
644
618
652
664
660
634
640
598
616
616
622
634
648
616
602
620
622
608
618
600
596
676
672
640
664
650
668
662
624
628
686
690
702
672
616
646
674
714
714
638
658
676
676
692
686
684
662
716
696
634
686
712
746
682
686
674
728
744
708
688
712
718
728
680
766
760
784
786
748
764
756
682
662
706
758
790
814
794
770
774
764
746
700
732
764
794
802
812
836
852
736
790
806
826
822
802
844
838
832
820
798
820
680
650
652
684
714
832
814
802
804
852
828
854
798
816
826
778
760
748
772
814
840
842
756
758
802
750
676
664
754
754
716
780
824
834
814
728
742
752
746
680
702
756
772
756
768
734
780
704
616
646
602
600
632
682
726
678
716
738
762
734
654
632
650
644
656
680
730
742
700
712
724
712
756
678
668
646
654
662
682
654
636
698
684
744
704
670
700
716
744
770
804
796
688
692
708
754
792
800
754
804
814
822
792
796
724
752
744
752
704
744
800
818
790
684
720
744
764
756
730
668
666
688
682
700
696
756
796
828
788
736
756
740
790
736
764
800
804
798
718
730
768
712
722
712
752
772
678
704
720
730
668
676
736
710
662
656
622
708
728
770
796
752
760
776
712
684
670
716
746
802
782
838
848
788
716
732
546
770
586
596
620
646
650
656
614
580
598
606
648
718
774
824
836
836
828
810
844
782
742
662
642
652
686
752
792
804
768
736
748
728
674
670
722
746
766
762
770
752
680
634
650
652
672
676
704
606
628
632
604
630
682
718
764
734
752
776
690
702
704
676
702
672
702
712
730
688
650
700
720
732
812
718
720
734
748
714
668
684
702
716
752
702
666
682
752
730
716
666
688
714
720
702
646
682
686
714
708
660
682
666
700
710
720
692
728
712
692
702
614
628
658
698
736
714
666
708
730
748
730
688
744
744
746
670
668
678
666
668
628
622
680
688
700
650
652
690
710
688
640
682
704
682
650
680
690
714
666
688
662
684
678
670
636
634
638
732
748
782
766
680
682
738
682
648
702
736
734
770
758
806
800
764
702
738
696
734
664
650
684
704
680
694
752
804
828
772
798
770
690
692
698
710
744
666
714
714
734
736
710
706
732
722
742
658
716
716
784
726
710
766
780
780
750
714
722
718
780
688
646
698
672
696
680
688
732
766
782
752
710
738
734
742
710
710
728
726
726
676
698
722
730
728
682
680
750
726
706
676
744
724
724
692
700
666
718
716
708
652
668
686
698
690
676
708
742
760
712
692
710
726
686
664
698
722
726
684
672
676
724
648
646
620
644
676
726
768
752
796
802
782
752
686
714
714
772
754
714
752
750
826
734
702
736
732
730
686
746
764
788
818
780
812
788
748
700
720
712
724
670
694
728
732
704
670
726
716
686
698
740
726
738
632
688
676
734
720
698
716
726
740
710
694
718
714
710
656
714
704
688
710
700
730
740
728
680
712
728
730
666
652
642
622
720
718
722
750
748
712
684
688
644
684
710
704
714
728
722
654
700
650
654
656
660
704
690
672
718
728
720
738
644
700
688
730
750
738
740
818
798
790
714
750
754
766
718
716
748
758
728
718
724
748
694
716
730
752
752
746
668
704
730
738
718
744
736
734
738
726
700
714
736
766
754
740
790
794
778
778
754
766
748
698
710
726
726
682
748
778
788
760
722
744
724
766
730
694
722
754
756
746
668
754
730
742
700
672
744
734
708
716
768
814
804
752
748
780
768
764
698
722
720
728
698
736
764
786
772
746
798
786
734
700
734
738
690
696
692
740
720
658
722
716
732
698
684
720
718
676
688
696
718
736
754
696
736
732
730
672
664
716
738
746
798
790
830
886
830
798
790
780
704
648
720
716
750
714
756
760
774
762
748
684
724
760
754
728
672
698
702
642
656
684
722
696
700
716
748
738
680
688
730
734
750
692
682
694
758
730
684
684
768
766
764
700
762
756
752
698
730
732
740
748
718
700
750
770
764
700
718
760
740
716
696
772
768
780
702
734
738
724
718
672
760
754
716
666
588
604
532
672
720
712
694
680
718
696
720
672
612
648
630
616
602
588
582
566
576
576
636
668
696
766
738
728
728
722
704
712
696
672
620
616
646
632
638
600
604
614
630
646
636
628
672
684
700
702
670
630
640
644
636
648
630
604
650
664
692
682
648
696
696
706
662
654
670
672
650
610
634
636
666
636
608
654
618
634
654
582
582
580
568
572
546
568
518
564
520
568
534
512
548
522
544
518
532
510
560
516
566
588
596
620
600
642
672
666
620
640
660
696
654
694
702
770
798
740
682
764
764
750
738
696
608
616
682
718
692
690
736
764
770
738
734
748
746
688
670
688
688
658
594
606
676
646
698
770
772
792
854
568
650
632
616
624
610
654
662
704
702
764
714
650
672
716
732
716
688
696
770
764
768
724
858
818
816
784
692
662
712
744
828
794
740
612
826
744
780
756
712
798
774
748
734
712
722
728
770
734
752
786
782
716
752
762
762
742
726
672
698
704
704
648
728
740
764
716
732
736
730
650
690
650
634
646
636
600
646
664
696
660
716
728
756
768
758
758
820
772
710
718
744
774
748
746
772
808
808
774
742
772
748
776
680
738
738
736
666
734
734
740
690
700
708
696
716
664
686
684
666
632
666
698
670
616
644
678
714
686
686
698
762
720
656
662
672
646
668
612
632
618
618
650
672
684
626
670
602
634
636
614
594
588
584
582
584
570
618
528
556
612
650
700
688
584
570
596
650
682
686
684
674
620
662
638
692
664
646
614
616
658
732
718
684
788
762
744
788
770
732
788
730
736
786
802
774
846
842
836
826
764
806
772
696
734
712
740
734
648
764
794
794
774
690
724
788
736
666
702
710
742
684
734
764
770
714
736
768
762
684
702
720
732
682
718
736
700
710
704
750
732
668
736
748
702
682
712
728
750
680
738
730
760
704
670
696
750
734
684
704
772
744
750
698
704
730
754
712
694
696
712
802
750
736
744
804
788
830
784
800
770
760
714
732
752
770
744
758
764
710
676
684
732
696
668
682
740
734
716
758
804
698
682
710
716
682
648
682
708
726
802
688
714
766
754
764
702
724
732
730
716
664
720
730
780
770
768
750
868
784
700
762
738
718
700
666
698
728
740
754
738
826
818
768
722
746
748
764
758
698
778
776
774
772
748
754
704
692
738
784
816
782
798
818
816
720
714
768
736
714
724
754
758
748
748
756
760
792
730
800
782
770
736
736
742
786
720
700
778
782
714
708
734
750
738
714
786
762
818
734
766
768
746
706
748
766
750
692
698
766
730
704
760
764
758
682
686
686
716
656
724
704
728
686
652
684
722
742
726
694
766
764
738
686
712
732
738
742
740
780
802
736
762
772
794
758
716
782
734
664
672
714
740
720
728
732
752
756
708
696
704
698
674
694
734
768
786
768
782
768
734
682
648
652
686
750
784
770
790
870
842
810
720
750
746
738
696
704
760
756
716
700
762
768
754
706
712
762
734
674
686
746
726
720
712
732
742
696
686
706
716
684
712
726
726
734
696
740
778
788
714
720
750
768
764
670
682
680
678
674
670
734
748
750
704
734
748
800
726
724
750
738
698
684
648
634
618
660
706
688
696
732
756
752
678
670
682
696
688
664
652
680
686
684
670
732
766
786
772
692
740
708
668
644
658
690
716
726
670
720
728
732
694
676
694
704
724
702
726
744
730
780
734
748
732
704
682
702
726
758
752
718
762
752
748
738
768
766
716
746
754
754
710
718
760
758
692
644
708
708
748
688
728
754
766
686
698
702
714
688
662
734
712
724
766
702
732
736
734
700
666
740
764
770
762
750
782
784
724
694
752
748
702
688
730
750
730
704
738
762
766
706
682
728
726
712
746
672
716
732
736
700
724
696
766
700
718
746
734
684
722
746
748
720
704
736
710
618
634
656
680
710
702
670
718
740
748
734
694
752
728
722
670
650
684
702
700
714
720
728
702
670
652
650
664
682
672
680
738
728
786
750
686
680
702
702
718
684
714
752
750
682
638
596
604
618
582
718
716
682
654
616
622
620
634
612
652
620
616
616
582
584
584
584
634
702
752
796
804
798
704
662
640
660
682
696
676
708
644
692
650
724
722
654
662
648
618
620
648
630
652
646
556
650
568
620
616
632
612
590
616
628
628
578
616
582
600
602
590
594
608
610
606
592
642
618
626
656
668
644
636
584
598
588
598
602
592
558
574
576
584
618
608
594
582
576
596
606
626
652
674
670
634
638
680
676
676
682
636
600
608
612
682
658
626
614
604
614
658
698
750
714
656
646
684
650
614
604
648
670
670
666
718
762
720
674
708
752
752
702
744
732
708
642
646
674
658
604
644
618
650
684
730
698
726
746
654
686
700
700
648
686
666
728
622
614
634
656
678
736
784
782
814
812
818
774
736
696
670
632
588
630
618
686
716
786
778
802
770
798
774
706
674
662
668
674
692
718
758
712
722
680
680
700
668
672
696
738
694
740
712
746
660
670
726
678
770
748
716
746
698
742
762
702
670
748
758
730
816
790
712
730
750
740
668
672
662
672
722
738
778
750
806
808
766
738
758
774
816
718
766
800
818
724
776
782
786
702
682
720
664
774
812
810
754
782
822
830
748
786
768
732
718
666
704
700
702
682
692
774
704
686
724
734
702
700
738
748
696
702
680
704
802
814
772
754
844
768
712
750
752
718
680
678
744
832
842
762
834
820
682
934
714
764
738
762
704
714
756
778
756
770
776
800
690
698
794
722
670
704
730
714
752
764
878
740
750
782
754
702
748
770
738
656
674
648
722
678
704
740
710
712
754
766
734
654
746
712
656
650
666
666
680
656
700
684
682
704
680
766
812
826
800
732
768
766
704
634
644
652
618
722
798
718
632
636
696
604
596
634
564
554
594
568
586
568
616
568
546
534
552
528
558
544
538
586
550
594
648
638
648
690
758
772
830
816
790
768
598
1014
838
830
836
748
800
820
802
798
802
782
726
728
810
848
886
890
862
872
882
776
806
842
852
826
846
872
850
902
812
866
838
700
702
780
786
766
796
854
834
814
840
816
864
784
798
806
818
764
820
814
766
712
706
818
848
818
844
874
874
794
798
764
756
732
786
846
890
862
850
848
854
836
812
828
856
906
824
876
852
830
714
754
748
802
814
832
786
812
768
734
786
818
742
690
696
754
720
750
846
822
794
792
700
758
742
676
772
782
896
824
846
820
798
882
816
798
836
864
852
868
800
768
800
786
714
682
698
774
866
896
848
858
844
784
764
784
774
730
730
702
732
810
838
772
800
816
782
734
732
716
772
802
862
762
742
768
782
734
716
822
826
768
786
818
800
852
742
754
784
764
746
692
730
752
730
648
736
768
810
792
862
850
868
788
780
768
714
704
702
764
816
750
754
808
822
808
820
840
852
798
780
766
776
774
754
712
752
784
782
760
788
834
840
846
898
796
774
848
680
668
666
672
730
736
746
752
686
736
582
732
700
682
872
570
780
762
694
748
832
814
704
684
698
670
646
664
622
866
678
666
666
684
632
638
630
658
640
636
584
624
628
650
664
752
762
746
674
682
634
650
702
768
834
812
840
870
880
844
836
838
814
834
786
846
866
884
816
852
888
916
848
848
888
864
834
766
814
854
850
794
840
850
752
726
752
754
722
712
820
780
688
728
770
784
730
714
706
764
834
856
798
852
770
826
688
702
754
760
832
880
894
626
678
724
794
838
808
746
816
836
850
822
808
866
818
720
666
630
710
704
704
746
842
716
1028
822
812
820
552
600
712
736
696
754
834
840
782
800
840
774
782
840
778
800
804
796
776
710
780
822
744
820
792
810
868
822
832
880
816
768
800
768
752
748
838
830
860
854
870
832
766
800
816
800
764
786
864
772
682
752
794
842
864
836
864
852
818
710
754
748
734
670
644
690
682
736
762
684
706
734
828
816
768
800
794
752
674
712
720
782
# end time: 2014-06-26-15:50:13, 1403812213.45
