# R wave intervals in milliseconds per line
# start time: 2014-02-25-01:54:03, 1393311243.58
810
800
740
716
678
702
762
746
704
688
670
726
838
882
852
834
788
812
794
764
740
730
798
804
780
780
806
804
754
760
674
712
778
812
846
852
772
766
740
710
764
700
706
750
814
816
786
718
728
746
766
740
720
752
734
700
656
676
676
704
726
694
722
786
768
780
764
778
786
824
778
738
750
824
794
720
668
628
688
668
702
804
764
734
802
826
830
762
668
708
684
702
784
810
836
868
854
866
832
790
796
796
806
762
706
710
766
820
796
728
704
734
764
778
750
676
746
748
752
838
782
728
750
766
764
726
704
732
726
758
688
708
724
770
798
756
710
758
766
746
806
730
696
750
726
706
708
696
720
728
760
720
750
786
794
752
706
744
754
730
688
706
666
670
668
720
766
720
694
730
756
772
772
708
718
728
772
728
752
766
800
792
728
682
698
706
672
718
766
832
826
726
680
688
720
704
724
672
698
724
722
680
670
666
674
704
728
714
696
664
654
636
622
658
676
686
652
696
678
674
640
642
684
672
688
690
670
900
710
696
724
736
776
728
758
792
822
844
834
778
750
772
792
814
802
732
814
830
820
784
760
750
788
824
768
708
746
768
756
694
698
732
762
784
696
702
728
742
724
688
782
788
792
746
730
760
808
740
804
754
792
822
818
778
718
750
768
782
768
734
738
774
796
726
760
756
744
738
694
754
754
770
742
702
698
704
708
744
676
678
662
674
738
702
720
764
800
796
730
708
730
730
730
716
704
754
780
788
742
704
732
720
666
750
780
820
804
738
720
744
750
764
750
752
748
766
778
750
736
758
762
734
750
726
774
760
702
646
650
668
686
706
700
658
722
728
722
670
614
642
640
658
734
804
840
780
760
772
732
704
700
768
768
766
740
750
694
746
758
766
776
770
730
688
712
732
756
740
776
762
774
780
780
766
746
758
766
760
730
696
688
758
772
772
738
770
742
692
650
696
744
728
698
682
740
746
720
664
706
724
740
760
708
676
690
750
730
718
686
688
724
744
740
708
702
702
702
780
782
798
816
776
732
738
732
738
738
714
744
770
768
748
736
768
772
776
746
768
758
782
748
752
702
732
732
716
690
682
712
690
674
632
622
636
648
616
636
632
708
728
694
706
722
756
752
736
682
694
706
716
720
680
722
742
810
736
680
720
780
794
770
710
650
670
658
684
712
752
736
712
716
736
770
784
740
708
724
738
736
704
684
746
744
716
662
656
670
662
674
668
654
632
620
614
596
730
754
760
758
794
768
740
732
730
704
740
690
648
634
674
654
662
674
690
702
700
668
670
672
674
666
666
678
712
730
728
726
722
684
672
674
674
662
632
590
628
620
604
656
660
718
814
846
760
698
682
670
666
670
664
636
616
606
608
614
624
700
768
782
784
786
788
764
724
676
660
664
664
640
642
648
668
672
672
660
662
658
656
672
706
732
766
754
738
716
706
650
622
670
674
702
706
686
664
658
640
642
632
642
632
550
636
602
612
616
614
610
616
594
624
592
606
600
600
586
588
578
576
586
616
710
800
840
828
854
794
808
706
692
698
694
726
740
724
692
694
730
746
760
710
688
686
686
696
688
704
752
762
782
762
804
844
866
862
848
820
790
774
744
712
678
740
758
796
782
728
724
758
798
826
828
792
776
776
764
736
702
726
762
788
814
794
768
740
778
732
698
696
714
796
794
774
772
772
758
700
700
730
754
792
774
718
780
774
794
770
706
758
740
726
682
688
714
732
742
700
692
718
716
674
700
716
740
786
794
720
734
686
648
628
624
624
700
732
750
694
680
660
656
660
696
762
822
832
836
856
786
782
780
776
752
742
764
776
786
778
770
780
778
756
730
748
780
794
806
784
730
790
766
746
734
704
732
756
738
720
654
662
660
684
680
704
642
638
644
636
630
638
650
666
650
628
616
624
612
610
612
616
600
606
612
616
666
652
644
652
660
694
716
718
678
654
682
742
786
788
734
732
758
728
766
708
674
748
752
748
702
660
680
704
726
718
682
668
706
720
714
674
646
658
678
696
686
652
660
658
654
628
638
686
762
848
852
832
750
698
682
700
730
762
776
690
664
698
728
776
806
776
750
784
802
822
784
732
738
744
742
784
786
1450
872
628
774
720
672
664
666
682
700
720
750
778
822
832
832
820
824
804
768
764
774
790
822
842
852
858
842
820
804
794
792
742
686
712
760
810
818
798
826
830
770
706
728
752
760
722
702
758
778
760
704
724
766
780
776
732
726
754
730
672
668
702
728
732
714
736
760
746
724
698
708
720
724
684
668
700
724
728
678
648
650
654
674
708
720
694
696
704
670
652
640
634
648
678
706
740
752
728
696
694
684
680
654
652
690
728
758
804
708
756
694
672
658
672
712
738
762
722
766
758
776
778
748
750
770
772
752
710
718
756
800
776
722
766
790
774
710
704
734
748
732
680
702
708
716
682
664
698
740
756
776
696
702
738
768
810
814
776
796
796
798
762
752
774
774
756
732
772
724
652
622
650
650
700
718
734
726
736
666
646
662
658
586
620
592
572
692
784
794
804
806
812
812
814
792
848
842
834
884
858
848
804
766
738
730
696
678
676
714
708
732
814
864
858
850
834
814
792
750
738
728
736
714
660
668
690
722
810
860
830
778
776
796
794
760
718
736
752
782
818
810
804
806
798
786
714
686
694
708
734
768
780
740
784
816
796
710
682
736
742
774
756
736
766
772
772
728
668
658
668
704
740
776
746
734
788
792
794
794
782
778
768
746
712
742
778
830
846
816
762
752
766
752
716
688
716
734
758
752
712
750
764
762
722
718
746
750
746
726
734
794
796
786
788
794
772
724
660
668
688
718
762
726
718
720
698
668
650
664
692
736
770
756
722
734
740
722
712
698
658
666
680
702
728
748
740
762
764
750
716
760
800
840
850
854
834
776
684
704
716
732
746
744
746
758
758
760
730
688
702
760
810
828
788
790
788
734
682
690
718
706
688
664
656
666
676
648
624
626
634
650
666
680
710
720
688
678
682
702
722
738
712
720
698
716
716
708
676
698
724
758
804
782
794
804
804
804
778
794
798
796
742
728
770
800
816
756
752
788
786
732
714
776
764
752
694
698
718
728
686
690
698
704
740
780
794
770
744
752
742
744
732
712
706
724
746
770
758
768
768
758
766
774
750
730
744
764
786
798
810
790
776
772
764
748
788
748
758
784
794
762
714
692
690
700
704
718
764
796
790
738
710
724
732
754
756
706
718
734
738
712
680
696
750
818
850
846
814
818
808
810
778
772
778
770
774
760
766
786
810
798
750
752
750
736
728
768
810
826
816
810
812
806
770
744
754
782
800
784
758
764
782
792
764
738
784
816
802
764
772
768
742
716
722
758
784
750
726
744
754
734
714
652
640
646
630
638
656
714
758
754
714
690
728
694
700
676
692
720
744
752
752
712
702
742
778
788
796
804
794
776
756
744
756
752
754
732
756
790
806
792
760
788
824
836
848
810
794
804
786
746
752
800
850
856
834
790
802
786
730
696
716
750
782
792
776
822
824
828
798
788
798
806
786
760
784
804
810
796
796
790
796
772
738
752
770
768
804
756
798
794
756
726
738
746
742
770
726
758
780
788
752
770
752
754
766
762
752
768
778
760
718
744
750
772
750
720
664
662
668
678
692
728
754
736
726
758
780
802
774
722
720
736
722
688
702
652
668
662
658
660
700
752
772
760
772
762
692
676
692
708
722
748
768
728
742
696
666
646
698
690
678
694
732
764
778
770
744
702
710
722
720
688
710
692
702
718
748
750
732
714
712
720
722
738
744
736
724
688
666
660
688
718
820
830
796
766
814
776
754
732
758
788
772
698
648
660
692
726
730
710
718
700
728
780
802
804
764
732
718
722
716
704
718
730
738
738
756
758
780
788
790
770
782
798
796
788
768
768
764
758
754
744
768
792
776
762
770
780
776
742
712
718
716
702
670
666
664
666
704
770
764
740
764
788
752
764
702
730
764
800
802
794
810
808
780
728
740
766
794
792
768
794
798
784
788
820
842
826
784
788
794
800
776
776
792
810
786
792
798
794
762
766
784
788
768
782
812
796
772
782
790
784
746
736
766
802
838
798
746
724
716
718
694
658
662
696
768
850
864
864
852
824
744
710
700
688
672
654
654
654
688
684
672
726
780
720
778
798
812
814
812
790
780
782
780
832
786
744
676
662
688
724
784
770
728
790
742
704
714
692
662
684
708
734
758
760
722
736
748
766
722
680
748
742
728
694
696
718
734
740
694
670
658
652
652
676
720
752
760
770
786
822
830
804
742
702
680
672
660
634
622
634
658
680
748
814
816
812
828
820
792
702
732
718
744
770
788
786
804
800
774
766
786
802
812
776
758
764
734
716
676
688
720
772
778
752
724
740
750
756
736
700
720
722
740
750
726
732
696
716
752
702
710
744
788
806
778
758
776
766
738
694
692
688
662
680
652
648
700
742
766
750
720
764
716
666
632
626
640
668
744
792
772
760
768
760
714
670
636
630
622
630
632
638
666
704
716
748
780
836
840
832
828
838
818
794
844
844
840
836
848
848
850
816
734
680
646
628
610
698
744
732
758
770
794
790
788
774
756
708
716
736
760
804
814
798
774
770
782
790
788
762
760
762
766
736
700
714
800
806
822
790
794
786
766
726
730
758
774
766
734
738
740
756
760
748
774
780
770
734
738
728
710
674
654
670
694
686
674
704
696
628
662
638
648
638
644
670
712
738
706
676
704
720
742
748
738
710
712
726
742
794
756
730
740
760
780
788
770
754
774
784
788
768
778
782
774
758
780
802
802
850
810
776
776
784
792
762
744
762
824
792
746
740
748
746
726
736
746
762
700
714
730
752
718
670
698
774
778
776
720
696
682
664
652
672
726
754
736
756
764
830
794
772
782
786
760
776
688
678
728
728
756
758
766
824
798
776
764
770
776
744
706
734
752
770
762
742
762
752
752
736
692
744
784
790
732
682
728
726
754
772
736
758
770
760
720
738
726
736
708
694
708
760
820
824
834
798
764
738
694
660
648
644
608
640
622
686
674
642
632
636
642
638
622
624
612
606
600
612
620
612
618
702
730
778
784
764
766
772
770
778
758
746
798
746
700
738
792
844
816
752
764
770
744
672
702
724
746
736
702
736
760
732
688
712
754
778
770
744
728
784
752
728
740
756
780
774
756
764
764
762
718
714
786
782
778
758
714
670
652
652
660
654
704
672
642
638
676
698
718
742
750
754
760
756
746
740
720
722
778
776
788
752
748
740
776
732
726
742
752
724
676
698
720
720
736
696
728
742
736
722
746
760
760
752
756
768
752
724
742
762
770
742
722
730
728
704
704
692
742
782
780
720
768
736
684
664
618
628
652
646
662
734
774
756
764
794
792
758
772
750
772
762
752
802
836
840
826
796
784
832
800
768
756
784
768
804
748
760
772
778
748
714
750
780
802
788
752
780
782
784
766
740
748
754
744
774
788
806
784
794
780
776
770
738
746
760
764
732
768
762
764
722
718
736
748
690
650
648
664
686
730
824
800
750
738
692
706
650
648
676
704
734
700
668
678
704
722
746
730
730
762
758
796
742
750
764
758
742
724
748
784
798
770
778
784
770
718
718
744
766
768
812
836
838
830
786
816
786
766
730
720
770
746
696
724
754
786
756
738
768
762
788
706
762
770
764
694
736
730
718
668
632
648
668
694
666
648
638
608
620
588
628
634
646
628
602
630
606
604
604
586
714
550
664
732
728
718
722
720
736
762
758
796
762
758
744
748
746
726
680
658
670
688
666
642
636
640
628
626
622
618
628
690
676
660
726
732
738
734
712
676
686
690
698
710
730
740
720
732
786
758
670
712
700
706
684
658
680
732
790
840
870
842
842
808
742
658
674
682
700
746
722
726
780
806
816
752
724
746
734
780
706
714
744
778
764
702
730
742
736
662
698
716
724
702
720
714
738
742
730
688
694
692
748
708
672
692
720
742
764
762
778
752
798
750
778
824
826
798
762
780
788
786
746
728
724
694
658
668
686
670
680
748
796
752
808
786
718
678
644
604
646
618
606
640
684
696
696
668
678
678
678
620
680
686
726
744
726
758
750
772
724
764
792
816
832
796
816
822
886
814
770
834
840
816
722
692
708
712
682
676
760
792
820
726
786
822
758
706
744
758
710
692
754
822
774
762
824
854
798
744
828
826
774
704
724
740
752
714
734
772
800
750
772
786
814
710
700
746
772
724
758
834
862
830
766
788
816
812
734
712
724
706
664
664
724
806
826
748
812
812
802
726
722
748
814
764
696
730
762
788
742
720
756
778
736
710
750
770
740
732
770
782
736
674
698
766
738
708
672
688
708
722
716
670
664
686
702
678
638
700
718
762
790
742
760
778
790
748
722
768
814
822
762
742
758
750
710
720
764
780
776
722
738
772
796
788
726
790
790
796
738
698
762
760
740
728
782
820
826
768
738
750
752
722
690
734
780
744
750
728
770
758
714
756
782
756
698
696
728
728
674
644
662
680
728
716
736
804
812
824
756
766
766
714
696
692
698
722
710
722
780
850
848
790
698
708
750
792
774
752
812
848
870
828
790
838
838
822
776
810
850
846
774
746
776
796
764
696
710
760
776
736
754
812
844
776
764
790
774
730
678
678
714
728
710
684
728
768
766
724
712
770
798
790
732
746
792
810
768
724
768
768
728
676
760
786
800
730
732
728
788
734
760
824
840
800
804
820
814
766
722
754
794
794
736
762
792
802
738
762
778
776
712
744
770
788
752
724
768
788
778
704
754
774
798
770
728
776
810
816
750
724
766
796
792
740
718
754
760
790
710
736
766
764
724
712
708
726
680
706
694
720
680
680
704
710
680
662
692
704
662
630
646
628
698
704
664
672
722
800
744
688
682
702
712
676
658
682
706
710
702
664
754
774
780
736
732
778
824
858
772
742
774
774
788
760
760
718
764
770
782
808
840
848
756
776
804
826
762
754
792
812
814
788
702
762
758
754
760
824
868
884
846
798
830
840
796
786
774
820
782
742
738
776
812
776
758
810
790
720
678
690
690
694
722
734
734
766
768
770
748
706
714
740
750
704
692
744
728
758
690
702
718
702
652
698
718
778
792
770
804
824
792
732
688
722
712
678
640
640
664
676
640
660
624
656
716
796
866
826
850
826
784
706
718
744
780
764
718
762
790
794
736
706
756
790
776
744
684
726
734
694
716
798
838
824
838
818
828
810
746
744
748
748
730
696
738
782
796
762
760
798
788
728
728
738
754
708
670
700
704
660
682
678
710
682
706
760
782
726
678
# end time: 2014-02-25-02:33:46, 1393313626.6
