548
568
580
620
676
694
676
630
640
632
634
644
650
618
622
634
658
668
642
634
660
676
684
694
682
636
638
636
626
628
618
584
620
642
678
704
646
666
670
662
644
670
606
610
626
638
638
706
644
652
668
660
732
672
632
654
652
656
632
604
622
644
680
696
642
654
668
732
672
626
622
634
652
632
590
574
586
588
592
600
568
552
546
552
556
568
588
616
652
640
644
642
610
642
600
560
532
564
548
528
534
522
554
628
728
776
792
794
766
732
710
642
600
540
826
520
622
2228
1572
1106
664
734
582
594
598
604
594
594
586
558
588
576
598
648
704
716
650
708
660
630
598
590
604
618
594
564
592
606
648
686
714
704
682
688
698
700
696
676
642
654
658
676
690
670
676
690
688
696
688
660
650
660
648
712
694
674
630
640
646
632
686
628
604
606
618
632
664
672
654
638
662
634
682
644
620
604
606
604
616
614
580
634
604
670
646
638
610
586
554
564
594
616
650
694
696
650
618
652
648
634
628
588
592
620
632
658
652
610
612
632
644
668
668
636
624
624
642
638
632
634
652
668
664
630
624
650
662
656
646
604
596
652
634
620
676
658
608
650
634
634
632
602
576
572
582
584
572
584
608
624
642
604
586
594
626
626
626
616
590
598
620
632
638
630
598
614
636
626
640
618
594
608
624
648
654
630
638
652
658
662
614
598
606
620
628
650
622
630
656
658
670
632
618
638
646
660
644
620
632
636
630
620
590
582
596
610
640
648
624
630
652
656
664
628
638
570
592
610
628
624
622
630
614
590
572
558
566
594
636
720
768
756
728
740
714
692
654
628
626
622
612
608
588
582
604
610
610
616
610
618
642
644
644
616
668
668
668
652
612
590
616
626
650
636
660
634
664
672
668
630
614
666
638
638
612
628
640
604
642
586
574
588
586
588
622
658
614
602
618
596
582
618
624
638
606
578
570
578
572
588
592
624
670
698
704
648
676
664
668
664
658
608
630
620
636
648
660
650
678
708
714
706
664
658
644
664
668
678
654
606
662
654
626
652
614
624
626
602
590
574
594
628
678
688
658
662
676
680
660
624
620
640
640
630
588
644
624
638
638
616
602
618
630
646
634
642
654
630
694
630
628
646
648
646
618
594
610
622
622
618
610
616
644
628
618
566
600
590
610
638
676
666
630
654
662
674
666
606
632
606
618
622
588
584
606
612
620
628
592
580
634
626
620
592
610
618
622
616
610
620
644
642
628
602
622
632
628
620
634
580
630
614
616
594
628
592
598
642
624
608
640
634
638
630
610
602
642
628
620
600
618
624
608
664
610
594
634
628
650
644
626
642
640
642
602
568
604
564
568
568
566
588
592
582
568
606
642
658
662
718
636
682
668
642
686
628
608
630
636
642
620
596
618
640
660
642
596
642
610
664
632
608
592
604
608
616
602
626
652
664
672
632
680
670
664
656
632
570
604
616
604
650
632
634
654
662
672
644
606
618
636
642
676
648
664
626
634
642
632
610
596
648
640
622
658
620
632
646
650
618
614
634
640
618
644
598
580
590
608
624
634
632
646
660
674
652
636
640
670
640
610
590
600
610
618
624
622
594
612
618
614
618
602
608
622
632
658
644
604
576
654
648
662
652
608
628
634
636
628
604
572
622
608
610
586
584
616
624
630
618
624
652
648
668
638
632
642
648
622
646
592
584
594
600
616
670
720
714
710
716
718
690
640
642
626
640
638
612
588
598
610
602
664
628
630
662
684
678
618
592
636
594
616
662
650
660
674
682
656
644
600
614
530
634
654
668
674
686
676
676
662
664
618
568
558
602
580
614
616
652
712
736
724
724
736
718
714
702
644
670
650
630
606
610
610
628
626
666
660
748
724
732
718
776
726
680
708
666
628
642
634
618
630
618
590
586
608
606
618
606
632
610
600
642
648
600
620
632
638
646
632
606
622
646
660
658
628
608
628
632
636
636
616
598
600
602
606
590
614
582
582
576
598
550
580
598
602
628
644
716
704
678
636
656
658
618
632
614
592
612
628
658
684
702
686
654
666
674
664
670
636
612
628
632
652
672
652
642
694
694
682
624
558
606
600
616
604
580
614
602
612
626
594
606
548
602
598
598
614
614
588
598
606
608
600
592
582
598
604
608
616
606
612
622
626
626
600
586
588
596
614
632
672
706
712
722
664
630
664
642
636
608
588
598
606
590
634
596
602
618
630
618
606
612
612
616
596
574
570
566
560
548
560
590
586
578
576
584
592
578
638
646
682
712
718
672
658
672
654
638
618
630
650
652
660
662
606
584
592
602
616
652
636
646
658
658
666
626
592
646
630
640
654
648
612
626
644
622
678
642
610
600
622
642
660
640
640
662
616
668
610
590
606
618
628
642
650
638
634
606
604
620
602
578
608
624
662
668
700
662
614
686
696
690
632
636
614
622
590
632
588
604
614
612
686
672
632
670
658
690
712
594
638
638
634
584
614
580
600
614
632
648
614
612
622
628
632
624
604
618
630
650
678
678
632
636
664
672
684
694
686
650
650
642
664
668
658
616
604
606
596
600
576
554
550
554
580
600
632
626
610
612
628
640
648
656
634
604
622
614
612
604
586
572
588
600
618
648
660
636
626
636
624
620
596
592
602
614
644
654
640
604
610
606
608
618
592
614
586
588
574
570
582
606
604
602
612
636
632
696
636
650
656
668
624
602
574
624
608
624
654
596
666
662
690
656
622
666
658
668
664
650
598
604
592
664
662
704
700
674
704
692
740
644
650
638
632
652
632
612
624
626
652
632
658
614
614
626
638
620
610
614
626
628
634
618
630
604
614
642
640
630
604
626
646
652
662
658
614
622
640
632
638
606
590
608
622
636
652
622
600
642
632
650
630
612
626
624
622
644
638
612
612
682
666
678
672
628
660
614
664
604
614
614
638
668
668
634
698
664
708
650
618
606
620
638
600
610
590
592
606
630
646
638
610
672
668
646
652
616
600
620
620
636
640
620
596
620
632
634
666
616
678
644
668
658
626
604
564
590
580
612
630
650
650
652
650
630
584
582
598
602
628
648
676
686
684
702
658
646
640
630
656
632
604
612
640
668
716
738
754
752
732
676
706
654
588
628
602
586
588
576
564
578
594
608
580
598
586
618
652
660
634
628
636
638
616
592
576
622
608
608
588
574
596
608
598
638
614
628
656
662
634
642
650
654
636
600
604
620
620
636
632
612
636
664
686
710
704
670
652
662
664
670
678
644
618
626
644
654
680
668
616
622
624
628
634
618
634
656
690
710
648
650
646
636
590
542
584
578
594
626
646
626
650
654
716
684
648
642
644
640
628
606
622
630
642
640
634
624
638
654
680
696
658
660
664
666
654
624
576
616
616
624
652
652
638
660
678
684
656
618
624
662
652
628
604
618
632
650
658
644
600
632
630
640
620
660
650
694
708
690
672
640
660
646
634
614
602
630
654
658
686
688
662
664
714
680
654
592
644
646
656
660
692
616
600
628
626
632
642
622
616
644
624
672
604
590
652
652
630
624
656
672
678
650
658
586
602
624
612
662
614
616
612
662
628
670
618
644
620
638
616
588
580
602
576
558
584
590
582
620
644
652
660
614
650
636
634
610
626
592
602
604
594
576
840
510
504
524
538
588
720
538
854
514
508
528
568
512
560
572
576
572
622
614
610
570
538
542
556
546
582
532
534
552
542
532
572
518
562
606
662
684
682
606
624
606
604
622
648
692
702
684
688
692
698
684
656
620
612
604
638
600
578
572
560
546
550
546
554
582
630
740
738
722
714
686
632
658
610
590
608
558
548
580
578
586
636
622
626
626
628
570
590
574
576
586
614
650
670
696
698
690
652
624
606
586
568
574
568
550
584
746
512
536
538
554
572
606
566
588
614
610
612
604
642
632
598
628
570
586
572
596
562
554
548
564
536
558
566
588
614
618
588
610
620
626
620
634
606
604
606
604
626
608
618
628
638
634
604
584
608
616
624
646
622
606
606
616
608
580
582
582
618
616
622
624
614
622
614
596
590
612
592
606
610
568
608
594
614
626
596
570
576
584
612
604
598
588
584
574
600
564
564
562
556
562
556
622
626
622
598
574
566
592
516
506
512
508
528
606
698
720
728
682
688
628
566
546
540
538
540
548
526
542
524
520
814
740
534
562
590
616
624
596
570
546
580
520
532
534
524
566
526
536
524
534
546
584
608
596
618
648
646
632
618
660
586
622
580
550
554
568
538
520
524
540
542
560
562
562
554
606
612
660
674
700
692
724
686
674
672
660
654
650
632
586
574
810
700
724
1314
788
546
632
654
800
648
630
614
618
620
630
622
612
604
604
594
586
566
560
538
556
530
558
560
578
594
568
558
564
568
580
590
596
616
612
614
626
624
622
600
576
568
566
564
540
570
554
560
522
568
748
516
674
508
604
652
736
750
756
790
824
844
844
848
832
824
792
758
708
696
604
862
602
642
738
790
802
742
738
738
734
714
638
626
634
662
716
754
716
700
692
698
714
680
624
616
666
654
668
660
660
668
678
688
682
670
674
684
700
668
654
644
698
666
652
664
682
712
670
622
612
624
640
660
698
648
604
606
610
632
586
590
570
556
562
566
568
552
548
552
564
562
570
546
542
556
566
580
588
586
578
558
538
552
550
554
562
574
580
596
572
584
588
614
596
610
586
612
574
598
592
602
612
628
628
630
630
622
608
586
570
544
524
528
548
600
662
726
744
722
728
694
624
600
600
602
614
614
606
610
616
618
616
612
600
578
574
584
592
612
638
634
658
676
696
690
618
638
610
576
564
540
532
538
552
572
564
558
536
556
590
626
650
728
716
664
646
638
632
628
608
644
620
600
594
626
614
616
610
648
596
632
612
598
632
598
604
614
610
636
606
610
622
632
618
598
616
618
614
600
586
602
604
608
594
580
602
616
618
592
580
632
606
606
606
612
602
600
594
574
546
574
578
586
600
600
554
576
548
556
532
572
750
510
514
504
502
796
710
510
504
508
530
546
556
602
588
598
596
598
840
592
552
584
598
630
672
692
642
656
638
732
740
744
694
680
664
636
666
630
584
572
582
590
624
636
634
618
634
656
668
642
634
588
644
636
650
658
640
584
588
592
596
598
598
598
618
634
648
640
600
654
642
648
624
604
606
614
614
608
590
594
580
602
620
604
638
600
616
624
634
634
570
614
612
608
660
614
650
632
612
660
640
626
638
646
642
646
636
618
634
642
642
624
572
602
602
612
612
592
600
616
628
602
582
590
600
606
600
626
564
550
558
564
512
552
548
552
564
562
574
550
580
574
562
544
552
556
582
604
638
654
632
588
626
620
632
638
646
648
616
592
600
616
628
680
682
672
614
646
652
650
662
650
624
636
648
660
672
652
622
626
642
652
646
622
576
618
562
582
618
654
644
624
644
624
608
618
588
566
598
586
596
614
622
618
596
584
582
580
590
580
576
548
556
548
548
544
534
526
574
738
508
566
578
590
582
592
582
570
560
572
588
606
626
630
620
640
644
652
652
646
642
628
614
652
608
594
592
586
594
604
620
604
598
628
636
622
662
584
604
584
562
558
560
568
540
552
562
580
558
534
544
552
526
526
520
528
518
510
520
536
554
598
648
672
678
688
676
674
638
664
606
592
584
574
566
564
556
562
576
590
682
690
714
682
678
592
590
582
596
612
602
596
606
626
630
632
594
600
612
614
630
632
608
600
628
608
610
644
616
632
654
664
658
614
650
636
640
654
640
630
638
648
654
618
644
624
676
648
616
588
606
594
606
602
572
546
556
554
560
560
560
554
572
612
612
600
592
598
606
582
560
598
586
594
596
576
614
560
558
574
598
630
670
662
642
656
652
652
638
606
578
628
640
676
706
724
674
706
650
690
656
630
640
656
678
702
676
610
632
640
656
664
634
630
654
666
672
658
648
664
662
672
658
634
646
628
674
654
644
668
676
694
646
654
652
660
676
652
630
636
652
646
644
612
614
656
654
636
604
624
626
638
626
588
566
606
600
616
616
674
604
602
612
610
614
596
574
608
586
588
596
574
622
616
610
584
576
510
556
586
506
536
542
540
546
594
622
614
580
568
554
558
560
838
550
562
586
590
604
620
630
626
628
610
628
602
626
570
574
576
564
596
580
578
564
572
586
586
584
606
548
546
550
542
626
650
680
692
648
630
624
612
612
592
588
604
614
620
600
574
566
570
580
592
638
656
574
586
594
588
592
598
638
622
624
592
586
582
610
574
572
552
548
548
568
572
544
556
596
598
608
614
618
630
640
648
606
562
586
558
540
578
520
566
752
536
650
716
578
622
686
748
760
756
712
720
708
714
700
718
714
712
696
666
662
684
706
716
726
680
642
640
678
720
766
764
716
646
652
678
654
654
644
620
656
656
670
658
632
636
658
672
668
710
664
662
688
698
706
710
702
672
674
662
658
662
666
650
646
668
682
696
696
640
644
642
634
684
674
648
678
670
680
684
626
644
588
608
604
630
652
646
628
676
678
676
664
644
608
648
608
606
602
566
600
582
582
582
582
578
576
570
580
600
630
660
666
646
666
620
604
604
610
602
602
572
566
564
582
592
598
590
612
612
566
622
600
624
616
586
592
594
584
580
582
612
576
566
588
588
578
598
572
570
592
600
606
590
578
568
584
544
546
560
576
602
608
626
642
662
678
650
624
596
610
568
558
560
554
540
538
526
528
522
524
522
552
570
574
576
608
578
550
546
534
558
550
578
626
690
682
674
646
618
568
608
574
602
596
578
566
556
576
530
532
536
548
552
578
610
680
744
742
720
700
646
614
600
608
640
690
710
734
738
704
724
680
628
598
578
572
570
594
648
750
758
774
798
790
746
766
712
670
612
592
584
560
548
546
528
554
508
550
564
588
630
638
634
616
620
578
590
558
554
554
552
560
558
540
554
556
526
558
546
518
734
542
502
524
542
586
654
694
660
622
628
646
670
684
680
676
644
652
616
596
570
582
582
596
630
642
632
604
574
622
626
632
632
618
614
648
640
662
658
644
630
624
640
624
588
642
624
634
634
618
608
610
606
600
606
594
594
576
578
570
560
540
540
530
536
574
508
530
574
556
570
560
552
564
534
540
530
544
566
600
618
640
618
606
618
610
604
590
578
580
576
568
546
548
554
568
592
618
664
682
652
664
670
660
656
636
622
618
606
846
562
548
536
574
574
586
596
678
654
644
638
626
602
586
660
550
526
546
526
560
546
560
566
560
552
558
556
546
542
520
508
516
530
520
526
580
590
608
642
660
676
670
648
644
648
632
626
610
592
578
578
580
580
574
572
580
562
602
566
556
566
560
556
550
544
506
552
554
564
580
596
604
606
600
594
590
600
596
568
556
552
556
546
554
536
546
546
548
552
562
520
566
726
1796
1078
1014
988
592
620
686
738
734
714
700
728
688
648
596
576
584
594
608
636
650
656
652
656
648
644
626
618
620
632
638
632
616
612
616
620
626
632
608
622
592
590
592
602
614
624
588
558
604
578
570
578
592
610
612
592
572
574
580
634
560
548
562
542
536
554
568
588
612
632
640
668
604
578
576
592
616
644
674
696
644
654
620
632
644
646
658
714
674
708
666
650
638
676
640
636
624
626
586
550
604
602
604
608
620
576
570
588
588
592
590
574
576
604
596
622
636
614
588
574
578
564
558
546
584
524
540
574
558
558
638
542
584
592
610
542
554
560
582
568
554
584
524
540
554
562
570
540
552
550
554
586
502
518
548
552
560
526
560
540
550
566
578
550
584
526
550
582
578
612
566
572
582
546
562
568
556
546
556
586
512
508
634
724
538
506
544
578
504
562
574
580
564
552
814
576
574
632
600
590
608
604
600
600
580
578
582
582
606
554
552
566
576
594
584
606
576
572
596
568
592
538
564
578
574
558
586
536
542
556
548
580
748
512
526
572
510
532
800
748
540
564
584
584
602
530
544
550
554
554
526
524
532
572
502
530
532
518
564
546
528
562
590
502
554
548
548
820
526
746
566
570
568
576
562
572
560
592
526
512
530
528
506
552
524
514
522
532
528
520
524
522
506
538
520
502
514
502
524
506
576
566
578
556
586
534
574
560
552
574
600
516
524
548
560
586
612
684
668
658
636
630
594
574
582
576
588
580
572
562
534
548
548
548
578
590
630
592
602
612
632
616
582
578
600
582
624
604
594
590
624
608
608
632
610
636
636
668
650
692
632
602
624
634
654
702
718
700
676
644
672
594
574
596
532
554
540
576
548
564
596
604
648
640
622
604
556
548
542
546
580
514
522
562
566
596
614
606
616
562
548
590
582
586
562
568
580
598
614
652
646
620
624
618
608
682
678
678
692
660
668
660
618
654
628
630
596
612
574
576
628
658
684
658
638
670
682
644
604
638
604
592
640
604
582
602
592
614
612
600
596
608
620
628
622
660
596
626
616
616
604
644
614
614
626
642
658
660
634
648
636
638
662
664
624
636
628
626
640
610
578
614
618
600
640
610
584
568
548
546
554
564
596
590
564
576
600
588
590
592
618
618
632
666
670
656
604
590
588
594
590
566
548
598
608
646
698
680
652
690
660
640
598
580
584
596
614
634
652
650
620
620
604
626
608
594
578
572
568
568
554
558
576
598
588
600
634
648
634
586
630
608
624
612
580
582
586
604
614
596
658
628
632
582
576
590
594
572
576
640
660
674
736
674
628
660
646
648
648
610
670
634
690
674
636
600
648
640
636
700
642
672
634
646
660
650
636
610
620
610
596
626
582
624
610
632
616
642
592
608
582
550
584
532
556
584
588
618
638
636
640
608
634
614
608
626
596
568
578
588
618
616
652
654
640
702
654
612
622
598
594
624
642
636
590
616
610
604
606
600
560
550
584
564
626
710
736
696
658
682
644
636
590
614
556
564
572
614
704
732
738
694
740
726
684
632
578
598
574
602
618
618
630
616
598
612
578
586
588
612
614
632
652
644
690
668
654
638
668
636
640
646
638
624
580
596
564
590
574
566
570
578
608
632
660
684
688
668
652
612
578
606
578
568
598
616
636
648
616
638
634
646
644
650
616
622
572
576
624
624
612
632
652
660
666
684
646
652
644
628
628
598
592
620
622
590
608
590
594
614
590
590
586
604
604
620
594
570
582
564
556
554
570
598
624
668
638
654
648
646
638
596
600
614
596
590
630
616
586
590
600
600
592
622
566
620
616
626
618
672
622
618
638
634
634
630
584
604
600
602
634
630
592
586
594
630
644
690
728
702
670
664
638
628
604
574
554
584
540
556
588
626
618
604
658
652
740
736
700
714
686
670
658
632
606
574
582
596
602
610
592
646
646
636
668
610
624
614
598
602
564
590
584
590
604
572
598
602
618
616
590
624
610
618
578
614
596
604
594
620
576
566
554
564
540
538
554
592
652
702
708
652
672
510
774
646
660
658
676
676
634
646
640
600
578
632
616
622
616
592
598
616
618
614
602
588
578
588
604
640
662
622
644
632
614
592
578
580
618
632
662
662
662
590
584
584
600
630
640
620
584
602
560
556
564
556
570
618
656
760
754
758
750
694
650
682
678
682
674
676
652
616
632
656
672
696
704
640
662
652
648
614
584
560
560
560
570
582
612
664
704
694
736
690
632
662
626
672
638
630
608
582
584
588
600
588
572
604
608
632
644
644
588
584
582
590
604
648
658
682
708
718
688
696
612
642
590
578
564
570
566
594
554
564
590
524
532
544
560
574
610
658
670
728
682
660
624
626
584
594
600
632
666
680
698
646
658
660
668
644
712
674
652
626
670
618
576
626
600
658
650
638
614
664
688
694
698
636
636
650
654
618
592
592
600
624
614
552
592
598
622
648
634
652
620
670
660
646
618
616
626
614
622
602
556
602
588
602
610
598
606
636
674
668
692
646
698
728
748
748
710
730
642
680
662
646
638
614
578
594
606
612
696
646
706
694
690
704
668
680
642
656
654
666
664
646
632
646
646
648
650
598
638
638
630
664
618
632
642
620
608
636
652
654
630
598
622
628
658
678
632
674
664
678
642
618
636
614
568
622
632
668
692
744
680
666
712
698
672
660
704
678
672
622
614
602
616
612
630
626
604
610
614
632
646
654
668
618
640
618
640
626
690
652
606
664
654
626
672
654
606
592
608
584
636
594
574
606
602
616
650
634
634
650
658
654
624
652
612
620
626
614
574
578
600
614
634
638
660
646
662
668
660
594
632
618
612
614
600
602
608
684
646
652
620
644
640
638
610
626
642
650
628
644
616
630
620
606
640
590
584
596
620
630
634
612
618
640
654
658
630
652
606
632
618
678
678
674
670
676
658
702
646
610
614
638
658
680
704
680
650
670
664
626
586
574
576
598
568
592
696
754
774
748
710
716
674
640
662
626
642
638
604
648
610
620
592
588
630
646
642
628
710
700
722
686
656
694
690
666
648
620
608
618
616
612
566
568
548
558
554
566
614
654
660
622
676
676
670
678
662
642
610
632
626
618
640
622
630
660
686
712
684
692
704
708
670
692
634
688
666
654
630
626
636
638
640
644
624
636
652
680
622
652
664
656
642
612
612
624
634
634
596
652
648
650
610
618
628
620
686
618
630
594
598
594
608
584
588
602
616
632
626
674
594
618
616
612
618
626
620
600
628
602
666
650
634
670
614
624
626
602
630
558
600
582
592
608
612
628
646
652
612
612
624
618
608
590
574
576
580
588
590
558
610
608
634
646
638
660
620
628
636
626
596
608
610
620
618
598
616
630
650
656
610
666
650
644
606
576
600
594
614
646
644
690
730
720
728
634
670
676
654
692
652
622
588
646
618
640
650
646
636
638
714
716
726
650
678
662
662
664
636
620
610
658
642
634
646
630
624
688
684
662
642
644
644
644
614
590
608
604
618
630
628
614
690
686
684
682
642
642
642
646
632
672
636
636
604
648
624
604
606
684
698
706
656
688
664
656
650
600
586
594
588
594
588
580
578
580
604
612
622
616
604
634
618
588
580
602
630
660
646
634
654
692
702
762
702
688
674
644
686
642
594
618
614
592
646
652
632
592
614
606
600
642
612
614
612
652
680
708
678
600
608
610
592
592
630
528
542
530
504
748
716
530
756
724
518
562
978
548
550
616
652
732
628
598
600
568
572
816
572
594
602
618
590
546
568
592
620
676
730
724
694
622
604
608
642
714
758
686
620
620
626
676
724
756
768
710
670
704
694
686
686
666
594
634
640
650
694
690
702
694
744
710
700
652
654
668
676
700
652
664
668
672
660
590
604
580
610
618
656
662
682
716
722
712
736
656
620
656
652
638
612
612
628
620
598
636
580
642
638
646
628
614
604
598
594
596
614
542
538
560
562
570
604
658
708
756
770
766
746
692
716
650
596
604
614
616
622
618
638
602
616
586
632
620
586
646
628
684
630
598
602
618
624
636
622
592
578
610
574
600
654
682
760
722
684
716
674
632
600
610
606
600
594
584
608
642
670
670
634
656
676
670
668
566
632
626
622
620
572
588
554
552
572
626
674
684
712
772
766
766
744
746
720
670
616
610
618
628
590
590
614
638
644
606
634
628
644
604
644
646
648
644
662
626
620
642
644
620
614
624
626
612
632
606
616
636
662
706
708
786
712
652
722
694
684
680
654
658
682
696
718
714
704
722
688
744
696
652
632
692
678
682
652
654
686
672
708
632
678
678
686
694
666
646
676
676
658
708
646
630
654
654
622
586
654
596
602
614
568
618
614
622
700
684
670
658
700
648
626
616
622
598
598
614
554
560
610
614
584
612
612
620
618
614
604
620
616
602
564
586
560
548
592
572
766
800
770
754
740
728
724
700
658
614
602
570
564
574
586
632
644
672
718
742
758
760
756
728
698
664
622
580
610
586
600
616
654
678
684
738
654
700
670
680
664
662
614
662
660
644
694
646
642
670
650
648
600
582
638
650
644
622
636
656
670
634
584
626
616
612
602
584
588
612
620
622
656
628
654
656
664
634
618
622
628
620
612
592
584
602
624
658
666
698
668
674
656
624
642
614
618
622
624
600
628
604
626
628
632
620
626
644
626
644
586
634
636
638
652
636
632
646
648
646
628
622
632
632
642
634
622
628
638
624
602
606
626
626
634
606
624
646
656
632
638
600
632
622
616
606
602
616
614
618
632
578
544
580
570
576
592
590
652
632
624
668
536
564
602
606
600
600
612
630
648
660
654
646
634
624
614
622
626
596
546
558
592
572
578
580
574
592
626
660
738
716
678
668
634
666
600
576
584
582
602
594
560
582
616
612
626
642
624
630
652
642
640
602
582
596
610
614
608
658
596
606
612
610
586
560
572
582
596
608
560
596
570
598
626
632
708
702
620
614
590
682
546
534
538
538
526
522
586
598
610
624
632
634
626
606
562
568
592
558
556
610
588
576
632
634
648
642
622
594
604
602
622
626
628
602
614
580
560
614
618
602
676
700
738
724
654
582
612
600
616
660
714
720
720
672
704
680
666
638
628
672
676
674
664
626
614
674
680
720
720
724
678
712
702
700
668
640
636
696
678
750
714
716
710
762
704
704
624
678
678
700
686
624
666
674
680
680
644
624
640
644
630
698
662
646
642
656
650
634
614
658
668
672
642
616
612
616
616
614
590
592
590
594
594
624
570
570
636
620
686
688
618
660
650
646
638
634
622
612
650
650
626
576
622
592
606
616
598
578
648
660
686
680
676
636
648
666
682
698
704
640
676
656
730
706
728
692
728
718
692
648
766
666
666
690
654
670
664
690
682
730
662
642
690
684
680
658
660
670
676
662
634
648
654
646
604
650
650
672
696
656
630
660
664
668
634
608
654
646
636
622
602
628
636
638
648
626
616
648
652
648
620
628
638
586
652
630
636
746
636
658
630
614
668
656
624
656
646
658
654
670
626
652
630
592
616
600
622
604
566
556
594
550
570
602
660
684
690
716
722
706
654
672
668
646
630
608
598
630
564
592
668
726
692
734
740
748
736
664
642
670
658
648
618
612
638
646
646
634
608
654
650
654
628
608
630
650
674
674
632
634
652
646
612
590
588
606
614
594
582
600
608
622
630
620
606
636
652
654
614
648
650
650
646
622
624
572
586
602
634
684
686
690
660
682
680
672
676
688
688
644
616
616
628
638
614
622
596
588
626
630
650
634
628
648
634
692
670
614
606
626
630
632
600
648
654
668
650
644
666
676
684
646
628
614
620
638
632
636
630
658
680
660
680
628
654
634
608
686
656
622
622
570
590
558
596
690
670
642
634
604
628
598
610
616
610
604
604
566
594
570
582
574
676
586
620
684
716
724
690
630
650
652
660
670
672
644
604
606
616
618
618
704
696
674
666
706
682
652
590
580
602
566
588
606
568
586
586
584
598
620
656
672
708
672
648
652
656
666
668
676
676
648
610
642
642
610
654
618
596
642
620
622
672
714
668
688
666
700
640
604
598
610
572
594
622
594
608
610
590
616
588
572
572
586
576
616
570
570
612
614
614
624
616
594
616
590
622
598
584
582
600
610
610
638
632
592
608
566
568
596
584
588
568
592
542
558
568
562
570
580
584
634
684
684
664
706
676
674
662
668
640
602
580
604
564
590
552
584
608
642
680
702
700
676
618
660
646
654
668
646
642
580
600
608
622
640
638
628
638
694
672
678
692
684
634
604
618
620
634
656
654
658
666
732
694
624
676
510
566
536
626
602
632
642
654
676
662
640
652
656
670
642
628
644
652
642
632
636
636
692
646
602
654
636
648
612
622
628
630
654
646
642
650
662
632
646
602
610
614
608
594
582
648
666
702
694
652
658
684
674
632
646
632
638
624
614
640
658
658
630
644
616
646
626
596
614
578
578
572
572
564
584
564
544
544
546
536
538
550
508
552
532
542
548
554
576
626
618
660
618
666
614
658
632
648
652
666
660
650
600
552
550
584
544
576
580
578
634
652
708
704
662
650
676
658
650
632
648
624
630
644
650
644
674
642
662
670
654
646
638
636
638
626
608
588
646
642
666
678
634
688
648
618
612
604
594
582
606
622
612
650
684
700
694
624
664
640
654
650
588
600
590
600
598
634
564
592
546
660
678
644
622
660
624
566
536
566
556
552
580
614
630
690
696
708
690
718
696
672
706
656
632
606
598
660
594
586
584
522
554
800
530
556
594
616
642
692
712
722
702
750
706
666
678
692
706
714
724
694
662
698
730
760
746
694
700
686
650
620
650
662
656
680
710
710
700
688
658
652
648
644
618
648
638
670
652
692
682
722
712
666
634
684
660
676
684
636
648
644
654
636
616
610
586
638
642
638
720
718
720
670
668
614
652
608
600
592
622
656
694
728
696
662
656
650
622
666
664
738
666
682
626
688
680
706
718
688
652
658
670
670
682
680
650
648
700
690
668
704
686
704
706
674
652
666
676
660
636
660
674
668
632
660
640
612
628
596
584
598
654
626
656
632
648
676
682
674
688
638
634
666
616
652
644
682
710
710
682
712
726
722
666
634
650
638
648
672
700
726
742
734
682
672
660
650
640
638
636
612
634
604
620
626
612
616
658
638
660
688
684
664
702
674
636
636
636
600
634
616
624
626
626
638
602
590
628
624
638
632
624
616
594
594
616
608
592
644
650
634
636
610
596
602
608
620
648
676
698
762
772
784
728
682
666
648
634
620
610
590
600
618
616
650
628
628
640
602
622
656
716
742
748
744
726
694
676
718
698
712
726
704
672
718
706
680
698
682
710
696
730
670
680
724
712
692
678
706
714
734
704
674
690
698
710
704
682
730
726
674
684
642
656
686
710
716
648
654
630
642
644
666
696
720
746
754
686
696
682
692
646
632
676
656
636
694
676
676
678
642
654
638
634
658
660
676
676
712
696
678
664
672
686
694
706
726
694
704
760
738
736
694
676
656
708
692
666
698
690
718
744
742
718
710
756
736
720
662
660
678
654
616
616
650
690
724
702
680
728
682
628
656
632
682
684
704
696
676
682
676
684
658
662
678
678
670
664
648
634
630
618
612
606
600
588
582
572
568
556
546
554
534
560
582
598
604
566
568
562
582
570
566
562
556
632
520
542
552
546
562
590
604
678
702
760
738
780
714
672
718
696
766
724
720
750
790
798
746
788
782
786
722
672
710
690
704
676
698
706
732
684
682
684
682
646
648
662
658
672
690
750
744
682
708
718
740
744
734
746
770
736
762
738
744
726
714
688
706
728
690
736
722
756
738
764
780
742
732
744
730
694
692
672
680
686
654
702
696
768
742
684
660
686
672
698
682
696
698
692
684
692
702
716
800
826
824
776
790
734
680
606
630
596
590
662
698
726
746
724
712
720
684
688
620
656
630
620
616
594
584
588
608
614
656
630
606
626
602
580
590
578
572
568
558
626
620
616
618
656
654
638
632
640
640
668
692
714
722
710
708
682
714
670
668
656
704
696
682
708
728
750
720
696
698
680
696
654
672
678
760
744
710
676
688
698
714
698
704
674
700
710
718
716
722
742
780
772
734
742
712
696
670
668
678
702
740
756
796
752
756
732
688
654
664
658
666
686
680
692
724
740
740
724
750
676
612
670
676
706
732
722
712
760
742
710
652
658
638
664
734
752
832
786
682
838
776
766
744
698
662
706
680
730
670
704
762
710
670
718
714
684
716
714
728
712
692
708
710
748
694
656
664
670
638
660
646
646
670
682
662
644
662
662
642
662
646
656
670
686
688
706
670
720
686
680
660
668
656
664
624
626
644
674
710
698
652
716
720
712
698
772
760
760
728
690
692
694
678
656
648
686
708
710
684
678
700
716
720
692
670
676
682
686
668
658
664
744
752
580
838
718
740
742
714
682
668
718
702
670
652
692
714
708
734
680
684
748
730
734
708
716
708
684
658
646
648
648
656
704
730
752
716
680
686
688
706
722
712
690
628
670
618
616
596
606
634
632
642
656
648
660
632
606
614
624
630
652
698
708
708
718
710
692
682
660
612
664
682
694
708
690
680
734
728
716
666
674
682
688
688
676
672
730
724
752
706
712
722
696
656
670
672
666
660
676
712
750
750
704
756
736
694
658
670
676
654
646
676
706
740
764
732
738
734
712
674
660
672
670
646
652
676
716
714
684
638
704
712
726
728
706
686
704
714
702
694
720
758
780
758
734
792
782
734
714
720
722
686
706
676
708
684
708
688
718
728
696
672
668
672
670
650
686
620
604
598
580
576
578
580
586
612
616
666
660
688
690
686
682
658
602
632
622
650
716
756
766
718
744
718
698
672
698
630
774
742
756
776
782
700
728
728
684
700
652
656
690
724
752
740
724
726
692
642
608
596
582
566
582
544
576
560
572
582
598
608
592
608
616
622
634
666
672
670
646
610
610
620
638
644
616
614
642
662
662
668
606
620
600
