# R wave intervals in milliseconds per line
# start time: 2014-03-04-01:31:43, 1393914703.34
606
638
642
662
656
730
722
708
570
672
688
698
716
710
634
648
628
628
652
644
648
688
802
840
854
816
794
772
768
762
712
692
718
788
840
820
782
788
864
834
774
770
780
816
780
750
804
850
854
798
786
856
832
790
794
874
844
768
744
792
824
768
752
832
858
776
784
804
856
844
782
832
824
746
746
798
834
816
854
882
868
826
842
824
798
734
758
822
894
886
876
866
892
796
812
860
886
842
820
836
820
784
716
754
828
798
768
746
734
776
858
836
834
850
852
824
744
748
846
834
786
794
834
842
802
786
886
864
870
818
828
826
744
772
802
846
832
796
816
860
860
812
814
810
756
690
744
764
774
734
768
816
804
718
696
768
774
744
726
798
818
794
738
772
750
806
754
794
836
816
786
826
850
840
822
854
860
828
754
768
734
744
674
716
748
754
756
822
868
818
742
734
688
642
620
626
632
680
734
760
740
710
700
690
712
794
746
736
770
794
806
770
744
764
786
828
812
828
850
836
824
772
806
804
806
786
814
844
838
818
818
826
796
746
750
782
804
766
752
822
852
788
754
718
786
688
666
716
768
786
754
782
820
844
840
792
840
832
898
852
808
846
820
752
724
782
826
848
822
858
886
894
864
814
828
828
830
782
796
842
838
848
774
794
814
806
770
808
824
842
802
728
802
814
824
772
780
856
836
766
738
748
790
712
782
794
780
788
702
690
668
680
702
762
742
780
826
840
794
786
804
802
792
764
808
832
824
794
800
796
788
728
712
794
808
778
742
728
760
690
660
704
756
804
790
782
806
806
766
698
708
724
780
752
746
812
798
768
738
728
774
762
702
738
770
760
712
738
770
756
746
728
778
804
780
726
754
762
778
734
734
742
714
688
656
666
700
774
814
810
826
842
788
682
696
684
702
654
684
628
652
716
780
830
834
794
782
774
764
734
670
738
750
814
766
758
806
808
770
780
786
794
744
724
796
802
784
750
808
794
766
758
772
834
782
750
752
814
768
760
774
832
732
674
722
752
732
732
700
746
764
758
754
792
802
856
792
782
806
826
784
716
790
778
806
772
742
776
854
824
800
806
826
806
764
776
802
782
730
736
750
824
764
786
790
794
832
754
736
766
778
780
722
794
806
816
770
738
756
760
722
676
748
770
774
740
680
852
796
724
636
692
658
644
706
688
734
830
858
862
812
812
812
852
764
740
754
754
746
750
808
828
892
816
832
848
840
780
780
798
804
780
778
800
796
724
716
760
798
806
720
760
762
772
764
762
732
768
780
800
766
734
804
780
736
684
744
748
766
726
706
674
696
664
678
728
766
784
744
678
672
706
760
794
806
798
740
736
758
746
800
756
706
738
752
756
772
772
722
754
768
786
742
746
750
752
796
766
768
796
796
792
770
710
726
806
812
818
766
776
774
696
672
634
644
708
740
780
692
694
670
588
688
826
740
730
700
694
686
728
790
818
832
834
814
798
792
792
782
772
756
760
760
764
790
796
788
786
770
722
662
650
662
686
758
794
802
774
718
732
690
682
694
698
708
734
756
772
718
748
770
798
788
780
728
670
654
648
648
674
694
788
780
740
690
710
736
768
794
808
776
720
752
768
782
740
712
750
804
824
774
722
744
744
740
702
662
718
740
760
820
798
764
786
772
750
690
694
766
778
738
790
786
790
770
694
742
754
756
722
754
736
678
700
766
776
794
800
800
756
772
780
784
786
724
686
716
738
764
780
706
740
752
818
716
754
758
778
708
718
668
708
738
766
762
698
760
764
772
754
690
754
772
786
738
728
742
786
808
772
754
786
782
754
680
748
754
764
722
726
782
806
798
794
740
768
760
772
752
752
796
800
820
796
768
824
810
792
754
672
706
718
744
778
726
698
694
780
780
786
748
710
738
728
758
696
702
722
692
702
710
656
666
678
744
796
840
868
744
786
836
792
826
736
758
752
758
744
700
748
776
846
812
726
788
806
828
822
738
754
784
806
814
844
752
768
786
802
816
776
720
750
776
784
782
738
726
764
790
764
782
788
816
830
830
790
806
804
812
802
780
802
832
800
730
690
716
772
864
868
866
824
842
882
856
820
784
816
826
816
724
752
766
822
832
804
724
730
750
748
720
728
732
766
764
764
774
732
732
726
684
712
774
836
864
814
740
780
750
738
776
706
652
696
726
762
752
714
750
790
816
802
730
742
768
766
730
678
734
718
728
686
654
688
734
756
748
666
726
728
726
802
726
668
726
738
750
830
736
714
734
760
742
684
684
716
710
734
738
710
684
734
692
718
704
736
740
774
808
836
804
848
756
704
770
772
766
822
760
760
804
820
830
794
782
796
832
784
750
698
726
764
780
744
760
822
852
844
754
794
778
792
798
792
760
826
824
840
802
754
766
768
774
734
798
806
834
846
822
762
822
812
824
800
770
798
818
834
852
814
776
752
712
668
644
668
668
720
776
858
844
810
844
858
806
720
760
780
796
828
786
714
758
788
864
846
784
804
836
850
852
814
784
812
802
782
754
776
816
846
838
804
832
838
802
710
672
750
764
748
706
742
816
836
790
744
770
786
812
774
696
740
754
768
732
698
722
818
824
838
768
824
814
796
728
728
734
750
704
696
798
830
876
880
864
840
854
858
854
768
812
808
850
816
740
778
816
834
810
814
866
874
812
810
792
818
788
718
730
774
796
760
780
776
812
794
724
744
784
786
716
704
776
784
758
720
812
822
802
724
742
764
756
726
754
802
816
782
758
792
804
766
710
754
766
776
714
728
826
816
768
782
752
774
742
692
746
796
820
788
784
788
816
806
742
794
786
784
666
692
682
664
714
728
682
744
796
828
800
754
752
832
758
730
750
828
726
836
790
830
796
720
748
776
764
620
626
642
736
828
822
850
872
844
888
800
760
712
638
654
590
626
602
600
714
780
802
840
850
850
846
850
848
862
846
824
824
802
786
798
798
788
806
816
788
820
772
778
726
740
802
764
788
822
824
780
816
754
758
792
784
760
732
764
730
690
756
788
772
714
754
768
744
680
738
772
754
716
784
780
814
730
726
760
772
708
748
768
782
702
716
728
736
678
632
666
666
668
640
638
648
632
606
616
642
672
716
742
748
702
686
744
702
636
630
686
742
804
816
730
724
730
806
714
810
850
866
820
804
740
750
754
836
770
744
752
744
696
706
710
802
838
792
746
770
782
792
710
722
774
796
790
730
742
826
822
766
730
828
818
872
796
800
816
812
776
750
778
854
784
700
784
732
700
750
720
738
798
854
890
804
796
840
768
680
700
738
760
714
784
868
898
838
802
864
868
806
756
812
832
854
832
820
860
864
816
760
794
820
848
874
804
792
788
776
784
736
776
824
874
822
870
884
798
834
826
828
742
694
722
736
784
714
766
810
776
770
772
828
826
736
810
822
836
798
754
796
778
750
722
804
816
770
772
808
838
774
760
784
758
718
660
618
684
750
766
766
836
840
852
730
782
776
782
746
756
792
810
764
728
774
818
788
744
816
850
844
826
798
844
828
736
726
786
810
776
750
792
834
816
752
786
840
850
794
842
802
834
720
716
698
772
768
740
676
698
716
710
664
664
710
696
666
664
670
682
718
692
654
702
700
778
748
746
702
776
764
790
748
726
776
792
782
708
680
684
680
764
798
828
822
764
732
744
736
748
812
790
736
740
780
796
788
736
764
772
766
756
676
664
660
732
786
822
826
832
860
858
816
782
762
770
738
706
666
704
732
804
764
760
744
798
818
788
780
760
734
782
714
706
762
788
782
728
734
744
808
734
752
732
768
788
752
732
712
762
782
726
734
660
692
754
800
828
840
848
798
720
774
794
800
838
812
840
828
842
824
778
740
796
824
812
768
792
812
828
762
762
750
764
742
668
694
724
758
734
692
728
760
810
842
736
666
640
634
616
602
628
710
792
820
774
868
# end time: 2014-03-04-01:53:56, 1393916036.7
