# R wave intervals in milliseconds per line
# start time: 2014-03-13-21:29:28, 1394760568.47
678
668
654
628
672
700
750
764
854
844
824
870
818
812
786
828
802
766
816
834
866
868
822
786
846
844
854
836
804
816
858
862
846
828
820
798
852
812
814
824
798
834
806
814
850
764
832
824
864
794
742
812
864
888
882
832
884
870
886
828
752
796
800
848
882
836
780
756
750
780
842
762
832
818
780
804
734
716
734
764
784
766
752
738
746
792
830
822
856
822
760
764
776
824
826
876
842
844
842
910
860
794
752
680
620
658
778
854
842
872
918
900
880
866
884
826
776
810
788
762
790
784
780
760
762
818
764
782
728
706
698
690
664
642
668
652
664
740
768
808
846
832
796
836
766
802
786
756
718
700
712
662
662
698
774
758
698
704
674
756
766
772
784
808
806
756
730
708
770
732
784
614
656
810
852
802
804
750
774
718
734
732
794
792
798
832
814
862
808
810
924
866
690
754
830
860
884
840
898
820
806
854
780
818
788
814
820
784
816
800
814
832
796
790
848
858
860
908
866
838
854
826
858
802
784
748
760
744
750
768
760
742
724
788
778
768
786
832
800
748
776
788
830
828
880
834
816
830
840
830
818
770
794
810
822
810
794
848
846
846
838
826
844
860
856
830
832
824
792
844
838
850
828
866
796
778
828
826
812
784
822
800
848
786
810
790
756
682
686
690
686
732
766
758
736
726
732
718
768
746
762
782
754
814
710
694
634
690
590
632
762
806
882
830
870
724
532
546
700
608
562
824
800
772
822
814
856
872
864
884
928
906
880
848
850
832
876
542
756
748
816
800
814
826
858
920
862
904
896
850
846
846
798
804
734
776
782
834
862
856
816
786
778
796
732
754
886
650
718
808
738
886
908
906
842
874
864
898
912
886
838
856
874
550
750
554
676
522
712
696
740
758
808
838
856
912
884
862
848
868
762
750
744
744
780
822
782
878
864
862
864
828
878
850
822
860
786
784
886
874
904
930
908
892
846
832
814
512
608
592
864
874
856
930
564
818
794
848
816
784
734
812
722
766
746
844
844
796
818
820
806
812
798
826
824
886
862
832
772
840
842
862
850
884
874
528
790
598
876
904
868
716
732
502
550
852
854
748
744
744
758
726
774
808
864
862
876
874
844
808
864
820
766
832
816
812
854
834
836
878
852
838
794
824
806
818
796
876
882
846
904
848
832
812
862
810
858
806
808
796
848
834
766
788
778
836
808
754
768
800
770
834
810
846
842
788
770
740
722
674
706
758
840
800
884
894
872
836
814
808
838
852
836
864
834
864
898
860
866
804
732
806
838
904
900
888
878
816
870
858
854
856
870
858
902
870
816
872
874
864
862
810
810
814
888
884
862
844
796
792
756
746
768
832
872
866
864
888
872
854
856
866
832
858
822
830
806
750
730
706
766
804
886
872
810
856
884
864
848
888
802
802
850
896
880
814
822
836
834
864
776
790
808
816
798
748
748
834
842
842
788
854
868
878
862
816
764
800
782
778
812
832
848
844
884
838
800
830
854
852
862
798
830
786
738
764
790
836
886
900
888
852
920
878
826
740
758
784
836
892
856
882
864
908
792
856
774
722
800
812
800
816
610
666
744
832
850
778
788
822
820
890
856
808
872
576
870
852
836
738
812
786
820
834
874
902
870
890
876
818
860
834
816
864
802
804
832
846
838
826
836
834
790
790
712
692
720
702
688
736
734
782
828
804
840
812
832
768
864
840
836
776
796
790
832
506
606
820
774
770
790
722
760
776
760
750
812
830
822
898
822
738
774
752
758
710
744
716
764
816
822
806
806
774
828
794
806
704
1288
772
574
648
698
684
746
730
708
720
614
652
644
630
668
734
808
808
816
854
838
820
778
716
700
634
662
674
678
764
818
842
850
900
882
878
868
852
834
782
746
750
674
718
738
748
786
736
824
802
826
790
790
734
766
706
694
728
766
834
856
856
820
792
766
778
800
816
838
872
524
648
616
772
790
798
774
854
864
796
732
740
736
826
852
866
898
814
772
766
782
790
814
816
864
848
854
860
848
572
634
714
768
790
790
790
776
798
814
766
814
838
632
550
524
802
806
724
744
718
722
704
774
800
826
780
820
832
816
808
826
804
802
800
788
814
772
732
802
758
754
772
782
820
796
846
790
818
810
828
794
826
784
808
716
706
776
808
900
922
926
874
932
888
882
882
760
1000
888
854
862
838
832
834
828
744
796
776
770
802
808
836
818
838
706
718
768
778
792
754
724
734
800
784
708
734
736
752
756
680
728
752
752
782
718
686
702
724
736
782
806
838
786
810
800
798
806
744
828
812
828
854
862
804
856
836
832
800
792
786
826
834
844
758
786
796
792
788
812
718
718
728
742
742
782
718
772
780
740
712
722
724
814
840
852
812
840
748
734
662
664
730
754
804
816
806
738
778
770
762
806
780
786
828
838
824
738
774
750
762
780
704
712
686
662
748
770
810
784
756
836
838
822
852
794
774
834
770
744
768
724
718
754
820
820
804
864
864
872
848
868
812
850
786
828
834
854
834
766
750
800
808
826
832
846
870
888
866
832
832
774
702
680
734
716
734
640
638
684
704
692
738
734
766
792
812
846
804
822
820
800
812
800
804
870
836
768
704
736
714
768
802
842
922
890
816
898
854
800
756
756
732
724
722
724
684
774
790
754
790
742
758
508
644
830
802
742
742
732
812
796
804
742
790
768
778
844
846
806
808
842
826
828
882
850
808
716
698
698
814
866
952
922
872
910
874
840
840
812
822
812
788
762
784
758
724
716
808
794
750
816
796
782
782
760
834
808
764
782
836
816
800
768
838
844
844
762
806
796
816
796
732
730
790
828
870
870
802
852
824
802
730
742
762
772
846
778
734
792
770
848
850
868
666
976
536
822
806
768
752
790
748
768
750
780
794
808
838
800
840
832
790
772
740
704
706
728
702
720
752
756
768
838
810
854
582
636
784
758
800
536
766
702
796
794
834
892
880
836
830
870
860
866
804
798
810
820
872
824
810
870
842
794
778
754
780
816
808
898
902
870
854
900
856
790
810
768
752
780
740
760
846
868
868
842
844
880
786
806
828
822
812
824
828
808
720
776
792
808
866
778
790
780
782
756
796
790
792
752
770
776
788
724
704
738
752
812
774
760
780
786
762
740
782
818
822
778
816
812
792
808
824
816
860
770
806
810
822
822
802
820
834
844
800
836
820
800
766
736
718
664
696
728
814
854
926
916
914
904
862
856
844
804
722
728
772
776
770
780
818
878
902
934
860
864
756
778
772
792
786
728
806
848
848
888
824
834
830
850
812
816
794
824
820
814
868
860
826
812
846
822
822
762
798
804
812
778
788
820
830
814
838
886
910
882
904
888
892
856
856
850
772
708
756
758
798
810
794
810
802
886
820
822
820
772
722
706
804
826
858
830
814
832
832
812
826
788
748
790
790
784
742
742
808
812
816
816
852
858
866
888
936
898
880
856
818
860
786
766
834
852
842
846
812
882
884
880
862
864
878
858
876
832
860
836
786
836
832
888
848
908
900
876
880
872
842
840
816
872
852
808
804
852
822
744
780
826
838
830
850
878
816
860
842
842
802
788
790
826
720
772
780
790
782
756
786
848
848
790
820
822
822
808
778
766
816
830
778
788
818
834
794
840
840
834
860
864
840
906
852
828
812
840
786
862
858
848
804
794
740
720
706
790
750
760
796
784
848
776
746
798
820
822
810
832
818
862
792
824
776
814
746
794
774
780
836
852
858
860
830
838
796
782
782
766
838
780
762
792
872
834
776
736
772
794
792
780
768
822
744
774
726
716
792
806
846
868
824
870
842
814
838
804
796
766
710
788
790
820
752
782
782
870
842
890
822
836
506
582
824
752
800
802
814
784
722
710
744
726
762
832
832
848
676
966
828
556
688
580
762
798
768
742
774
876
822
858
880
868
836
852
802
778
826
764
840
828
838
852
810
820
774
750
780
860
868
840
852
896
852
856
792
796
510
740
854
792
792
836
798
784
772
766
836
526
674
774
828
838
728
674
720
724
678
746
794
784
810
802
842
778
758
760
752
742
778
816
854
782
822
804
782
786
760
760
834
832
810
838
854
792
774
798
812
804
770
602
692
668
794
776
756
776
762
820
862
846
754
832
736
742
752
786
750
754
714
768
766
718
752
762
832
846
798
792
810
854
812
792
812
810
804
822
794
838
842
820
830
878
860
878
808
836
580
670
742
832
862
844
826
906
860
876
834
836
820
806
848
780
860
866
854
860
830
878
826
754
820
816
582
700
730
814
810
808
792
790
764
642
622
694
686
682
724
756
838
792
738
506
866
854
918
846
848
798
650
720
802
516
518
644
810
844
856
878
840
884
906
856
830
874
532
846
810
804
840
840
816
854
884
806
822
584
754
710
770
804
850
848
856
862
748
736
662
678
770
642
560
842
554
812
776
796
768
768
744
728
790
788
814
786
800
786
802
802
800
754
726
782
816
806
750
850
798
562
636
662
714
768
748
718
736
560
592
730
636
710
642
642
610
660
670
834
692
742
754
750
802
762
746
740
754
696
756
758
732
726
678
722
720
640
674
652
792
664
682
652
690
520
560
608
624
610
614
588
642
604
684
660
658
664
608
682
586
756
742
710
714
712
806
804
718
770
708
666
782
746
794
640
980
726
696
752
746
692
708
730
726
702
794
814
768
792
504
740
668
704
712
742
782
788
786
780
842
804
806
834
532
760
760
842
820
780
826
784
784
804
830
776
802
582
638
868
800
840
832
828
864
838
844
520
796
756
826
824
642
806
542
874
862
912
888
894
866
842
902
858
868
874
834
908
890
872
870
890
812
852
844
856
642
1024
858
854
814
834
848
766
806
830
844
824
504
642
552
818
512
836
736
834
802
792
796
854
760
918
716
710
776
870
792
768
876
814
748
762
774
638
520
802
794
556
842
802
870
878
814
588
640
782
844
820
820
852
866
802
832
850
522
662
846
506
566
660
802
546
856
840
562
804
814
812
800
874
852
776
886
864
818
832
814
866
800
880
920
868
860
886
788
792
820
822
790
818
828
818
794
820
798
818
818
804
866
856
818
718
782
612
676
652
706
714
716
838
858
864
856
800
824
792
762
816
806
860
802
830
860
800
872
882
860
850
860
892
866
854
848
896
802
658
858
702
816
826
828
830
808
870
902
850
806
862
790
766
834
808
658
598
528
716
856
746
532
774
562
844
874
830
788
768
842
824
742
822
814
868
536
908
890
874
644
732
680
856
812
864
880
874
834
896
870
826
812
856
800
796
836
822
800
866
864
772
740
796
824
864
870
886
884
880
902
634
724
800
774
820
786
862
922
780
846
748
706
746
706
708
782
844
818
714
734
828
744
776
778
832
874
896
862
852
880
858
828
720
900
880
910
804
836
570
614
728
832
816
860
620
808
868
862
794
812
826
768
806
834
860
796
760
814
788
822
764
788
834
792
836
830
838
806
806
800
816
794
818
786
830
846
802
876
866
828
890
860
822
828
886
836
838
806
738
738
742
808
868
864
668
716
682
898
826
842
840
812
816
838
870
774
778
814
784
830
858
866
824
888
880
798
860
836
828
734
826
864
878
820
822
896
872
848
876
884
808
820
860
886
818
832
832
860
816
832
884
904
846
878
908
908
928
868
902
918
912
854
898
916
900
820
894
908
864
842
878
902
828
858
900
876
828
902
894
886
830
892
894
786
734
810
900
876
844
872
906
830
816
840
836
782
800
842
846
808
838
862
818
756
832
840
844
756
770
792
806
772
788
814
816
848
820
836
796
810
858
882
808
808
780
740
678
786
796
808
838
916
890
868
876
812
810
834
846
788
848
872
858
782
750
854
836
810
898
918
924
894
882
898
864
886
894
888
860
884
894
890
866
884
882
858
878
892
882
868
864
886
882
854
872
902
844
814
824
840
778
838
868
800
850
856
830
814
892
888
862
814
850
844
896
890
880
818
856
858
822
812
840
874
852
824
814
782
816
858
822
850
880
864
840
822
866
830
860
886
858
842
870
864
768
818
808
762
794
808
826
800
826
766
834
854
848
820
804
748
784
770
700
650
634
732
756
798
858
844
802
794
816
818
804
808
690
728
704
680
704
792
776
840
812
828
896
856
904
864
872
856
874
852
890
886
920
888
882
820
878
866
866
840
834
858
798
840
882
904
864
886
896
888
820
846
874
890
866
890
908
892
910
916
814
810
822
810
728
714
740
814
742
792
776
810
736
730
684
702
676
670
746
870
880
852
782
792
848
832
876
824
854
832
770
764
814
852
826
862
914
896
916
840
882
894
842
836
790
858
862
876
900
930
888
870
886
860
822
746
768
792
824
894
890
816
810
514
704
616
640
760
872
914
938
866
876
866
894
922
620
842
880
896
868
802
868
878
838
848
830
852
832
756
746
782
858
870
838
758
762
784
856
878
864
866
894
880
856
822
858
810
850
866
804
776
738
750
912
920
926
866
852
918
904
896
856
852
870
926
922
894
890
912
782
846
796
784
512
848
880
882
802
838
936
946
882
870
930
920
900
892
858
904
926
606
700
806
870
928
856
876
532
746
924
914
638
776
620
756
858
810
830
882
880
810
726
810
814
774
794
752
736
762
838
548
614
746
752
804
840
860
896
826
776
506
746
844
600
642
520
854
902
936
832
870
854
918
876
834
902
602
838
794
876
894
914
946
862
528
738
546
546
652
782
832
898
684
1108
852
862
894
872
858
908
894
874
836
854
888
854
812
834
870
838
820
804
888
876
818
878
886
924
882
880
894
904
896
838
888
880
896
860
880
874
840
574
640
820
878
872
806
830
668
642
842
514
658
766
572
850
848
844
562
858
726
784
832
862
940
906
876
900
858
722
788
638
800
564
548
746
724
730
598
622
540
918
896
836
840
846
524
832
812
870
536
726
854
814
834
910
912
824
906
844
726
824
862
522
870
842
822
860
648
598
832
734
1000
866
696
1048
912
912
918
894
880
902
580
802
846
906
654
1048
896
894
848
604
712
782
766
796
826
872
800
774
744
756
742
546
616
692
788
826
802
760
834
828
852
768
780
810
848
840
846
856
896
904
660
1078
882
888
842
882
868
878
878
814
844
900
862
800
880
918
938
888
858
920
900
888
764
808
830
956
904
600
682
810
830
884
836
868
534
668
580
504
668
578
526
674
504
546
630
592
568
702
604
854
902
870
914
874
904
876
932
864
518
884
886
856
584
740
884
882
892
868
912
868
894
876
854
810
722
762
788
906
918
850
888
890
908
862
806
906
896
842
886
876
902
658
562
776
524
584
868
854
916
910
858
816
868
916
920
888
856
848
878
866
804
820
868
944
908
864
934
954
910
896
904
906
878
864
882
874
860
866
856
896
906
860
900
896
892
856
884
854
824
840
886
904
850
856
624
688
792
818
816
832
668
1020
912
940
900
886
844
866
896
858
842
922
882
916
846
806
808
712
708
808
842
906
870
908
902
944
952
918
904
954
924
950
926
918
962
922
922
912
892
900
870
524
680
614
842
852
856
886
826
868
904
600
758
830
588
714
760
756
746
690
722
694
686
696
670
696
754
860
564
768
822
514
622
616
824
816
868
532
608
886
844
564
928
780
816
532
780
562
618
606
888
948
946
920
900
856
806
862
926
964
920
892
910
790
1052
856
514
654
650
880
896
872
900
888
874
868
886
548
670
536
556
864
876
832
868
812
828
844
842
538
648
938
904
928
912
898
930
900
908
892
894
888
882
848
840
892
868
876
856
868
900
868
912
892
886
842
878
870
868
846
862
864
944
836
852
876
896
558
800
716
782
828
790
822
858
876
534
654
874
864
896
904
916
916
852
768
864
878
892
802
812
902
912
842
864
944
876
900
862
882
880
808
834
874
862
810
888
888
888
812
788
828
858
524
810
802
886
846
824
858
848
884
814
852
888
892
796
772
744
744
830
818
808
832
878
836
822
840
856
864
794
824
814
784
716
748
592
570
508
808
770
836
808
842
804
854
880
868
792
794
812
856
820
808
862
872
866
826
844
852
784
744
770
648
778
582
826
798
520
622
520
548
778
518
634
834
844
812
788
860
874
824
816
826
774
758
814
788
800
866
844
806
724
784
836
800
848
868
796
734
746
746
740
800
902
864
874
768
1032
862
816
516
598
640
820
840
764
788
850
858
932
868
894
882
898
850
880
872
878
820
892
896
958
938
570
914
884
924
878
816
890
908
884
908
836
830
894
808
816
854
826
888
848
882
878
872
774
818
658
782
716
712
784
832
872
822
914
846
846
834
868
818
852
894
888
854
906
858
900
822
810
864
898
890
844
834
856
842
888
770
748
832
868
890
870
882
876
900
830
844
842
824
780
732
790
838
874
794
740
600
700
728
732
760
686
664
672
620
866
612
600
608
554
600
586
580
574
574
558
548
580
566
690
810
882
626
630
890
928
950
942
906
856
850
894
886
912
914
908
952
924
908
960
926
918
904
880
904
880
888
864
928
880
884
900
872
860
806
734
736
754
880
898
880
830
800
804
768
766
790
794
864
836
898
904
898
932
960
948
894
720
1060
852
882
866
898
852
586
780
828
856
824
858
888
858
890
888
852
836
852
854
828
816
878
848
856
826
802
820
758
744
706
770
806
816
820
912
882
842
872
870
834
832
808
812
760
746
734
784
844
820
802
790
832
850
836
818
752
708
740
800
772
818
904
936
950
926
908
948
916
884
900
866
864
876
832
828
822
878
832
754
824
822
838
504
656
548
620
806
842
886
862
922
894
648
888
808
820
858
546
772
772
862
848
800
766
814
798
872
782
766
758
822
836
754
884
840
854
840
838
906
852
836
778
758
742
788
762
826
844
824
848
820
858
864
844
762
770
788
804
828
882
820
846
874
844
524
642
670
754
838
834
864
722
894
850
824
830
860
850
834
774
796
778
704
818
734
758
526
916
900
954
930
920
940
860
802
740
702
654
632
594
644
670
728
708
802
826
916
870
552
622
876
804
730
714
646
664
764
862
936
918
1004
970
944
952
638
942
872
904
854
814
796
738
686
760
844
924
992
954
924
930
916
666
1116
854
872
846
848
798
814
754
774
858
868
832
790
770
776
758
806
854
822
852
904
818
798
772
828
850
912
866
896
910
882
864
794
644
788
544
606
948
954
844
886
892
850
758
760
822
896
892
848
892
900
898
884
828
844
850
838
852
796
816
876
868
832
844
856
860
840
892
806
862
850
870
840
888
880
860
790
830
836
862
816
796
862
848
858
884
792
800
878
836
784
850
852
854
798
790
836
832
796
762
834
824
780
776
820
848
810
812
790
810
786
738
780
776
742
740
802
682
698
758
730
718
802
772
800
740
778
716
732
780
862
806
854
852
846
806
794
838
834
792
782
814
866
812
792
854
840
840
852
898
904
894
944
904
914
838
878
624
660
740
776
846
820
758
752
772
796
778
790
824
884
816
796
856
848
828
788
850
840
782
744
814
788
832
878
860
832
668
1052
856
880
838
874
652
1098
856
860
872
862
802
856
810
766
754
700
764
748
788
746
756
826
790
754
776
736
716
710
744
780
792
888
894
836
866
820
786
778
856
872
842
844
858
842
880
790
804
852
852
796
846
866
868
898
798
784
820
844
828
836
816
860
864
840
876
862
860
910
826
564
796
568
678
660
860
832
860
852
840
900
850
834
836
552
858
876
848
902
910
954
860
922
578
678
908
802
866
870
792
780
818
810
742
736
698
766
812
840
802
838
818
874
776
806
812
848
760
808
836
862
882
792
834
846
836
812
798
830
536
830
778
768
640
814
714
708
802
836
834
794
802
788
848
790
794
868
878
822
830
854
856
834
730
732
726
780
784
774
814
852
820
820
750
798
812
820
800
806
890
866
800
782
802
788
876
886
824
794
860
870
852
818
744
770
780
818
874
878
862
802
838
826
884
884
892
858
852
836
830
832
802
838
854
906
834
848
840
898
846
810
892
896
834
826
814
872
866
900
836
778
768
782
738
722
812
788
842
820
850
850
866
866
842
854
808
828
826
842
838
812
860
888
870
878
844
856
918
812
818
894
854
762
758
796
796
778
712
714
744
720
940
804
712
738
768
792
790
792
854
860
872
832
822
810
838
824
830
774
820
802
834
752
778
868
886
874
880
888
868
798
784
778
802
796
826
784
798
512
674
806
812
548
768
824
710
770
840
806
794
784
768
726
680
748
766
800
864
804
818
878
846
794
832
832
830
856
822
840
900
910
856
822
844
868
852
824
846
842
858
834
878
840
840
788
786
810
870
912
934
844
908
900
850
784
796
866
878
826
830
878
842
856
834
856
814
818
796
854
852
802
860
896
858
862
806
860
840
900
866
860
896
876
890
826
826
808
846
788
834
866
826
854
842
912
900
832
832
846
862
824
780
740
712
816
856
882
924
876
750
778
600
878
848
508
814
820
812
812
746
742
790
794
704
660
626
670
726
720
856
812
784
826
796
800
786
758
736
694
656
726
690
690
730
790
822
844
794
798
848
830
822
820
808
756
776
766
780
810
806
788
774
762
788
802
776
806
838
838
814
874
822
722
918
800
764
792
732
664
752
790
840
800
780
820
806
754
790
756
768
764
778
770
796
788
814
844
854
832
836
842
556
638
746
772
806
768
822
838
812
878
864
876
798
824
780
824
784
768
800
826
762
730
722
752
756
764
744
746
792
790
784
820
850
856
858
796
794
738
700
564
804
620
658
658
712
738
850
812
750
770
810
820
806
732
768
792
828
848
800
856
850
870
846
810
864
862
826
848
842
596
792
792
850
858
830
818
832
842
846
782
796
788
836
796
832
852
834
796
804
816
816
768
764
832
824
778
802
790
810
726
746
760
732
846
870
844
852
780
832
820
734
798
802
518
706
822
830
838
842
854
778
748
792
828
818
782
784
752
770
586
704
572
696
590
784
826
734
710
750
732
700
728
766
686
658
664
742
622
680
758
806
806
826
666
868
682
646
660
646
656
680
804
846
896
858
832
824
844
848
874
542
718
712
756
738
736
754
760
764
718
818
864
892
866
868
828
858
528
678
878
848
902
900
880
830
954
930
834
744
750
782
816
814
810
756
800
832
862
910
824
812
804
874
844
860
850
876
840
838
868
868
788
854
864
878
832
900
864
850
806
816
790
758
830
780
802
896
934
894
548
788
812
880
816
830
866
848
872
840
900
898
880
836
884
882
806
836
864
904
854
884
872
878
898
858
878
878
804
816
834
800
798
820
746
786
834
854
850
902
826
514
646
828
772
768
796
766
806
844
864
826
886
858
832
828
822
868
834
860
844
850
842
742
762
800
770
734
766
734
726
740
778
790
742
818
798
896
838
536
770
800
790
750
768
844
840
790
816
836
850
814
732
794
816
828
790
# end time: 2014-03-13-22:36:46, 1394764606.45
