# R wave intervals in milliseconds per line
# start time: 2014-03-09-19:05:58, 1394406358.46
668
716
744
760
794
830
838
856
814
850
816
814
788
826
842
842
780
766
772
800
824
798
792
802
736
696
712
730
794
862
876
872
870
882
872
836
806
856
858
848
832
850
894
888
846
900
868
898
888
844
842
842
770
680
648
668
728
858
934
950
960
956
946
938
902
854
744
786
846
868
852
834
866
898
956
916
870
878
912
906
864
764
730
754
822
898
936
942
902
898
926
928
878
844
830
854
838
820
920
924
896
886
910
872
818
858
892
906
926
894
860
912
902
906
846
864
892
864
880
852
890
888
828
814
844
872
854
884
858
864
856
868
778
798
784
720
730
736
808
766
706
688
666
654
664
668
702
748
880
832
762
748
766
696
684
696
702
766
814
832
836
802
704
746
752
764
794
786
772
806
778
804
828
898
872
806
708
704
728
806
844
882
888
894
884
842
744
732
718
734
820
866
832
826
864
876
868
836
760
756
796
830
778
692
656
710
712
744
790
852
868
870
840
810
822
826
836
858
852
856
866
866
916
876
850
888
886
884
810
856
846
846
758
760
804
834
800
798
846
842
814
716
738
702
772
702
684
694
670
686
724
820
826
822
866
876
846
822
834
838
818
740
774
818
850
822
780
808
834
840
778
740
716
766
816
826
818
818
856
862
868
864
810
824
854
876
886
888
864
878
860
842
852
844
864
896
900
872
868
868
866
828
826
838
852
848
830
876
888
870
834
822
836
790
730
768
818
850
800
738
758
796
840
870
860
818
828
790
750
810
788
778
762
720
748
794
792
752
# end time: 2014-03-09-19:10:37, 1394406637.94
