# R wave intervals in milliseconds per line
# start time: 2014-03-17-07:47:03, 1395056823.43
566
744
758
816
870
908
868
824
848
900
864
786
776
844
912
938
886
910
974
950
930
976
978
886
854
874
846
794
842
908
946
910
862
868
816
744
738
780
892
904
898
940
902
838
874
902
862
834
894
936
916
842
862
882
866
814
874
892
914
868
880
902
938
874
858
852
894
858
794
728
728
726
776
846
840
786
850
776
732
756
780
854
918
922
854
862
890
916
900
882
948
962
938
920
968
992
992
902
902
944
952
922
830
814
876
932
890
850
904
930
854
798
788
902
988
976
918
948
952
920
912
936
924
798
800
918
942
858
834
886
822
814
828
822
774
736
790
836
798
782
774
762
728
720
798
804
842
894
816
784
840
898
904
920
934
954
948
908
934
944
956
910
848
880
900
900
894
928
980
940
832
866
862
848
784
822
914
960
920
810
772
746
708
696
640
706
870
926
938
908
906
924
918
906
890
808
756
714
750
772
820
918
960
962
930
934
904
858
898
948
968
948
918
928
946
834
800
826
796
748
808
876
900
878
792
760
746
714
718
774
792
802
812
808
798
818
870
906
868
796
750
778
746
732
738
758
770
832
876
824
788
784
750
768
792
740
730
758
834
870
796
784
846
856
868
814
758
774
796
824
850
778
780
796
762
736
800
772
800
848
852
812
860
910
932
852
770
804
856
908
928
892
928
938
912
834
860
898
900
838
866
928
912
834
844
892
900
834
858
902
878
838
878
892
810
794
852
894
882
834
868
858
754
734
790
736
826
760
760
816
832
824
802
784
730
684
628
662
682
718
798
858
870
806
702
730
792
808
772
834
880
858
792
848
920
936
842
812
826
810
720
798
868
916
914
882
786
764
802
844
864
808
854
926
964
884
872
886
880
782
714
736
744
784
816
768
792
760
842
926
866
860
876
852
734
718
788
802
804
880
916
886
770
736
772
782
770
840
880
898
798
756
778
796
826
844
824
848
876
820
764
770
772
724
732
736
788
798
786
786
846
836
846
894
882
874
918
942
914
860
884
900
910
876
810
842
868
880
860
790
752
750
716
694
728
794
850
786
748
822
834
918
954
884
892
912
786
732
772
838
862
892
884
866
840
834
810
750
676
720
782
836
738
698
704
716
754
952
1020
1002
980
950
910
774
714
784
824
890
918
832
784
782
820
796
780
818
874
942
908
858
908
936
866
756
750
740
740
708
716
654
726
724
692
674
652
636
640
654
760
782
878
884
866
852
848
852
776
766
820
860
902
916
886
808
790
806
1456
1288
772
542
620
646
646
650
660
648
678
708
718
704
682
700
698
704
708
700
712
726
726
736
756
792
810
758
762
714
682
762
814
792
796
844
882
836
804
778
852
912
906
804
778
798
846
882
918
898
882
868
798
712
696
688
680
682
676
686
674
664
648
662
740
830
862
836
818
874
934
896
884
900
818
736
772
820
778
738
742
770
832
810
864
930
960
898
882
912
920
912
878
936
926
902
856
894
910
932
924
870
902
894
900
850
872
914
930
814
784
826
862
834
814
876
910
910
806
800
838
794
836
902
958
898
820
838
896
838
752
800
854
912
938
882
896
912
902
884
778
818
822
794
724
726
716
746
760
864
956
966
934
920
942
922
864
780
794
822
848
822
788
856
906
874
898
944
954
894
864
860
852
756
728
788
812
804
866
940
962
958
858
842
864
816
858
932
944
920
948
978
976
914
914
874
850
960
984
880
868
818
818
848
870
874
762
676
698
720
764
758
756
782
830
866
798
762
828
884
886
902
870
768
806
846
894
924
876
874
900
866
846
888
884
832
760
760
744
796
894
862
906
964
990
936
894
942
864
842
894
934
902
898
942
940
854
850
904
938
908
924
946
892
924
950
940
880
894
936
906
858
900
918
890
800
820
782
742
752
856
914
892
884
910
894
822
850
894
848
782
856
908
856
836
888
904
882
840
874
906
864
804
874
926
938
872
890
924
924
868
894
910
882
848
886
798
748
790
864
936
862
846
896
906
860
804
866
918
932
868
890
920
914
830
848
906
910
860
868
908
910
850
830
858
888
856
868
924
954
918
934
958
922
834
866
912
946
884
880
926
930
854
862
880
858
780
838
916
928
910
938
910
818
740
782
772
732
730
752
704
746
782
818
848
850
838
820
758
806
798
846
876
810
842
896
922
910
960
964
928
868
882
880
904
812
882
924
940
904
898
940
942
874
896
932
926
846
854
864
834
770
806
892
918
836
798
786
794
878
904
790
794
864
906
942
938
948
934
860
836
864
874
800
758
810
916
974
1006
992
974
962
946
922
912
854
720
766
814
888
950
962
948
928
910
946
950
878
898
928
950
894
894
944
960
918
884
922
894
830
884
932
948
910
948
934
836
822
850
842
822
802
762
838
872
828
848
906
920
884
848
890
916
868
838
882
906
860
848
912
888
800
758
734
796
898
996
988
930
948
946
936
880
864
916
920
848
836
888
914
916
874
918
952
920
920
948
922
870
916
944
958
890
898
920
900
864
902
850
790
856
906
948
910
842
888
938
956
910
916
926
868
856
898
902
840
792
818
868
922
936
920
950
958
918
878
908
914
854
854
798
764
754
850
900
934
860
860
890
922
844
886
932
918
890
934
946
906
866
898
916
876
860
890
890
830
826
886
872
854
928
990
932
916
968
936
844
882
862
796
788
858
908
912
906
952
958
938
894
928
928
884
894
924
914
860
886
906
864
882
946
944
862
928
942
960
924
868
902
922
928
876
900
930
934
916
888
916
910
822
860
902
908
888
890
926
954
910
898
936
946
904
902
930
922
846
832
858
888
846
866
898
880
840
864
880
858
818
854
886
890
844
814
862
896
834
836
906
918
864
884
926
862
808
842
886
884
876
908
914
914
830
820
844
796
796
806
854
882
846
882
910
844
812
752
770
830
898
846
844
906
940
866
856
912
932
944
842
884
900
900
822
848
916
932
888
870
908
908
834
806
872
908
916
912
948
946
846
852
904
882
770
766
792
772
704
684
686
682
712
656
642
668
660
666
630
782
812
804
778
764
792
778
706
738
788
838
866
868
822
856
870
852
812
860
902
924
880
876
932
944
918
902
922
912
844
860
900
918
920
904
934
930
898
792
798
826
818
830
764
792
858
886
850
816
880
844
822
794
836
848
822
782
856
902
946
946
910
928
908
836
836
864
886
828
786
834
854
778
754
816
866
862
824
896
944
938
898
930
936
932
842
840
888
912
906
858
898
916
918
848
896
904
866
812
860
888
856
806
850
848
772
772
848
884
892
874
908
896
838
828
858
830
774
752
782
824
858
852
874
818
754
754
814
844
838
808
866
886
856
788
840
856
800
776
834
916
928
836
852
906
902
840
864
906
912
844
858
870
846
776
804
848
862
856
882
886
864
786
802
822
838
822
742
760
790
802
798
802
760
724
726
738
830
846
930
906
902
896
858
798
678
732
764
784
792
800
744
786
862
902
816
850
918
950
902
934
952
938
864
882
882
858
824
882
936
952
946
914
930
820
768
754
784
704
722
762
730
696
706
748
722
710
756
750
724
742
756
754
718
700
750
786
802
742
728
782
810
830
768
734
712
726
724
748
788
868
856
818
842
854
786
718
746
792
802
748
730
778
834
796
868
928
952
912
872
918
946
952
866
858
916
946
938
916
922
966
952
914
930
932
876
774
786
820
856
772
742
790
832
844
774
724
776
812
818
738
722
796
790
760
708
726
716
734
814
894
924
882
828
826
792
782
836
890
860
764
790
820
842
924
958
900
934
944
890
834
858
854
824
842
900
912
916
874
784
786
862
810
842
912
880
914
964
958
912
932
944
934
846
876
910
918
908
880
914
902
870
844
878
906
906
868
884
818
736
716
786
810
864
836
846
894
912
842
874
902
912
848
808
816
842
810
766
840
908
934
896
828
862
866
814
810
820
816
766
758
768
790
812
888
906
916
870
794
798
820
834
840
792
746
752
724
734
784
874
866
870
886
910
868
876
882
892
876
840
862
870
828
780
846
920
884
834
850
784
834
924
964
966
908
914
942
932
886
906
920
920
864
884
936
946
904
814
848
924
956
882
918
954
938
810
700
658
646
720
686
662
688
690
682
660
650
654
640
648
666
666
642
646
650
658
632
676
650
648
638
640
648
690
704
694
708
714
718
732
748
726
826
828
782
704
742
744
696
672
660
680
722
782
836
842
874
898
888
888
866
812
790
748
748
754
842
934
960
926
908
912
920
902
902
912
912
866
824
844
854
832
776
744
764
844
866
820
828
818
808
820
896
886
826
822
848
868
808
774
806
856
902
864
852
852
814
818
880
936
930
878
870
894
908
882
866
876
892
914
872
880
924
912
862
804
796
794
810
828
846
930
934
938
910
888
906
892
860
922
928
918
882
884
910
870
846
864
872
858
820
820
856
870
836
764
770
762
750
778
860
888
860
878
864
826
858
894
904
850
832
848
856
840
782
796
808
784
728
708
780
756
802
854
842
840
846
916
882
838
814
808
876
906
882
860
840
834
782
720
692
730
786
788
824
906
938
932
924
860
810
772
786
806
800
750
762
760
736
796
780
826
896
938
918
892
920
920
840
750
696
734
734
744
796
864
892
912
872
910
896
842
846
854
836
806
872
890
916
876
864
894
936
932
922
878
860
934
918
930
956
960
950
984
988
922
886
928
920
902
928
960
954
932
888
888
880
872
868
908
896
860
852
888
878
848
870
890
894
870
878
890
872
810
802
844
868
880
878
916
924
912
874
882
892
854
800
842
894
936
932
906
920
910
912
894
882
910
894
820
824
864
896
896
908
920
898
876
858
870
824
818
852
872
818
770
796
850
876
838
834
846
876
802
816
876
850
814
776
842
792
794
842
844
814
834
868
868
830
790
842
786
764
794
800
824
826
852
896
902
904
896
910
890
864
888
874
810
774
812
870
880
838
888
886
838
786
828
850
858
832
818
818
796
736
710
668
666
706
734
784
778
734
654
662
654
654
640
636
644
662
652
636
628
658
682
666
654
672
690
682
696
688
668
680
692
690
722
750
710
716
784
826
838
898
902
918
908
894
904
906
910
884
772
742
806
870
922
828
896
912
926
894
870
898
898
866
862
890
906
870
828
882
932
908
800
760
762
812
910
936
884
880
852
860
886
898
842
848
862
890
848
812
816
832
876
908
902
904
912
898
862
864
804
738
822
880
926
914
858
922
934
930
878
898
912
922
874
854
878
850
834
824
862
910
828
834
882
898
848
854
926
910
858
790
856
876
894
880
790
796
824
858
894
850
876
920
924
896
876
930
844
738
722
710
690
682
668
716
804
806
778
810
842
884
896
858
826
870
868
870
804
798
838
876
838
874
914
944
936
892
886
898
888
856
866
864
880
802
830
836
792
790
856
896
894
830
836
866
912
840
814
838
880
810
800
832
860
876
844
868
892
860
800
824
864
886
812
768
792
764
720
714
700
688
696
778
812
812
860
894
896
854
860
854
846
794
794
776
720
696
776
876
896
908
938
970
922
904
906
920
880
900
922
918
892
904
902
826
832
846
864
786
834
900
912
878
852
882
896
854
792
846
802
736
774
844
962
936
922
902
864
888
882
840
822
880
920
926
882
916
900
862
760
696
630
722
768
884
976
978
970
964
966
954
896
872
824
752
692
702
678
720
826
826
830
816
776
712
696
700
674
682
712
720
720
700
738
762
770
762
766
764
778
738
738
748
728
700
726
692
676
680
718
700
700
700
690
708
710
706
750
800
806
736
730
776
738
690
680
702
686
728
806
868
872
832
800
718
696
734
746
748
734
776
772
750
742
726
700
690
674
656
644
658
680
690
780
754
758
802
792
736
762
784
782
726
694
702
740
766
722
752
784
782
854
920
864
832
836
824
910
872
856
894
824
768
798
814
752
732
750
794
796
806
800
772
724
754
714
686
660
630
660
682
788
876
806
762
734
808
896
936
890
842
914
910
924
946
950
914
846
912
950
956
954
918
926
932
884
804
754
720
700
730
798
800
898
916
838
850
890
918
950
942
948
906
806
736
798
800
816
788
794
796
778
756
742
732
716
698
678
660
634
624
626
628
648
646
670
702
662
682
698
662
662
678
668
680
682
674
670
684
720
706
670
666
690
726
750
758
832
892
904
778
712
754
746
706
734
736
850
894
902
870
816
844
868
878
808
816
864
890
796
716
776
832
870
798
800
862
904
836
820
856
888
796
788
844
896
846
836
894
894
816
804
842
862
820
832
900
914
810
764
748
720
734
726
762
808
798
798
896
962
948
916
970
960
976
908
910
896
854
856
912
908
862
868
886
802
716
756
840
828
788
826
872
850
796
894
930
836
838
900
920
822
824
868
848
760
800
884
918
836
884
924
942
872
894
926
914
896
934
872
822
790
856
890
894
834
876
918
908
848
898
940
924
880
922
932
860
890
944
958
936
964
970
934
884
898
882
778
804
872
894
830
862
888
838
778
762
738
736
774
766
824
906
944
882
894
926
934
840
848
888
880
852
912
946
900
900
936
908
894
918
866
820
884
878
810
858
902
872
860
908
902
830
888
906
838
832
900
824
840
888
856
780
818
872
844
820
912
948
900
870
926
884
832
876
900
828
866
874
822
854
886
892
848
914
880
878
874
898
842
846
880
854
836
882
876
874
870
904
880
820
854
868
878
822
826
780
724
684
730
700
754
808
902
956
952
934
964
974
916
918
942
884
806
826
798
776
846
892
854
842
860
960
880
920
932
836
832
908
952
940
900
896
936
934
872
880
934
972
930
918
960
956
908
920
954
948
886
920
956
932
864
900
934
914
884
910
922
828
822
854
838
804
872
790
724
724
782
884
964
990
946
964
954
898
858
914
870
812
902
952
938
942
974
958
908
920
924
896
930
940
934
940
958
950
896
914
948
932
904
936
966
838
842
872
832
828
920
968
932
960
992
972
898
942
956
884
874
926
942
896
876
930
924
838
818
792
760
824
804
756
844
918
908
852
918
946
882
904
942
916
812
876
872
888
834
878
902
804
790
858
866
882
916
902
856
906
918
886
908
938
898
866
908
932
896
888
944
940
854
864
914
902
834
884
932
904
892
922
924
804
814
880
954
842
894
948
934
870
894
930
844
808
902
946
872
878
890
830
792
840
878
798
842
860
838
826
888
910
828
822
862
818
770
758
742
764
852
842
884
940
958
866
878
914
866
752
792
820
796
772
858
854
772
840
882
908
878
932
960
904
786
820
858
882
796
792
924
938
866
898
940
920
846
892
920
912
842
882
912
862
776
772
820
836
782
816
840
806
810
860
820
778
840
862
816
762
798
832
784
748
768
792
780
750
738
738
756
808
800
760
802
878
886
800
826
870
884
852
842
888
876
804
810
878
914
872
836
878
916
918
852
898
944
960
922
946
976
948
886
878
934
824
818
902
946
856
860
910
948
826
878
942
942
838
886
930
868
836
922
946
878
914
952
910
886
932
956
958
940
968
928
912
944
930
892
944
950
926
962
976
908
888
908
858
806
914
952
856
888
972
942
874
902
902
806
730
750
764
760
732
750
796
800
784
756
796
798
764
704
736
770
796
762
764
742
774
832
848
800
878
924
942
912
936
936
932
860
848
870
918
930
906
930
934
898
902
894
890
844
850
854
894
814
858
910
912
872
910
942
932
886
918
916
872
828
890
932
936
894
906
954
894
928
938
920
874
824
788
806
814
766
778
804
786
744
742
798
816
774
738
710
728
788
802
808
880
880
876
838
910
922
912
870
846
850
882
904
822
818
802
816
768
762
780
842
918
940
928
896
912
908
868
840
886
904
902
866
890
954
958
904
876
916
938
892
836
816
918
868
834
886
924
942
872
920
948
952
936
918
946
950
952
936
974
984
966
934
914
948
954
902
818
872
990
1002
992
918
936
954
874
872
888
908
924
850
854
922
914
920
964
978
910
908
936
894
862
922
940
938
916
932
952
932
890
930
926
878
850
870
842
796
746
784
792
800
794
866
922
888
854
896
918
952
854
918
924
922
856
916
934
910
894
926
952
960
904
870
932
916
874
870
880
868
850
880
908
850
846
818
850
854
858
800
802
820
828
816
796
798
814
864
770
724
698
690
690
718
742
756
880
914
932
896
870
896
914
910
890
906
922
884
882
936
922
898
950
972
924
934
956
914
820
900
938
960
908
902
902
880
882
904
912
880
876
922
926
888
870
960
948
878
872
892
868
862
844
826
772
784
828
846
882
922
980
946
888
890
904
816
846
856
932
908
852
898
936
938
888
944
958
964
900
918
940
940
880
924
950
950
906
940
932
940
866
914
944
880
910
902
916
864
888
952
936
908
940
952
902
874
930
920
888
906
930
868
798
866
904
892
844
890
930
860
854
902
914
926
906
932
926
862
856
908
918
870
920
944
938
880
890
910
966
902
940
976
946
838
794
822
756
750
728
700
706
778
838
872
928
858
770
792
756
722
726
746
794
828
758
816
872
916
798
768
800
888
918
866
848
862
# end time: 2014-03-17-08:39:56, 1395059996.44
