# R wave intervals in milliseconds per line
# start time: 2014-03-17-05:58:27, 1395050307.33
764
762
552
658
528
738
750
736
742
586
778
658
714
802
852
910
902
816
732
782
824
896
968
630
794
834
968
1002
952
864
916
884
816
810
826
950
978
904
916
564
948
854
748
750
774
894
848
788
828
928
902
818
800
836
852
774
770
814
724
696
672
694
764
846
838
880
822
884
704
660
700
690
744
754
748
840
920
938
820
792
752
798
836
800
770
814
912
954
858
820
882
540
774
832
822
866
864
806
866
868
838
816
790
864
878
808
764
782
782
712
740
800
804
758
774
812
842
774
744
708
782
796
796
794
760
774
790
808
764
806
846
838
760
750
782
838
868
812
784
764
802
822
732
768
784
812
948
882
760
802
854
866
838
784
866
890
854
840
886
882
802
732
764
836
958
1002
846
800
822
860
830
808
864
876
910
818
798
804
852
856
854
750
766
858
858
852
744
792
800
810
790
750
742
818
904
916
774
728
752
798
862
850
772
768
820
834
768
776
808
846
830
786
822
830
728
706
708
740
836
818
802
854
854
788
746
686
670
680
684
698
702
664
722
766
734
684
646
754
768
762
724
728
768
852
850
856
790
756
710
692
678
700
692
680
690
694
706
802
758
786
794
784
748
728
740
752
788
690
806
784
760
746
726
718
670
660
700
696
742
800
836
878
834
822
782
766
816
800
770
774
790
844
806
748
722
712
774
810
882
972
914
948
886
940
856
786
736
702
716
754
766
736
766
802
762
722
752
744
728
752
810
794
756
772
824
840
834
788
704
710
790
796
764
686
752
898
952
912
916
918
884
768
714
748
780
824
838
750
782
876
920
846
792
842
854
812
750
772
818
830
832
818
872
872
922
836
804
848
874
782
760
726
754
714
750
804
900
882
768
782
846
854
814
764
838
854
812
720
736
728
802
802
736
762
784
826
774
734
784
874
856
766
690
710
690
714
800
868
820
734
812
828
840
782
786
790
744
670
696
766
806
764
792
800
806
752
700
692
714
828
826
766
736
782
844
852
784
752
798
844
870
836
768
794
846
860
848
808
730
816
844
802
738
748
732
756
738
808
766
784
804
816
798
748
688
676
690
732
730
738
732
780
818
842
808
802
776
534
782
760
758
740
752
744
798
734
706
752
804
634
700
750
798
844
848
874
784
782
846
828
806
804
776
858
860
834
780
794
798
770
772
694
702
736
780
768
738
780
842
872
840
776
816
816
858
794
752
770
842
882
810
516
778
854
950
924
884
846
916
870
574
654
692
822
922
914
828
818
866
864
866
808
794
882
934
934
890
878
936
864
798
832
876
896
890
854
886
898
886
826
808
810
750
844
862
916
830
860
842
888
788
816
898
916
860
776
776
820
736
696
732
758
748
748
734
782
818
802
756
764
802
790
738
776
790
804
750
746
768
814
788
754
778
806
856
788
732
730
706
744
808
652
938
838
880
880
840
898
876
852
748
762
786
766
752
754
820
876
870
786
806
808
820
730
716
828
916
940
850
812
532
880
786
784
792
760
674
656
650
726
590
544
572
896
902
930
956
932
932
900
846
832
808
808
776
800
752
826
872
914
828
832
892
884
852
808
820
840
798
816
700
654
660
666
668
670
696
682
706
692
760
712
722
784
562
638
626
670
642
602
640
628
628
602
636
610
680
626
624
640
624
590
596
618
662
634
642
722
774
746
716
736
730
754
762
734
704
688
674
696
678
676
718
762
782
830
896
876
784
706
668
668
810
884
934
910
886
874
868
868
582
602
764
810
852
876
828
858
870
908
886
846
842
804
744
688
696
742
786
770
822
822
850
802
782
728
772
808
886
794
740
806
854
948
904
948
916
550
844
800
856
888
890
868
900
902
834
776
752
852
850
866
754
740
776
786
830
772
736
712
718
766
818
804
780
826
862
862
806
828
906
898
810
828
904
878
848
864
896
862
820
806
886
856
858
906
918
860
858
898
908
838
808
782
800
902
850
794
808
902
836
762
826
806
822
718
696
748
788
834
772
776
834
760
692
736
736
818
796
800
794
806
802
782
758
802
766
800
758
798
834
822
880
878
808
790
810
782
748
792
862
902
934
864
906
920
916
972
918
888
880
880
760
700
710
752
764
790
956
920
888
888
792
780
844
840
846
876
840
780
812
830
820
716
746
760
796
882
922
842
890
880
940
880
850
760
782
838
822
768
872
938
958
896
830
874
880
864
806
818
902
896
850
816
868
926
924
904
926
930
888
866
908
936
948
866
904
910
904
824
858
886
906
888
886
916
920
866
866
880
874
816
772
824
832
806
730
708
710
754
758
766
776
842
840
882
790
758
824
810
754
714
732
758
846
886
954
838
752
732
808
912
930
872
842
768
976
818
730
818
832
808
824
922
882
974
916
916
944
566
704
730
684
752
826
966
962
944
990
946
866
918
866
886
842
918
922
936
926
886
766
812
836
890
864
836
854
912
944
872
880
774
718
680
786
868
968
944
884
854
902
898
864
808
860
894
946
992
944
912
984
944
874
762
706
748
822
948
886
848
948
972
926
888
858
798
782
716
748
848
916
922
932
976
924
970
970
920
860
888
896
900
912
886
868
830
798
822
872
914
882
880
904
884
804
826
918
922
884
888
928
936
916
840
864
790
722
706
756
898
888
900
890
928
808
814
838
914
936
606
864
910
928
804
802
814
868
850
816
900
980
1000
956
846
836
876
870
926
964
996
968
888
862
908
962
864
822
504
760
920
908
942
934
952
712
1186
900
912
918
918
860
906
912
846
902
918
910
926
972
956
900
954
950
918
910
912
952
910
882
876
932
914
900
898
910
908
838
506
892
864
788
708
792
892
894
824
778
774
908
842
772
846
912
940
878
840
882
846
756
816
910
926
930
918
936
946
918
862
898
892
818
860
948
962
926
956
976
990
936
650
790
804
916
900
876
926
948
922
900
914
918
606
792
734
828
778
700
786
860
970
904
864
922
932
944
878
882
930
818
746
818
902
638
746
784
910
952
950
872
808
872
882
830
792
840
952
888
632
776
854
934
896
750
998
866
934
970
930
918
908
928
974
912
944
972
960
892
976
968
922
920
956
930
886
926
916
872
808
832
912
954
866
832
920
846
742
744
758
756
752
764
806
706
710
788
790
856
830
794
818
816
792
846
898
912
868
774
780
854
858
822
810
894
932
944
864
828
842
868
860
776
822
878
930
866
840
826
900
828
794
796
752
736
790
822
852
834
812
752
818
884
914
926
872
922
940
952
926
940
964
980
972
918
936
992
996
964
938
992
992
972
976
980
986
962
906
926
956
972
954
870
916
924
908
864
910
908
884
814
892
934
932
916
914
964
888
890
944
974
926
916
984
920
906
888
916
912
806
840
854
824
798
774
774
816
716
712
710
694
686
750
680
670
660
662
694
724
766
726
722
776
798
796
730
720
712
732
746
778
714
700
674
688
712
762
806
790
698
702
694
664
772
854
902
884
854
810
826
852
868
844
832
878
914
890
776
786
812
862
904
834
780
842
884
888
886
830
902
878
820
728
720
748
790
838
756
754
722
726
744
726
754
726
670
654
726
788
852
842
818
890
896
902
854
780
754
752
752
734
724
712
736
702
690
686
668
698
684
742
814
860
814
738
704
758
778
828
876
898
870
834
752
752
812
812
766
736
776
868
894
854
884
814
810
832
940
946
938
910
932
940
900
930
940
908
928
856
878
894
916
848
800
722
786
804
770
774
850
828
814
822
846
898
884
820
808
890
888
844
822
834
880
886
830
804
768
776
888
934
898
822
884
898
938
844
838
874
888
818
756
812
840
830
796
754
800
872
908
874
828
890
860
888
798
892
920
926
862
850
886
892
840
850
840
900
884
846
834
864
868
806
780
870
868
862
838
800
836
842
822
770
740
722
752
846
892
808
856
862
900
846
766
772
828
872
880
838
884
914
912
886
868
888
898
900
844
882
896
908
858
888
920
906
848
838
878
894
890
888
922
934
842
812
846
864
856
790
822
836
730
686
646
660
696
780
874
924
910
938
918
852
798
816
852
786
738
824
858
786
734
688
720
870
914
920
846
760
712
732
732
738
768
800
822
822
814
768
732
742
728
754
764
828
890
916
884
864
878
890
910
874
864
814
840
846
908
872
818
806
884
860
854
842
860
880
888
894
846
872
852
772
822
850
906
924
884
596
738
610
696
724
756
860
848
872
858
806
752
682
702
706
840
926
906
822
800
766
756
790
786
744
704
712
706
770
848
872
894
812
846
906
958
940
908
930
908
1006
920
926
968
982
630
878
910
938
930
872
942
970
960
902
842
874
908
898
834
906
946
994
768
1130
970
952
914
990
922
960
788
812
854
884
848
784
778
806
760
724
654
658
640
646
676
862
844
810
866
966
898
808
796
810
732
690
766
836
864
808
724
756
774
856
868
808
746
714
786
820
778
790
856
934
974
966
930
866
856
888
818
910
932
934
896
910
936
960
948
916
968
924
798
734
714
748
794
844
846
802
850
940
924
886
838
798
766
788
714
734
726
708
700
702
712
718
730
724
704
674
622
644
668
638
656
744
850
830
802
738
806
936
928
910
866
844
868
888
850
866
914
910
906
830
790
880
948
952
932
838
874
898
868
768
744
720
690
746
690
742
758
920
946
952
884
894
932
818
800
854
902
908
814
810
878
908
890
840
728
804
850
838
830
792
836
898
984
986
966
946
952
918
824
822
888
828
846
892
900
920
906
798
774
710
712
544
706
534
652
650
634
620
592
640
1016
1014
1042
1034
1044
1062
1058
1010
1010
908
908
790
814
864
786
734
812
898
970
986
962
884
804
764
786
924
992
1014
972
914
880
874
874
886
838
858
958
930
966
922
908
904
776
736
750
836
906
926
834
798
746
792
816
876
836
852
932
894
834
816
816
754
780
834
832
838
754
832
886
902
912
858
754
760
850
864
798
748
834
896
998
976
936
898
944
892
878
890
936
912
886
912
910
920
960
926
942
936
824
786
752
810
808
800
712
798
852
944
836
808
812
846
764
718
764
790
808
816
780
796
764
802
706
788
840
916
908
864
908
900
896
820
810
878
878
832
862
916
936
894
882
918
940
862
824
890
916
900
848
870
896
892
844
840
836
886
806
856
898
998
912
930
932
560
860
886
892
912
884
952
954
894
886
934
952
888
944
960
940
888
902
894
886
812
900
936
902
918
918
914
880
878
912
944
772
1018
928
950
886
830
876
928
848
814
912
934
872
810
836
876
806
822
918
936
846
826
788
796
854
812
784
892
898
812
712
724
764
862
966
854
890
926
990
886
882
918
912
894
856
910
936
878
900
896
966
896
892
864
886
738
714
764
858
960
956
954
974
972
908
890
894
956
920
900
922
916
932
870
908
964
970
942
970
982
974
924
920
864
822
726
742
744
748
754
736
694
690
684
686
734
796
796
800
866
882
876
808
780
786
834
884
840
838
906
914
884
832
868
978
1024
982
944
978
948
884
900
942
968
904
942
954
944
882
780
816
810
860
924
894
856
882
860
784
786
812
828
794
758
864
938
974
910
902
938
960
890
902
940
964
930
884
914
918
902
844
864
894
828
918
932
934
892
888
908
872
784
882
936
976
954
926
958
968
930
948
948
956
912
914
940
914
818
802
760
742
818
868
826
864
916
906
818
786
806
878
812
774
816
850
906
890
872
824
802
830
810
802
730
734
784
862
846
854
938
958
890
848
846
742
794
826
840
772
726
726
780
810
768
814
878
808
754
684
634
746
768
746
714
690
720
694
702
732
722
708
750
708
700
694
676
782
872
908
900
874
868
866
788
774
730
716
760
848
866
854
790
714
684
710
696
690
710
836
880
902
878
808
770
792
828
876
912
872
858
878
904
818
744
606
906
740
766
780
814
884
888
598
720
752
768
830
864
906
856
918
908
914
896
770
770
836
936
936
796
814
848
828
770
804
844
884
892
830
810
842
822
712
828
818
886
884
864
868
944
958
940
910
936
944
848
848
936
906
890
948
948
952
900
914
934
846
938
956
938
818
940
944
886
852
822
506
636
596
742
750
800
754
748
684
740
858
912
774
792
850
906
912
890
854
924
920
868
810
900
864
890
728
796
798
824
756
778
744
834
818
786
860
938
892
882
862
854
822
802
814
854
910
908
890
946
976
876
928
930
932
874
830
606
834
752
842
926
946
894
936
966
938
870
870
906
892
742
812
834
870
808
882
938
978
1008
950
918
988
926
842
908
928
840
748
786
836
798
766
810
780
734
774
766
840
750
682
716
732
804
744
674
678
666
684
678
686
698
744
760
748
688
714
688
736
712
714
722
706
768
740
742
770
774
790
782
732
692
710
734
774
784
788
766
718
728
770
832
904
958
910
872
912
844
756
754
832
862
870
774
692
718
706
706
678
726
740
772
752
712
692
706
746
788
810
776
784
838
916
876
870
780
800
832
858
844
778
804
756
702
688
732
714
724
746
730
714
710
742
808
840
780
736
694
672
748
712
680
684
674
704
744
756
728
772
796
800
776
766
844
754
714
680
642
630
656
712
742
782
656
984
964
964
962
972
948
818
796
882
788
752
752
844
896
884
934
986
1012
984
956
962
910
884
904
902
952
902
850
818
802
854
944
910
888
926
942
948
944
918
830
852
870
940
894
878
892
920
990
918
832
766
716
722
750
828
952
1006
1038
988
926
934
936
888
760
754
600
1018
890
908
960
956
894
878
782
670
698
658
724
750
892
996
1010
962
1006
998
976
886
870
776
810
898
870
938
972
988
960
860
874
858
930
842
894
894
832
734
754
748
826
920
610
800
800
852
870
838
912
930
914
928
962
922
870
876
910
866
866
856
916
964
988
942
920
926
938
946
902
932
910
982
944
876
920
872
762
732
736
862
922
930
864
954
920
846
870
878
860
780
818
642
1014
844
800
888
912
892
818
808
846
886
848
832
946
952
930
910
934
938
878
836
890
880
876
800
812
574
712
940
942
956
840
584
770
786
760
796
844
918
926
790
862
894
848
858
766
728
760
832
930
976
938
900
714
758
760
750
770
816
952
996
956
876
540
694
636
872
794
728
726
768
848
826
868
942
954
1016
976
942
872
828
858
864
774
770
768
842
934
942
920
812
808
860
842
820
902
932
950
948
878
886
930
960
870
772
860
920
946
934
876
850
902
858
814
844
944
914
880
972
974
978
884
954
958
942
838
876
920
934
900
852
912
922
596
652
782
874
918
890
876
952
968
934
904
920
842
724
772
758
786
794
860
870
804
792
920
948
902
750
768
748
764
736
712
792
864
956
850
868
672
1014
864
888
910
904
878
758
824
854
882
838
858
858
852
860
788
862
932
864
862
864
912
906
856
820
870
904
848
764
792
692
848
906
966
942
918
848
900
896
882
820
878
862
856
760
738
798
926
830
896
856
828
932
936
920
864
860
894
904
870
544
720
704
722
782
752
758
732
766
798
800
874
938
836
854
760
954
802
876
888
894
808
736
750
738
776
792
872
938
938
988
962
912
886
962
946
918
798
698
686
698
704
712
748
792
870
892
870
806
838
854
764
732
708
732
828
866
910
822
792
838
862
776
746
784
814
884
856
772
802
862
924
962
952
944
854
754
790
838
872
920
808
782
750
816
830
920
856
790
834
872
932
904
904
858
786
762
730
788
852
860
812
860
902
614
694
740
726
780
788
832
944
966
942
910
836
884
884
848
776
760
770
792
808
834
920
854
822
736
722
720
722
734
746
786
788
746
710
738
786
772
754
786
832
856
864
768
754
768
768
754
698
686
660
624
624
668
614
596
654
616
632
670
704
750
740
752
752
742
724
698
646
688
740
842
864
886
934
972
966
932
820
780
782
822
928
958
902
892
916
914
862
782
728
788
820
906
908
864
910
934
938
898
840
826
902
888
830
880
922
910
896
822
752
766
796
864
822
822
906
948
904
922
918
924
906
830
840
886
910
888
818
866
884
842
802
732
852
878
902
902
866
854
906
814
800
848
874
816
782
800
862
962
936
876
830
844
874
914
844
774
756
780
812
802
774
778
802
898
876
796
740
750
714
768
802
814
766
738
736
716
766
798
840
796
748
772
780
758
712
682
636
676
676
748
824
832
746
758
782
806
874
758
718
720
832
834
824
780
698
748
764
764
728
688
736
712
720
714
700
704
718
708
710
684
672
690
684
720
714
698
724
692
670
662
664
672
676
688
724
724
700
736
780
820
756
710
716
706
686
762
768
824
798
736
732
726
726
726
702
728
694
682
678
652
680
668
664
640
674
678
664
646
648
682
718
690
668
732
746
772
780
758
704
690
720
736
910
834
714
662
760
790
758
862
930
952
928
828
816
822
816
794
730
702
718
756
884
862
922
864
846
860
818
796
824
882
992
994
946
906
800
798
820
832
748
696
786
838
838
836
732
662
682
684
654
636
722
734
748
696
708
734
732
756
738
706
746
700
682
728
812
808
730
708
652
706
708
724
792
854
896
870
832
842
854
812
780
772
738
718
720
730
806
908
916
836
798
764
748
746
716
682
674
714
678
648
680
786
874
882
924
872
916
872
912
862
878
894
854
832
708
720
718
708
814
932
920
852
808
796
778
730
728
782
842
898
912
918
854
764
756
832
872
882
862
882
866
932
890
846
768
792
824
856
870
808
858
882
874
930
816
714
708
762
706
722
756
756
762
776
830
830
810
796
826
816
768
750
834
846
910
866
# end time: 2014-03-17-06:51:03, 1395053463.38
