# R wave intervals in milliseconds per line
# start time: 2014-03-16-19:03:00, 1395010980.93
572
606
680
654
652
680
720
762
756
508
818
800
808
736
598
720
642
670
704
780
734
598
732
762
646
940
736
702
654
680
668
652
654
712
680
734
752
754
746
720
636
680
664
708
692
684
716
750
788
794
718
734
786
732
764
698
754
798
822
826
770
824
804
788
732
694
718
720
706
704
732
744
714
768
754
714
750
816
688
878
802
818
812
770
716
716
736
754
714
714
718
712
704
700
762
790
816
804
520
570
658
700
682
706
706
794
742
700
738
762
804
804
596
908
708
746
736
732
692
706
706
744
756
730
684
700
724
742
684
670
758
644
666
678
680
690
682
702
692
716
720
698
648
570
648
584
618
656
660
618
698
684
700
700
698
684
646
628
676
632
640
714
712
818
780
748
604
976
778
772
642
630
680
648
638
650
680
698
608
784
728
732
718
682
686
694
710
692
650
700
702
714
724
696
682
750
738
682
694
702
710
722
716
694
680
736
676
690
708
696
724
698
710
772
730
700
716
718
684
676
680
746
688
692
718
668
702
720
748
752
676
766
734
748
694
674
668
676
702
716
668
654
752
724
738
714
720
740
716
690
750
742
762
764
716
718
706
770
720
672
672
718
698
656
686
690
736
726
728
730
664
690
688
678
730
738
796
786
696
718
690
702
740
698
680
694
712
696
688
744
730
690
698
692
674
682
652
626
636
638
646
604
604
624
622
594
662
626
626
628
648
664
618
646
650
634
632
616
594
582
618
626
634
666
662
738
664
846
710
692
718
690
676
702
682
708
724
682
772
782
796
772
598
556
798
716
690
760
812
770
704
736
784
706
686
704
784
652
640
662
794
834
776
768
794
790
744
708
714
662
732
726
708
764
692
606
668
694
660
674
620
692
682
682
668
760
784
782
720
708
808
704
668
708
694
716
714
684
642
704
714
776
742
836
832
754
736
702
716
630
672
648
638
658
680
686
766
840
846
782
786
780
730
658
716
694
672
734
774
742
764
754
774
758
702
726
740
720
710
680
690
714
706
666
714
722
742
722
680
720
708
758
668
712
700
704
704
692
748
724
834
832
782
688
682
680
650
624
590
638
652
694
710
714
666
616
638
638
616
658
686
700
714
694
672
700
702
706
702
688
668
668
742
742
730
684
742
736
770
770
724
670
754
712
772
700
670
730
746
710
726
708
748
722
674
694
648
638
618
676
650
690
726
770
764
772
776
698
670
666
614
624
642
656
658
656
666
696
692
692
652
616
600
578
634
800
766
770
810
842
908
894
886
842
784
872
818
818
808
774
816
848
834
816
772
698
670
672
678
680
720
742
680
768
742
682
648
752
812
784
754
678
690
630
696
692
712
750
686
696
768
766
830
832
836
810
694
746
760
798
800
816
694
690
692
680
648
632
710
702
698
724
706
706
830
828
856
768
758
772
772
760
718
726
740
762
696
762
764
804
768
868
852
848
784
742
774
784
754
688
730
694
684
690
666
692
680
706
666
702
754
788
762
738
690
768
752
732
684
726
806
824
832
768
818
664
968
778
702
680
692
716
698
672
724
762
778
818
734
736
758
756
752
708
708
696
754
734
818
746
716
780
764
754
706
712
730
742
750
716
702
910
752
762
752
736
750
796
770
728
724
700
738
716
804
744
780
782
700
690
654
722
666
670
648
604
662
656
678
654
698
678
682
684
682
694
614
694
714
752
776
784
776
750
764
782
772
724
740
770
796
796
770
726
816
784
730
730
738
792
808
814
732
698
734
756
746
750
694
740
520
586
802
812
880
802
790
544
650
636
680
708
746
716
746
900
838
786
856
868
848
764
756
790
808
848
800
778
818
872
822
760
816
784
858
772
784
790
830
796
710
796
752
738
704
770
818
834
600
1012
834
630
690
716
786
840
860
810
778
814
784
678
922
666
754
746
786
800
786
850
858
804
770
838
762
824
762
768
802
746
702
778
794
828
762
734
752
772
794
754
736
758
792
706
762
790
816
724
778
748
748
688
716
716
762
760
798
726
772
774
762
704
728
756
750
692
702
740
760
798
742
778
752
834
770
712
736
728
706
690
658
636
634
676
614
664
676
712
680
700
752
756
768
730
760
790
822
824
832
774
744
708
764
700
678
724
848
870
846
854
844
836
826
690
894
776
750
704
738
728
770
760
724
794
888
878
538
804
768
772
720
726
734
758
818
690
754
668
764
638
782
686
642
610
616
592
680
646
680
704
768
720
694
688
704
672
696
642
618
616
644
814
808
798
812
818
546
746
688
690
708
772
672
704
748
746
744
822
804
772
762
728
768
722
702
644
704
682
736
782
786
766
796
706
654
642
644
674
716
782
824
826
822
818
826
814
812
774
776
732
716
710
698
702
790
830
838
850
846
836
816
798
766
724
732
792
798
822
788
840
750
778
766
790
806
750
714
780
790
792
680
804
760
750
710
674
674
674
706
764
794
748
710
736
756
726
782
784
782
712
690
692
696
728
708
690
756
784
778
848
826
516
618
680
648
692
584
898
798
760
780
794
866
846
834
764
776
816
846
856
760
714
722
758
812
858
826
760
776
766
798
832
790
698
710
680
730
674
622
668
644
618
654
622
616
614
648
658
658
642
632
650
702
704
660
674
588
620
632
616
684
584
626
652
658
652
762
798
782
770
692
708
692
736
766
796
762
754
686
652
708
712
748
758
814
858
888
904
882
866
828
830
736
712
654
698
658
702
752
816
792
714
710
698
734
722
720
712
648
654
568
610
624
628
698
704
778
714
752
778
750
758
698
684
680
700
766
798
816
750
744
710
772
782
796
804
802
742
724
612
622
578
616
650
770
806
826
# end time: 2014-03-16-19:18:04, 1395011884.18
