632
598
632
700
744
676
682
664
668
684
644
604
586
598
624
654
708
718
696
688
712
742
740
752
672
684
696
716
672
600
632
680
718
754
680
702
640
662
646
716
634
604
614
674
674
682
646
668
702
716
664
698
546
580
634
696
774
804
760
758
768
750
646
630
602
612
628
682
710
812
778
726
696
700
640
670
598
662
714
758
784
756
754
698
702
714
640
614
604
580
624
588
652
668
748
792
792
770
724
656
668
680
680
702
686
722
764
796
794
750
746
766
758
734
684
706
738
764
754
690
730
726
726
744
672
706
728
740
738
706
692
720
720
732
708
706
740
750
744
686
664
698
706
724
722
706
704
622
638
660
684
722
710
692
726
800
764
720
718
702
702
618
596
652
666
680
698
660
672
704
734
738
692
696
722
744
752
718
686
700
716
726
700
688
746
804
810
772
734
774
760
686
632
614
634
666
684
646
666
708
738
758
734
694
694
690
640
614
648
688
720
756
776
740
744
724
768
734
698
690
724
738
750
706
630
574
620
600
658
704
750
722
716
784
754
736
666
620
648
670
702
714
686
712
724
730
730
686
642
644
648
652
648
674
668
704
702
670
604
608
634
644
672
686
668
680
700
720
740
722
692
692
698
710
672
628
616
664
704
694
674
718
764
780
738
666
614
620
634
666
704
672
632
686
720
742
708
706
722
708
686
622
634
620
622
638
644
638
650
676
710
700
694
678
718
684
658
656
674
690
686
682
660
676
692
702
704
652
640
704
698
676
656
668
676
680
672
642
648
678
676
680
670
694
718
718
744
672
660
684
702
722
692
692
718
716
668
614
622
636
652
698
710
690
716
724
742
666
616
606
644
610
610
632
642
630
644
682
698
720
690
666
658
704
682
630
606
634
666
692
688
654
672
700
678
632
624
648
680
708
716
692
706
706
702
690
670
684
704
708
718
688
704
718
714
702
728
752
756
734
728
680
686
668
638
608
626
658
678
706
668
654
680
674
710
648
654
668
666
666
636
616
642
640
658
636
654
680
714
692
630
668
670
666
644
600
592
580
602
636
672
664
610
590
594
606
622
658
672
684
602
632
638
654
678
670
650
654
664
674
636
622
644
674
700
696
698
660
672
648
618
574
590
594
608
636
666
666
690
720
722
698
666
650
662
682
706
716
698
728
740
750
702
688
686
732
714
680
666
676
692
724
724
692
716
734
750
744
718
746
740
748
722
690
720
738
740
748
716
736
756
768
754
714
738
746
758
710
700
710
716
710
676
684
702
696
658
630
714
728
744
696
696
684
714
722
684
678
698
708
690
654
652
684
702
720
724
684
678
676
712
662
660
690
706
692
668
674
746
726
728
686
678
688
698
686
670
676
748
762
774
742
738
720
698
666
642
666
682
646
670
676
710
732
722
672
672
688
698
706
666
678
672
692
668
644
606
624
642
666
636
626
670
706
718
696
636
636
650
662
662
658
652
678
704
710
698
642
700
692
686
694
674
700
706
722
696
698
694
708
654
622
650
658
682
662
698
702
706
740
666
628
650
658
678
666
670
752
750
756
694
680
732
734
692
690
644
658
728
706
684
638
658
672
684
712
680
626
626
644
642
702
682
652
664
670
666
666
624
654
682
706
738
704
718
736
698
658
612
658
644
664
644
626
690
690
698
710
684
690
698
692
646
660
668
682
674
658
648
668
676
636
618
622
652
646
646
642
638
624
610
622
644
682
612
602
624
644
650
638
658
634
654
682
718
710
668
694
694
690
658
636
684
724
744
750
676
672
668
656
702
666
632
664
682
764
782
748
666
674
640
684
642
624
662
704
734
722
684
708
712
708
718
664
680
694
716
778
766
702
676
674
628
640
648
724
730
684
664
670
730
718
698
698
618
698
646
662
640
636
644
644
646
668
712
736
770
766
790
774
750
730
680
690
674
708
736
762
726
756
794
778
786
696
650
670
698
730
764
824
842
802
790
816
764
618
790
728
712
754
786
616
924
808
776
720
744
556
662
680
704
758
764
744
674
826
792
764
712
678
636
648
634
626
596
578
584
590
718
718
760
778
740
718
716
670
676
636
648
648
694
708
730
698
650
658
690
676
648
694
652
678
680
674
670
672
744
740
724
774
690
646
644
648
648
798
806
818
810
806
706
676
588
648
626
650
640
636
672
736
804
820
778
734
700
706
680
652
664
664
672
686
650
600
620
560
606
576
696
716
772
796
762
744
744
698
686
620
646
578
632
534
576
714
770
818
816
816
812
760
650
706
698
654
646
664
626
680
716
744
728
550
618
644
750
594
974
774
646
866
684
664
668
722
552
618
596
714
750
762
804
752
796
740
722
638
650
658
690
728
746
750
694
640
672
708
750
784
802
786
768
778
722
634
568
610
606
656
690
678
668
702
732
746
712
760
700
686
672
630
648
652
680
730
740
770
716
762
732
686
634
660
670
706
728
730
712
734
652
622
618
638
708
748
768
758
702
728
782
736
702
664
684
696
692
682
692
706
694
718
670
664
670
646
736
738
730
702
648
656
632
662
672
708
780
748
704
694
628
700
712
724
686
732
1814
1172
774
884
706
1516
1030
620
502
516
516
546
550
566
606
598
594
580
654
648
642
648
632
616
628
594
584
578
570
590
588
630
696
744
750
680
630
620
662
638
640
610
632
608
604
648
620
672
672
658
664
700
710
712
588
726
646
620
604
574
560
572
602
642
644
664
690
722
706
700
696
680
644
662
634
652
684
720
668
700
676
692
790
812
806
748
690
726
748
732
702
698
736
766
716
724
660
636
600
616
610
588
572
570
564
548
554
558
580
614
644
642
630
654
660
646
618
598
598
608
646
666
668
644
648
632
620
652
640
608
586
636
660
672
702
650
614
628
654
678
692
698
712
702
650
632
640
644
688
748
758
668
672
658
660
694
718
760
710
686
710
742
734
676
644
636
630
654
686
730
706
624
656
644
708
716
688
666
634
680
754
806
794
756
764
756
734
668
710
742
764
770
780
732
682
712
740
762
772
706
674
730
748
768
714
722
774
784
754
684
698
726
730
702
660
644
628
650
626
608
582
640
642
658
700
714
680
666
654
648
640
640
638
640
690
668
652
650
658
652
656
644
634
664
688
716
722
648
670
640
702
684
682
616
586
586
596
604
630
654
682
724
768
720
710
736
686
720
644
668
672
706
768
734
704
702
632
664
570
798
536
574
558
592
614
638
692
726
792
762
756
688
646
634
618
676
616
624
586
644
666
706
726
684
614
608
566
604
574
568
616
668
706
740
758
774
720
696
690
684
672
710
698
776
716
666
622
598
628
604
620
618
704
706
740
706
768
730
768
708
676
718
698
738
734
696
626
642
612
634
660
642
648
584
604
618
632
648
762
802
728
830
804
802
752
582
640
628
696
712
612
620
634
638
660
708
762
840
802
750
572
874
754
690
756
774
644
940
772
806
796
792
736
756
742
722
712
656
676
694
710
690
696
798
800
786
796
654
648
696
686
696
648
618
634
592
592
584
586
622
670
716
676
640
636
616
606
618
630
634
658
680
724
668
616
640
626
628
634
626
620
626
630
600
584
628
610
626
648
870
852
822
802
790
768
698
884
696
612
626
618
632
656
732
744
714
756
728
794
770
756
720
774
746
734
726
724
696
672
706
728
702
690
758
768
750
746
634
632
654
662
690
684
642
626
640
664
684
674
728
680
642
670
656
626
628
694
690
708
696
676
646
674
662
620
612
636
648
674
692
682
686
646
602
584
598
616
634
674
684
628
640
654
674
654
610
626
642
666
676
682
646
624
680
656
646
622
640
662
682
664
652
662
714
692
652
618
654
660
680
668
648
672
702
728
682
680
690
686
660
666
636
664
664
654
624
636
654
672
692
704
666
602
648
636
646
686
750
650
626
640
618
604
650
626
572
668
716
768
758
772
710
664
616
664
678
714
744
738
694
756
736
712
668
702
670
746
682
704
736
760
778
720
734
732
742
662
652
652
662
690
712
710
706
810
774
722
694
732
760
760
728
730
742
660
650
646
594
594
614
644
668
704
662
646
674
680
678
632
590
612
590
612
622
658
696
664
688
724
708
660
656
648
648
664
652
644
644
642
624
654
632
646
680
666
652
708
714
712
682
638
626
622
620
652
676
692
674
650
630
704
690
684
656
612
622
622
630
692
728
772
750
738
672
708
690
634
558
604
598
606
634
692
734
758
744
700
676
668
680
666
644
670
708
738
676
670
686
714
682
630
636
648
636
666
612
604
636
654
664
642
672
714
714
654
620
626
606
608
610
616
728
772
804
718
686
712
702
690
670
628
680
634
656
694
682
728
744
752
736
712
682
672
736
730
728
688
710
730
724
702
682
706
718
708
754
666
720
712
702
668
648
682
686
676
632
666
678
720
706
656
660
680
692
694
660
658
698
704
684
680
662
662
616
692
606
600
674
712
762
730
678
702
704
704
664
620
608
690
726
754
722
710
768
786
716
726
644
596
686
696
702
724
698
734
736
758
754
684
596
668
628
654
672
718
698
686
672
666
672
682
696
750
778
770
760
700
686
690
756
762
762
724
672
658
652
704
698
660
690
702
726
736
758
756
712
720
720
702
660
652
656
682
708
708
742
736
716
680
696
696
686
666
666
678
688
692
676
692
676
658
676
678
666
636
642
676
682
628
654
668
652
676
620
652
652
656
638
662
654
666
638
654
682
692
674
624
636
660
664
650
630
650
674
674
696
690
680
670
632
640
660
660
638
640
654
630
620
670
656
644
692
750
772
768
734
674
692
702
686
716
660
662
672
692
698
626
738
728
762
718
718
698
718
706
730
646
662
672
702
682
676
736
672
612
660
660
630
620
626
646
646
620
648
648
674
694
716
680
638
644
640
680
766
782
776
678
680
734
586
684
760
806
802
760
786
736
748
728
684
544
726
754
778
770
698
726
730
734
712
662
604
720
712
712
670
666
702
738
738
712
736
724
728
738
714
620
642
666
688
744
820
780
832
788
822
778
728
720
858
746
744
702
718
740
770
744
698
776
742
780
770
756
642
774
694
694
732
686
752
618
798
650
668
698
752
750
634
798
732
750
728
672
644
660
680
746
714
704
762
750
736
722
682
680
720
642
668
714
728
698
714
700
690
746
708
670
818
706
702
694
656
738
704
692
584
716
654
678
704
664
670
718
722
690
690
630
642
600
710
670
656
682
700
672
628
698
698
762
738
662
628
626
618
636
662
730
670
642
674
664
646
582
610
616
618
632
616
616
662
692
734
692
678
704
672
650
680
680
676
686
614
694
680
664
672
630
618
636
662
672
686
676
628
604
632
648
682
732
720
720
732
710
720
698
654
674
656
718
668
632
696
706
724
744
674
650
686
702
730
684
650
686
700
714
670
630
668
678
686
654
692
682
708
724
672
664
682
706
722
674
644
648
674
696
704
684
664
678
666
690
648
666
692
670
648
622
642
642
704
670
606
622
592
574
602
698
856
872
854
830
860
816
780
762
680
672
654
654
652
652
670
678
720
708
706
614
634
602
612
634
680
724
682
682
714
734
690
652
690
680
688
684
680
656
616
610
652
644
648
626
608
642
666
688
764
678
702
684
682
678
668
662
632
660
672
680
648
674
668
686
688
660
632
654
646
700
668
654
636
640
682
656
630
614
660
688
718
682
668
612
642
622
632
656
652
630
644
688
652
660
596
646
680
682
656
626
624
644
648
666
648
660
642
666
694
688
650
626
644
634
682
660
632
616
598
600
594
614
640
768
742
738
882
630
764
626
862
718
686
718
714
692
654
632
604
612
670
682
814
788
774
772
746
684
682
646
638
624
644
664
736
732
760
768
770
778
768
650
650
608
566
644
686
768
828
852
834
772
720
786
732
688
690
738
820
834
762
742
796
790
776
780
762
788
790
742
704
690
704
702
710
660
628
658
640
650
666
620
672
658
670
650
598
754
610
620
644
670
680
660
668
706
600
778
632
604
594
600
606
634
674
738
792
762
714
806
760
764
742
686
676
682
766
748
700
752
700
734
658
606
648
618
660
712
682
670
652
672
722
744
818
752
732
752
760
732
672
702
702
714
708
652
650
646
670
722
782
770
730
788
770
750
806
732
688
728
738
756
830
792
714
652
636
682
710
800
810
772
768
784
776
720
720
718
728
800
774
714
624
606
638
604
630
622
700
782
820
828
806
758
664
730
712
694
706
734
770
780
784
720
706
704
766
746
752
690
720
738
748
680
710
706
748
762
760
710
768
752
712
672
712
800
786
768
676
678
696
718
698
720
710
772
776
770
682
656
662
702
742
720
686
732
764
766
718
660
674
746
746
736
758
768
800
822
768
714
756
764
772
792
752
748
780
782
744
746
742
742
766
716
738
772
788
756
694
744
746
702
676
676
722
760
728
692
740
754
732
666
666
652
616
686
692
670
658
714
740
694
644
714
686
782
720
662
698
664
674
686
724
744
778
762
710
696
758
726
714
682
702
722
702
712
724
744
748
700
740
736
718
754
682
678
706
736
698
666
684
732
750
736
688
714
716
762
700
654
682
684
660
634
636
674
698
726
680
702
726
742
786
710
708
768
768
758
730
704
686
700
712
714
656
680
660
688
712
756
724
752
786
744
694
692
750
732
714
656
646
644
620
678
666
682
634
644
700
704
732
852
814
840
754
654
682
526
612
718
650
558
812
786
754
818
604
1034
774
706
676
712
716
762
690
692
636
720
718
750
732
684
600
700
632
692
712
758
678
926
700
670
658
680
748
706
642
658
654
620
672
708
698
666
582
506
690
710
680
754
650
758
600
656
670
642
672
676
624
638
598
608
620
682
758
824
838
800
790
836
808
808
752
730
700
686
674
638
636
638
692
690
682
702
722
678
690
680
678
642
776
692
684
642
672
642
678
666
680
712
782
742
750
742
1464
890
940
566
584
532
572
522
522
590
618
680
666
648
610
636
648
682
706
640
614
574
564
550
568
584
590
608
652
684
660
670
652
662
694
710
700
712
630
724
670
702
710
724
708
770
750
708
702
692
678
676
680
696
702
712
696
676
628
624
646
636
610
658
684
750
778
736
682
670
636
650
698
782
758
696
732
780
750
704
732
760
832
824
782
774
776
748
746
706
712
516
868
640
686
708
760
686
678
746
788
562
848
704
724
704
738
650
674
704
708
696
700
750
792
760
710
724
734
778
704
698
748
726
666
678
650
652
664
710
726
694
700
740
756
746
684
730
746
740
674
654
692
750
792
768
718
738
778
780
726
734
740
746
790
738
678
670
714
716
738
666
748
800
758
674
642
660
684
718
746
690
664
662
686
734
770
776
702
670
700
722
708
636
650
696
734
752
724
686
704
768
736
704
704
726
780
736
696
690
738
722
768
702
730
754
716
758
642
654
650
690
704
686
700
664
656
654
672
690
630
702
720
724
660
692
724
702
696
668
680
720
762
730
716
734
758
732
660
750
768
782
766
722
728
806
752
700
692
718
732
672
638
688
738
760
792
696
720
740
730
658
632
666
686
680
640
706
736
772
730
722
740
778
676
696
678
698
758
680
652
672
722
744
768
690
732
730
800
726
650
682
662
720
672
676
724
752
728
674
666
716
724
670
612
620
630
610
684
672
656
674
706
704
618
586
614
602
620
672
738
746
670
684
674
694
678
624
624
636
656
668
736
688
676
672
682
680
640
612
596
610
594
604
634
664
694
712
650
614
628
592
594
606
586
556
602
612
666
732
764
776
766
766
740
760
692
662
686
702
714
686
704
778
722
794
764
800
774
594
884
732
756
744
760
732
758
744
750
702
756
746
708
668
704
700
714
636
616
654
658
744
750
688
658
654
658
656
644
664
654
728
784
806
746
696
650
632
636
636
648
696
666
734
784
764
710
708
750
734
684
666
680
690
702
728
714
686
752
780
770
764
764
780
756
724
766
774
792
758
754
696
688
660
700
744
796
798
772
776
780
762
736
670
716
690
714
694
668
654
730
746
804
744
742
736
734
720
678
638
668
694
748
712
682
702
720
722
692
690
726
724
696
656
728
764
800
768
728
678
674
698
700
670
676
684
716
720
670
668
724
720
714
670
670
656
712
658
630
640
658
674
630
682
696
716
688
646
634
660
678
714
692
644
652
674
686
648
638
624
640
614
616
628
628
692
756
674
622
660
636
628
688
680
684
638
612
584
618
602
658
690
726
768
780
766
732
720
726
724
682
642
624
626
670
718
778
758
710
750
762
768
772
766
736
808
790
766
736
656
684
678
690
680
662
688
726
726
710
666
640
666
662
654
628
626
640
682
696
660
720
724
734
738
698
688
766
770
788
734
684
714
750
778
752
710
706
732
732
702
666
690
728
744
730
712
744
698
714
638
616
662
636
622
622
688
694
690
680
630
658
676
686
698
652
618
626
632
662
714
758
746
718
736
738
700
714
666
684
710
706
664
684
684
676
668
638
628
712
728
694
638
724
758
742
688
654
722
686
644
630
668
696
710
692
650
688
672
724
658
670
654
644
718
682
680
734
792
826
774
708
754
654
672
606
632
702
752
770
736
680
720
718
652
676
668
680
716
666
646
670
778
786
750
696
688
750
678
688
706
744
752
758
702
712
726
726
766
714
766
800
818
818
780
722
730
762
756
732
666
696
722
738
742
682
680
696
708
696
680
660
652
660
658
710
654
674
640
668
686
532
792
714
756
698
664
674
680
668
630
600
630
626
642
716
754
740
770
766
700
668
688
696
666
630
634
636
694
748
752
710
724
742
772
682
670
674
714
622
620
612
666
682
684
654
686
718
806
766
704
712
700
686
646
600
598
562
610
768
786
828
808
806
786
764
716
794
738
726
702
630
654
666
634
648
684
544
836
668
716
734
782
718
688
662
652
664
658
644
608
642
640
672
652
640
638
672
650
666
612
664
644
642
586
616
616
616
610
624
606
564
620
594
632
648
668
698
716
666
640
658
672
672
686
640
600
600
598
606
630
650
678
696
658
688
662
666
624
628
640
606
612
674
718
746
754
688
694
650
640
646
610
552
608
592
668
594
618
608
608
614
640
700
794
820
772
808
772
760
698
638
672
680
736
732
634
668
668
696
758
780
822
774
732
720
684
676
652
630
620
634
688
846
798
722
662
740
766
798
788
812
712
750
730
734
720
684
678
722
760
842
810
804
750
740
720
656
668
666
746
804
796
802
746
818
780
824
778
724
740
628
880
736
700
754
784
826
750
734
740
774
710
636
656
624
624
672
714
786
846
858
810
774
812
782
728
660
684
672
774
788
802
768
732
744
732
764
690
688
714
728
720
722
682
674
638
726
780
810
876
778
752
716
758
764
746
706
728
770
786
752
716
636
698
708
700
662
650
702
754
832
796
780
734
752
766
738
690
672
714
744
776
764
768
702
734
720
734
728
688
694
728
758
730
678
744
736
700
714
738
750
734
672
698
694
694
692
732
684
732
818
804
788
692
688
656
630
706
690
766
756
748
770
782
798
786
748
734
738
734
694
726
710
792
774
736
670
666
662
672
692
720
740
732
640
640
604
620
642
622
600
688
728
808
814
806
722
750
748
688
710
592
606
612
644
700
734
800
790
718
634
650
610
620
636
628
650
632
600
606
614
604
654
670
684
680
642
632
638
636
648
618
610
682
698
702
708
664
624
614
656
666
676
650
714
706
746
720
654
668
652
594
650
662
638
656
586
612
582
618
582
686
716
772
742
730
670
690
628
682
640
634
608
600
594
580
610
586
614
646
682
742
706
720
652
644
706
628
594
646
634
620
602
666
682
758
764
716
656
634
628
614
618
592
812
848
712
614
666
718
664
692
668
656
532
742
622
634
638
676
662
658
692
684
764
722
708
656
656
648
626
692
714
756
780
830
788
780
768
764
752
748
728
692
652
702
704
722
796
792
802
796
754
718
754
760
752
686
660
684
702
686
630
654
664
698
752
570
622
720
760
808
780
720
810
618
606
636
598
640
716
794
796
730
726
740
774
796
820
806
742
756
756
762
686
746
796
830
810
832
832
848
842
818
824
826
840
812
840
822
826
822
856
778
774
762
816
746
790
822
830
774
750
762
810
742
762
764
812
778
720
796
810
808
724
736
740
754
714
734
774
818
830
746
782
782
790
756
782
788
802
780
748
796
816
818
778
744
806
786
774
736
764
834
812
754
766
796
770
790
716
754
788
782
756
784
766
768
684
652
630
638
682
722
712
738
798
806
758
706
678
740
674
628
620
608
602
636
682
724
654
612
668
668
686
600
608
640
690
732
726
672
706
706
684
682
628
634
676
688
664
636
650
680
688
638
658
658
696
718
722
712
764
794
812
752
740
716
752
740
686
754
762
786
748
678
696
722
736
664
676
694
770
848
820
756
746
774
744
688
712
744
772
810
722
758
826
788
680
724
698
644
662
664
704
734
698
712
754
684
610
628
594
624
592
598
600
626
692
740
700
696
674
704
714
676
662
684
694
762
774
770
764
818
800
770
688
608
622
608
622
682
730
760
756
708
744
798
782
764
718
694
710
704
760
730
588
580
584
642
658
664
674
668
682
638
620
600
604
610
656
662
730
696
678
676
690
682
726
718
718
712
676
728
698
652
642
650
646
630
666
650
646
660
554
776
646
684
674
730
