# R wave intervals in milliseconds per line
# start time: 2014-04-03-10:41:53, 1396536113.79
682
636
600
604
638
626
646
592
630
692
680
614
628
588
598
602
598
606
616
712
720
750
706
774
704
662
614
576
656
724
738
800
712
508
760
610
634
796
832
806
782
688
724
758
780
752
712
654
762
682
672
706
828
844
748
684
692
726
772
808
786
718
728
762
758
690
722
724
696
700
732
768
790
728
712
736
738
784
698
698
770
784
796
722
730
738
762
722
640
664
704
752
830
816
606
910
788
766
734
686
716
790
820
754
778
800
744
678
732
738
778
758
766
506
806
704
650
658
714
750
800
810
758
822
708
998
822
738
788
722
736
744
786
798
720
738
756
790
782
728
716
698
698
760
792
724
738
774
716
734
758
772
758
680
696
704
798
752
720
680
748
752
676
666
702
748
708
728
742
784
786
750
674
748
724
732
706
644
724
730
808
798
740
732
760
706
660
690
748
784
754
704
802
792
760
662
670
688
714
668
670
714
804
864
842
750
714
708
830
818
836
812
768
776
744
754
722
768
794
826
804
780
806
822
780
706
728
754
784
754
698
802
808
806
728
504
630
736
760
724
710
740
808
674
646
666
634
638
634
704
718
658
632
618
652
682
666
712
754
772
774
688
680
684
700
768
738
690
664
690
740
752
756
686
680
696
744
806
842
768
702
692
746
796
780
790
698
690
690
696
734
700
684
704
672
664
652
596
654
650
670
668
680
764
776
694
734
726
712
636
656
636
738
732
746
794
750
694
706
726
734
782
708
682
692
686
720
758
664
620
598
754
742
884
896
872
924
896
862
846
794
758
748
650
622
668
666
762
822
788
704
750
782
772
742
720
704
800
838
856
850
834
812
740
724
720
788
776
754
706
712
764
756
732
750
726
772
774
768
716
750
764
714
648
674
764
784
724
680
744
772
724
670
736
782
784
732
666
652
676
708
736
736
664
652
732
784
826
784
716
700
742
758
760
692
694
740
706
778
646
650
648
660
668
662
728
832
862
868
796
696
774
778
784
728
686
720
770
812
742
674
714
736
720
752
706
686
686
670
676
740
678
676
698
692
658
598
580
602
604
626
670
720
752
758
772
684
708
686
674
714
744
728
676
682
702
768
816
834
818
784
804
756
670
736
722
748
766
758
704
664
696
744
786
766
708
718
748
772
766
728
708
764
786
796
792
734
754
786
772
708
764
800
804
726
708
768
780
744
714
690
754
788
796
786
768
802
804
708
646
662
696
740
734
752
764
856
868
864
756
760
770
738
638
656
682
656
678
658
644
668
684
652
662
700
740
746
752
674
694
726
768
778
794
794
712
736
734
792
782
752
768
822
822
742
708
766
810
792
764
730
724
734
746
702
692
750
794
818
816
776
794
780
682
640
664
654
690
648
602
674
764
848
874
804
766
776
792
724
698
664
680
732
808
858
850
792
814
832
814
758
768
736
814
778
736
730
772
852
850
764
768
806
812
754
670
672
686
752
860
884
842
840
900
870
764
724
750
762
766
704
702
768
798
700
648
640
618
634
944
888
830
782
744
588
812
704
700
644
726
754
760
810
762
730
700
686
670
656
648
616
642
680
690
700
678
676
690
666
646
634
642
628
626
628
616
648
634
646
652
650
624
684
736
770
802
802
800
780
744
694
718
668
612
638
646
732
830
858
816
848
830
890
886
854
786
816
808
804
748
734
768
782
772
716
700
750
784
822
774
710
798
790
732
656
672
696
682
658
676
742
784
794
748
756
746
758
744
708
692
658
656
702
740
720
748
818
856
810
804
842
802
720
692
732
742
770
720
696
736
764
766
752
690
724
774
792
822
842
866
802
718
716
738
758
730
696
750
786
814
778
796
798
770
810
732
720
748
760
750
744
788
800
778
738
764
768
738
700
732
738
748
708
772
786
782
710
750
760
764
700
704
778
754
678
706
734
758
754
736
734
766
760
712
724
746
736
708
702
760
806
780
790
838
734
672
708
664
678
670
654
730
700
638
660
686
700
734
732
680
702
738
748
750
688
710
736
758
776
716
688
726
788
750
688
718
774
774
716
720
734
756
706
662
706
738
762
732
704
758
752
750
674
678
716
734
752
726
702
708
664
690
710
682
650
672
726
756
738
704
768
776
734
732
674
752
750
732
698
748
810
832
784
798
830
770
712
732
752
732
678
704
738
756
708
722
748
766
748
692
718
754
778
760
686
742
762
720
674
738
754
798
740
756
792
818
788
700
750
764
768
732
754
782
780
734
726
734
790
712
684
730
738
706
684
776
814
814
788
836
836
762
660
692
686
700
678
650
676
746
770
748
722
770
768
750
684
696
654
658
676
670
720
742
770
778
764
732
758
752
740
742
656
698
740
834
818
716
736
768
728
698
708
732
724
660
640
728
758
780
738
702
754
772
778
766
704
756
780
698
724
732
798
804
778
740
782
758
786
690
724
708
760
698
650
686
746
790
732
710
764
792
740
712
746
756
714
668
654
720
760
790
758
706
790
796
746
700
714
790
690
646
614
670
736
782
774
756
818
806
724
658
690
702
734
712
762
692
798
816
766
768
794
832
830
810
710
716
714
704
708
650
672
758
730
836
842
830
758
770
738
788
698
634
642
620
608
982
984
904
884
888
886
888
888
866
812
670
610
642
592
636
714
802
818
874
836
844
812
826
756
698
640
628
630
638
690
708
854
854
858
856
822
856
792
778
746
738
706
724
684
670
666
682
706
690
652
662
696
728
822
826
788
756
782
788
782
730
660
634
664
706
740
700
628
668
742
812
826
834
730
684
676
690
700
676
654
674
704
758
810
840
816
768
808
802
780
694
708
744
782
788
734
692
658
702
754
788
752
682
672
670
696
764
786
758
706
722
742
744
694
716
720
742
736
674
630
726
794
834
772
728
802
820
820
734
752
764
686
620
680
660
628
616
638
646
744
752
730
672
640
642
680
718
704
736
682
688
690
634
616
592
630
596
604
690
772
750
738
764
710
650
704
678
630
626
632
694
846
898
914
884
884
818
734
684
732
766
820
812
820
818
880
806
796
800
782
804
798
840
862
820
826
804
774
690
724
794
772
826
866
804
794
842
852
768
768
780
730
724
784
782
734
776
812
810
830
720
696
622
686
618
606
602
622
658
724
878
900
876
778
728
718
706
716
716
686
690
716
762
738
718
758
782
778
806
710
672
674
648
616
612
634
722
812
810
846
796
796
758
734
672
644
640
636
642
636
656
734
796
820
726
708
732
718
660
630
652
666
694
692
654
696
736
758
740
740
668
634
680
670
666
628
626
594
598
624
648
652
642
702
730
764
726
758
810
780
770
716
640
670
682
722
690
690
780
858
900
900
846
818
848
848
794
668
672
660
676
722
756
722
788
852
826
736
748
816
774
690
692
724
738
706
678
654
658
666
674
704
710
706
704
666
630
646
658
668
714
742
778
732
658
# end time: 2014-04-03-11:00:17, 1396537217.76
