# R wave intervals in milliseconds per line
# start time: 2014-03-27-06:50:49, 1395917449.79
734
648
684
754
782
832
814
718
668
700
744
808
784
714
704
780
820
620
946
800
652
988
696
682
718
582
768
800
766
736
780
770
716
732
770
804
796
718
746
784
854
850
816
836
898
902
834
784
814
852
518
660
720
704
766
720
746
882
936
702
1102
850
880
868
816
752
772
892
686
666
702
600
832
666
602
564
726
604
546
774
780
666
654
670
724
754
666
668
616
666
700
766
704
714
718
764
802
830
806
714
670
682
764
768
834
802
736
666
680
866
762
728
706
752
840
922
906
918
870
834
768
532
782
548
538
650
796
768
726
572
866
888
782
870
858
886
836
834
848
888
892
804
834
832
882
804
842
876
928
864
890
946
916
868
858
892
882
702
552
764
522
564
664
802
768
802
880
800
882
896
542
812
764
786
832
868
766
802
898
896
834
782
786
832
798
756
814
848
852
814
818
850
864
842
762
864
848
802
782
820
870
888
842
812
818
866
836
800
846
850
836
766
802
858
872
834
818
848
888
828
830
822
816
814
732
752
786
866
814
800
818
862
820
718
532
612
688
666
516
700
656
660
668
736
714
730
788
864
868
796
804
802
830
788
796
816
862
824
780
798
868
884
832
592
742
518
666
842
572
610
788
608
864
514
610
524
520
630
516
714
710
640
640
780
588
734
866
798
848
800
738
782
796
782
670
650
680
702
784
814
768
702
712
752
818
798
702
666
682
698
656
652
726
718
682
702
750
788
812
732
720
748
768
734
680
674
712
748
750
668
732
750
782
734
702
730
738
764
748
690
706
724
766
702
682
716
784
796
738
730
746
774
782
716
700
718
722
664
648
638
676
682
634
620
632
680
720
674
646
686
694
702
736
664
632
648
654
652
696
686
780
750
632
700
654
680
690
762
790
826
834
750
664
638
662
688
732
800
832
850
768
754
778
798
734
800
804
846
552
602
748
722
762
732
784
786
752
762
766
768
784
786
710
654
896
650
686
636
864
634
830
568
700
818
542
742
598
930
736
750
776
810
778
716
696
754
784
834
750
684
678
654
728
752
706
700
680
702
728
752
750
716
650
630
650
682
734
732
706
778
840
900
878
830
804
838
810
752
716
778
808
764
750
746
800
830
820
734
650
714
738
764
714
686
678
686
718
780
804
766
762
688
664
644
622
648
644
668
670
704
746
768
730
684
668
700
744
738
762
742
682
680
716
724
774
814
798
788
828
750
740
746
782
814
810
788
750
770
798
834
752
650
600
570
812
632
686
696
502
748
736
702
728
744
758
748
734
748
732
718
718
758
740
696
704
680
666
684
724
696
648
684
696
752
800
796
800
750
700
684
716
716
754
760
748
734
770
798
798
766
734
716
742
706
686
664
674
700
778
828
752
682
700
698
670
668
744
806
810
836
768
764
798
786
742
724
768
794
782
736
780
790
812
798
764
780
790
748
768
736
774
802
816
756
758
782
788
746
686
712
750
748
786
682
682
736
754
750
712
734
748
730
736
734
766
782
816
816
782
802
780
820
780
756
774
802
780
736
748
782
800
780
752
820
816
784
762
782
764
718
700
782
816
816
802
828
812
708
678
666
700
732
768
736
696
718
750
700
716
680
736
696
754
680
702
732
732
698
664
650
690
698
732
730
768
814
832
820
764
736
760
790
778
714
736
766
812
802
716
682
632
636
816
750
836
820
824
816
814
808
726
800
714
666
670
718
732
698
728
736
764
764
790
812
818
802
746
716
734
748
756
760
730
722
764
782
752
776
736
722
746
760
768
770
700
732
698
762
722
700
716
716
746
734
682
704
716
712
720
748
736
714
664
654
664
696
732
768
784
766
772
794
802
814
798
720
728
754
730
750
682
736
764
786
784
728
752
766
816
798
752
750
754
758
716
684
764
774
780
766
750
766
766
702
648
734
762
754
816
760
758
764
768
664
676
706
746
734
704
746
784
784
766
750
766
724
758
718
732
720
784
712
702
744
770
780
718
718
748
770
762
702
736
764
752
734
698
698
684
652
670
700
716
728
768
800
794
720
730
722
758
690
648
638
694
754
802
812
768
754
780
744
688
714
730
756
746
686
684
716
762
786
764
788
768
798
736
720
724
752
764
684
730
738
776
768
704
684
700
730
690
724
738
778
756
732
762
756
714
666
666
656
648
664
664
718
652
682
756
762
768
762
730
738
768
730
668
652
696
732
750
670
632
732
800
828
804
800
770
798
736
614
720
700
744
756
802
644
714
772
778
702
690
696
682
800
714
734
750
752
770
678
714
724
682
686
678
718
700
766
690
746
736
766
730
686
700
714
698
650
722
732
788
760
702
684
686
682
704
732
710
656
688
692
706
650
678
650
668
700
718
744
722
718
752
800
786
748
730
698
664
726
770
830
834
802
836
834
832
798
700
718
752
796
772
772
774
838
836
828
786
768
754
826
756
768
780
808
792
752
758
792
804
800
736
728
738
784
800
798
724
744
812
836
850
784
820
814
740
700
736
764
764
734
768
804
762
742
740
784
802
546
674
722
800
736
698
718
746
782
752
772
784
828
770
750
756
796
750
734
754
778
808
754
724
734
784
726
638
668
704
696
752
686
776
654
680
750
768
726
722
734
732
716
658
644
630
628
674
718
734
716
720
750
766
696
752
728
740
756
720
746
800
768
800
758
780
782
766
724
756
790
802
784
770
806
794
734
726
772
824
788
732
762
758
802
748
768
770
764
736
702
792
758
730
656
714
750
798
774
732
782
800
732
722
750
806
808
788
778
784
784
748
752
758
812
782
734
732
784
748
754
800
802
782
732
592
946
732
700
718
760
830
806
836
846
876
832
778
782
740
764
700
750
812
796
820
778
794
734
652
734
622
674
530
762
712
762
796
736
748
734
684
682
710
746
782
766
720
718
766
750
732
748
798
790
806
746
748
766
738
684
726
722
780
754
786
798
820
782
780
778
758
720
748
766
770
702
760
738
574
616
630
638
634
666
686
682
664
690
710
702
650
668
682
740
762
804
718
756
778
814
848
832
822
814
770
712
734
744
742
722
662
642
676
708
792
826
796
770
698
730
738
664
680
672
682
750
782
776
714
714
700
700
716
700
734
674
678
734
732
732
692
700
714
698
700
752
820
830
772
726
768
804
784
812
720
718
782
752
820
714
714
732
670
686
760
732
792
808
784
718
690
682
748
728
726
724
662
706
714
712
758
690
704
730
746
740
668
636
648
688
754
666
658
636
780
652
744
674
712
668
630
626
626
670
510
776
650
710
708
664
714
736
756
732
714
668
650
636
632
648
584
512
572
682
634
596
624
626
678
718
724
654
638
744
598
654
764
686
666
772
708
664
662
618
642
610
646
654
650
668
684
736
686
652
656
664
612
678
664
716
752
782
734
686
648
692
694
738
744
702
702
758
848
826
736
732
796
818
800
772
746
750
750
816
756
730
754
798
772
712
704
750
780
798
750
698
712
790
776
726
716
782
818
798
726
760
752
764
680
646
642
654
682
764
702
650
718
732
746
720
716
734
736
734
668
692
732
754
740
712
768
772
746
756
728
782
814
818
538
746
678
746
790
780
750
758
774
798
768
802
828
840
830
768
738
752
778
796
756
532
814
780
832
752
756
782
810
774
764
784
802
788
758
770
766
818
796
738
768
786
812
780
704
750
766
766
736
700
716
746
772
732
750
784
800
716
716
714
754
768
732
720
746
766
736
664
688
724
746
756
704
676
720
724
736
712
700
718
714
776
698
714
754
798
802
732
738
772
788
752
718
710
736
768
782
746
740
784
730
660
660
702
752
804
790
726
730
748
778
772
704
730
762
756
808
742
746
758
756
802
752
790
810
820
802
748
746
788
778
776
712
748
800
818
812
786
802
796
824
746
812
834
822
764
788
818
810
764
668
682
716
736
702
694
742
812
826
792
784
756
778
746
768
686
710
736
784
746
802
772
782
812
782
708
712
752
748
812
740
758
772
812
752
750
748
778
724
698
706
744
718
686
734
748
786
750
732
768
800
792
734
736
766
728
656
684
702
718
694
650
654
698
766
796
756
782
802
766
754
682
702
760
786
728
756
780
808
774
722
748
768
754
694
654
694
738
764
756
670
728
730
736
690
712
716
760
722
690
728
768
732
664
682
718
746
706
714
700
752
800
782
736
732
754
682
700
716
770
802
762
758
772
810
794
764
770
778
714
706
730
768
714
736
762
792
794
740
764
798
784
714
706
702
780
730
734
748
802
780
688
762
742
760
724
744
732
736
702
630
692
726
716
682
618
664
648
672
748
734
732
734
750
722
726
702
722
758
718
640
630
734
866
868
848
814
736
716
670
714
746
790
758
794
814
816
794
804
816
766
776
756
806
818
798
776
768
784
764
736
704
716
776
770
774
730
750
778
754
714
728
730
716
760
788
802
822
768
746
756
746
714
652
624
642
660
724
768
732
770
798
780
766
782
758
732
694
704
718
732
714
746
758
766
712
666
640
664
680
664
670
770
810
786
768
780
792
810
750
714
754
764
754
730
752
766
764
718
732
752
722
740
724
762
790
778
784
766
800
790
758
748
754
814
738
746
770
798
812
750
738
750
770
798
746
730
746
774
798
740
732
768
750
766
736
744
762
690
664
680
706
686
738
756
782
798
770
718
718
746
740
680
734
742
756
772
714
714
706
742
754
684
650
650
652
678
734
652
718
680
750
790
876
870
816
814
726
724
732
732
666
672
734
788
832
778
748
760
790
786
740
744
788
784
778
746
740
778
784
734
720
754
786
746
746
762
770
752
714
702
682
740
706
642
682
710
722
734
712
718
736
730
766
692
706
734
736
716
736
716
780
706
728
766
736
732
732
720
664
678
702
736
680
726
710
744
736
736
756
778
780
722
742
738
800
728
756
730
750
690
632
700
732
790
788
738
734
798
768
698
762
740
768
728
716
744
762
758
708
726
734
714
658
678
714
750
686
734
728
724
694
698
704
604
874
720
744
750
784
754
684
730
756
746
770
696
696
720
762
772
750
756
758
780
748
680
640
656
686
758
762
702
620
632
646
652
636
614
648
654
632
722
670
636
704
620
552
598
610
608
652
576
580
640
662
686
666
696
684
742
772
784
778
722
680
686
700
718
704
648
700
714
758
768
768
736
748
772
734
680
666
668
736
674
692
700
726
766
806
810
732
694
722
714
692
678
686
722
762
750
714
734
760
786
756
702
672
704
734
768
720
760
742
810
770
706
726
714
750
728
692
778
802
788
808
738
762
722
736
686
728
764
734
750
798
806
852
798
766
768
794
784
752
742
794
798
778
752
802
824
790
766
696
740
796
808
746
748
772
742
734
686
708
794
796
784
734
652
680
750
800
834
804
778
756
776
760
694
726
752
816
800
830
768
768
750
800
732
730
722
808
810
802
746
748
760
772
748
750
744
720
796
702
674
648
670
704
738
750
728
742
746
728
656
644
652
682
718
716
720
800
808
794
762
784
796
786
732
660
678
694
808
838
832
802
820
844
838
786
778
786
796
768
732
750
786
812
788
706
742
736
712
630
632
652
710
766
752
708
722
762
780
708
658
664
704
718
716
680
674
692
700
720
730
696
700
758
782
764
700
766
770
764
734
740
764
780
754
714
730
772
822
810
770
780
786
726
744
740
754
700
676
744
776
738
718
650
654
692
674
632
684
668
716
778
818
810
802
794
782
732
724
730
758
688
632
646
632
694
728
818
730
668
670
668
782
798
818
784
764
640
626
686
666
786
782
732
754
744
804
768
700
652
652
692
754
764
772
734
810
820
800
796
744
758
756
712
666
670
700
746
800
790
744
750
760
794
752
758
724
758
776
730
668
682
690
680
734
682
702
788
814
786
716
716
768
796
796
764
690
674
696
678
688
674
742
786
808
790
726
644
620
626
576
746
796
864
864
726
672
722
796
834
836
814
834
852
852
846
842
824
870
812
772
804
802
834
726
690
730
830
858
864
860
820
868
814
830
750
782
794
802
718
716
678
672
786
746
738
744
778
776
836
700
740
774
820
802
736
814
830
834
760
680
758
774
800
788
758
786
770
828
768
688
716
768
748
750
722
810
822
784
820
810
818
720
714
702
698
748
676
764
814
886
864
838
748
766
784
702
696
672
698
790
824
768
814
802
866
820
768
712
674
696
746
788
752
772
746
792
794
744
768
820
878
820
746
788
796
754
744
724
770
798
852
764
780
792
780
798
706
724
790
816
770
696
752
790
792
848
756
816
802
826
812
726
718
756
806
836
786
774
780
812
736
668
702
748
788
808
788
804
796
816
718
738
758
754
716
638
644
690
704
724
668
618
680
674
726
680
658
666
720
722
794
782
716
718
708
692
762
724
754
760
814
790
782
720
728
758
786
794
786
792
854
826
776
764
760
744
776
692
702
750
796
802
742
752
796
814
814
768
730
720
726
662
678
668
734
798
856
858
788
852
834
796
720
766
688
630
668
704
708
672
698
768
768
816
716
690
690
726
648
658
616
658
754
864
892
850
828
842
896
854
770
784
776
808
762
784
814
808
760
836
850
860
742
800
810
836
758
762
764
800
828
822
736
722
792
812
774
702
680
736
744
844
752
794
782
810
798
718
766
776
800
780
746
768
806
764
744
742
758
800
776
746
824
830
822
740
728
802
796
838
784
782
790
708
696
672
730
812
824
766
810
780
834
744
702
744
786
740
726
750
804
822
772
732
796
790
768
720
760
798
760
746
742
796
776
798
762
786
780
798
728
738
806
818
762
740
756
782
732
690
750
764
734
664
752
800
788
794
740
734
720
630
628
628
674
678
640
610
712
760
792
866
784
764
806
788
756
682
688
762
752
712
662
738
802
852
818
814
778
808
844
788
796
782
844
836
764
706
744
734
732
676
678
698
688
764
712
722
718
742
740
694
656
666
634
716
712
720
768
812
834
822
746
744
712
716
648
612
632
618
616
628
672
648
634
802
726
722
682
620
598
598
584
556
590
598
636
634
634
634
728
734
778
742
706
642
624
630
722
764
802
790
752
702
694
710
712
794
784
800
772
752
798
740
690
674
674
656
658
644
626
624
592
620
612
686
680
632
620
632
652
682
684
700
626
638
632
688
764
804
882
866
816
826
794
780
766
738
646
666
664
684
790
836
858
880
820
754
790
768
738
714
686
700
790
800
838
868
880
882
888
836
746
722
682
652
652
632
618
612
604
624
720
792
824
820
830
822
782
840
824
790
708
724
724
842
836
746
710
722
764
840
864
880
866
816
768
764
820
830
818
818
870
842
828
804
780
790
812
804
752
698
718
716
794
822
808
740
800
802
778
818
790
752
710
716
732
768
782
772
718
722
690
678
670
686
690
736
702
686
664
622
630
614
670
770
798
886
852
612
782
730
750
716
654
714
756
804
852
834
848
860
844
890
858
856
858
832
886
850
840
878
854
830
852
840
854
838
840
860
820
860
834
818
760
748
692
760
796
828
788
760
816
802
798
796
778
798
794
708
722
762
770
824
760
772
800
816
784
726
704
702
668
692
660
656
640
612
638
588
698
828
884
880
838
764
768
774
770
740
664
702
736
774
816
846
776
826
808
814
792
772
798
752
788
784
842
826
718
828
750
710
712
742
772
768
742
718
702
666
668
654
712
714
704
702
664
630
640
664
716
770
784
832
832
802
766
762
754
766
784
740
740
758
806
882
918
850
794
756
690
550
582
726
752
690
770
724
768
798
868
884
858
858
866
834
826
822
738
776
764
756
830
844
814
778
726
722
682
668
698
760
838
892
832
858
836
822
784
764
720
752
770
796
808
766
746
780
772
852
838
790
824
762
736
726
760
788
836
880
868
832
876
834
808
786
802
828
786
786
752
734
704
708
684
668
674
666
660
638
608
632
606
612
590
614
684
680
704
630
658
660
692
722
762
790
798
782
798
804
814
786
728
752
766
808
800
810
802
822
856
850
782
708
788
810
778
782
800
804
852
768
794
768
738
764
738
764
800
820
784
776
754
732
762
754
846
858
826
832
822
744
716
654
638
652
712
742
756
812
842
816
832
806
832
832
826
768
748
800
824
812
818
768
776
770
788
748
714
748
764
812
806
800
752
766
782
812
802
804
784
804
778
816
750
742
750
772
720
686
746
600
774
514
802
812
770
790
790
754
700
722
692
680
630
658
634
642
730
840
856
848
752
696
740
758
776
764
794
756
798
814
808
792
796
840
862
846
832
848
856
814
506
712
752
808
784
744
768
796
804
808
744
774
794
802
786
756
778
790
760
744
738
748
802
706
718
692
702
684
732
716
686
634
666
624
618
608
616
686
746
720
670
766
734
728
706
698
740
682
664
732
800
806
864
880
884
888
910
888
864
872
850
816
798
826
720
714
754
758
622
632
904
880
930
884
864
856
896
864
832
812
780
704
640
638
642
638
600
648
670
716
754
760
752
714
752
752
816
796
768
770
768
750
808
822
850
830
850
850
792
830
840
830
824
834
788
852
848
832
830
854
850
816
856
844
820
830
844
812
780
804
826
838
828
826
774
784
770
800
794
828
876
834
832
832
740
746
722
724
670
670
676
684
650
622
598
648
648
656
726
720
714
768
724
672
652
660
648
630
604
628
664
656
678
770
780
774
766
762
764
704
682
720
690
664
680
708
718
676
648
642
676
672
730
648
706
654
668
698
760
792
772
724
702
726
752
736
692
706
738
808
820
770
762
780
844
812
806
806
862
846
810
778
760
834
812
770
706
744
792
826
862
814
820
868
812
838
832
844
796
850
876
900
848
872
846
808
726
732
788
790
816
854
898
880
820
864
868
846
774
804
824
870
800
738
818
858
900
768
766
734
784
794
766
822
886
966
902
874
870
848
810
758
786
810
784
802
856
846
870
828
844
862
826
814
852
868
832
842
854
882
818
848
882
854
786
794
856
884
828
808
828
798
746
752
804
864
916
832
800
862
860
826
838
866
846
806
814
840
812
756
792
850
862
828
826
848
818
748
738
738
792
786
718
694
668
660
722
716
752
826
854
788
670
690
690
734
782
806
788
830
846
822
754
742
834
872
868
800
840
816
740
716
742
710
696
700
756
812
780
700
700
762
804
772
784
888
888
822
658
656
732
806
866
860
860
838
784
766
724
744
682
670
742
804
860
864
802
784
790
780
730
730
712
762
770
816
802
868
842
854
820
802
768
712
732
732
752
774
802
830
804
796
832
798
800
786
712
708
640
704
752
812
840
910
876
842
902
816
814
798
750
726
656
676
734
798
750
780
816
864
812
794
880
874
854
780
782
816
842
854
750
704
688
742
778
906
872
842
846
864
834
870
838
862
878
820
838
888
894
844
836
850
864
832
822
832
876
796
814
810
804
608
928
780
786
776
780
808
830
752
700
750
754
786
792
766
718
706
708
784
754
786
810
834
814
740
744
770
716
664
740
782
848
848
864
854
900
854
818
828
738
724
702
698
788
844
824
878
792
766
802
818
794
736
728
752
810
820
764
748
736
752
718
728
652
670
736
766
860
836
750
634
816
752
766
782
818
802
776
766
834
876
848
810
776
818
846
778
834
890
908
956
918
892
874
846
788
812
834
800
800
870
822
786
738
802
882
892
834
842
834
850
836
800
794
822
880
846
868
906
852
846
810
814
842
802
784
820
850
796
812
850
846
836
808
764
722
774
806
780
752
820
836
890
816
736
798
786
818
716
800
850
820
824
788
798
844
776
768
814
852
862
834
836
814
832
742
696
766
832
836
796
796
848
848
826
798
784
778
786
734
784
798
800
706
660
744
704
672
610
662
686
786
836
862
846
740
754
724
740
728
790
848
876
776
798
816
814
774
760
740
758
838
832
854
810
814
854
784
852
864
882
822
792
870
850
830
766
730
776
848
866
828
820
808
802
814
772
804
822
814
832
766
734
762
654
686
618
610
652
640
628
634
612
590
598
596
602
594
642
662
652
606
652
666
712
758
712
778
778
754
754
742
808
812
796
710
766
780
730
734
820
850
834
852
850
862
792
820
810
826
772
784
810
806
826
790
850
778
688
680
702
722
800
804
838
834
804
722
724
792
770
698
762
808
842
812
814
842
784
752
796
710
710
698
746
782
758
816
840
852
836
772
816
790
740
698
720
748
808
868
930
866
862
868
804
788
768
792
752
702
718
742
746
672
776
732
658
620
604
642
680
718
652
670
698
708
668
708
704
764
706
658
738
764
848
798
780
786
830
826
768
778
816
794
754
780
840
846
884
832
820
882
858
776
762
786
754
726
750
772
780
702
766
788
836
860
804
712
730
712
650
716
738
762
742
732
812
786
750
790
910
886
836
852
864
866
818
796
780
746
754
816
810
808
788
836
876
836
812
812
840
814
796
788
810
746
722
800
810
754
720
752
768
710
680
722
750
704
722
678
680
666
704
672
726
766
834
792
718
706
714
702
754
598
714
766
698
724
846
834
748
700
754
778
714
686
732
804
830
842
760
718
682
782
800
786
782
702
766
746
680
702
708
698
698
680
716
754
712
686
712
740
826
804
# end time: 2014-03-27-07:49:05, 1395920945.52
