# R wave intervals in milliseconds per line
# start time: 2014-03-11-13:00:31, 1394557231.49
630
650
618
596
638
656
670
726
750
836
816
798
814
796
798
768
780
764
696
712
682
780
810
818
748
818
812
786
750
654
704
706
738
780
776
720
752
766
766
772
710
778
742
762
676
708
722
744
718
722
732
812
720
724
774
800
754
648
686
718
712
730
676
680
748
746
736
698
740
752
756
690
694
724
740
720
728
728
752
728
764
736
768
802
806
750
714
758
696
694
710
650
708
714
728
724
680
656
648
664
674
694
720
778
796
792
786
722
842
798
798
790
734
694
710
726
746
772
730
742
782
760
808
736
710
734
746
768
734
728
744
760
744
732
732
772
692
758
772
772
802
720
716
790
774
732
666
736
730
736
786
712
756
756
726
736
674
674
680
730
674
682
752
768
792
746
738
762
756
752
698
750
734
736
692
678
666
698
698
654
626
706
696
782
768
768
784
762
774
680
740
710
758
716
684
686
754
716
698
638
718
694
732
746
778
812
782
754
718
722
726
698
658
668
694
716
718
694
714
728
732
662
632
634
620
622
632
718
734
816
854
838
846
860
870
806
790
750
704
732
738
724
762
694
686
706
710
726
720
672
662
684
706
746
764
728
738
734
738
708
720
658
726
686
686
698
690
660
618
634
652
682
688
664
614
700
682
674
728
770
746
690
696
754
744
682
622
632
630
666
746
830
826
824
784
830
812
784
710
710
716
730
722
716
750
770
794
754
716
732
740
744
754
748
714
654
652
686
656
718
752
786
802
748
688
690
752
748
738
682
698
704
696
734
660
658
730
724
700
676
690
700
722
696
662
708
696
664
726
660
718
678
672
644
650
612
628
656
640
716
750
734
734
782
800
788
750
752
744
772
744
704
728
770
800
822
764
766
784
784
784
744
750
732
726
738
696
774
772
810
810
754
732
818
782
764
700
726
740
756
708
714
704
768
752
704
730
750
774
738
680
676
736
696
732
654
668
652
612
648
652
682
668
702
716
784
762
706
696
688
700
652
580
630
622
664
702
684
646
620
820
892
868
848
864
818
790
770
724
746
676
702
616
678
686
740
798
786
832
762
724
728
752
800
826
846
846
826
804
754
688
698
662
670
666
692
780
754
850
818
796
786
756
716
658
658
678
694
706
772
732
734
762
764
744
704
688
738
718
704
648
692
706
722
732
796
754
708
722
720
722
696
628
684
680
688
692
636
658
650
716
734
746
714
714
724
714
700
688
644
704
664
712
670
678
720
750
754
706
722
720
712
644
688
658
714
684
624
668
690
714
754
734
690
692
648
626
646
636
608
652
670
698
730
740
682
714
704
710
688
672
706
710
704
658
728
752
784
738
716
760
724
680
630
686
700
716
734
690
710
756
762
690
696
678
682
636
636
668
716
754
716
744
730
720
648
648
624
642
618
600
612
618
594
634
698
824
810
834
826
862
786
802
782
768
734
680
698
720
752
750
686
732
752
824
804
736
746
762
754
780
702
722
746
748
716
674
698
716
736
712
738
780
794
804
764
738
704
778
712
660
646
648
678
732
782
810
870
806
804
790
744
754
664
636
692
698
730
692
628
670
662
738
818
798
856
826
772
752
742
694
682
616
674
684
740
732
694
748
730
714
692
702
766
776
754
694
684
700
720
754
800
776
818
756
742
802
786
766
734
780
808
814
830
778
764
792
782
766
734
764
774
780
730
752
754
792
722
750
740
728
698
662
688
706
724
720
760
770
802
802
778
798
788
782
756
688
698
716
740
668
678
698
708
774
712
702
754
742
752
724
710
660
672
684
684
630
666
704
758
808
788
754
780
750
790
716
710
736
734
752
726
762
732
740
726
686
750
746
760
756
772
748
748
788
730
680
662
716
714
730
694
712
658
696
710
768
770
734
726
736
732
712
668
634
704
716
748
720
706
690
704
754
754
742
702
714
724
712
650
666
704
678
762
722
686
740
718
758
676
698
678
684
650
680
674
744
704
748
698
732
746
736
700
726
578
646
646
702
702
664
724
746
766
768
714
698
758
756
756
686
732
736
778
788
778
736
756
788
772
758
696
716
732
758
778
726
746
728
792
796
784
744
778
772
754
712
714
736
738
750
702
706
714
730
754
734
742
776
768
812
726
692
744
728
724
678
700
738
754
756
712
706
724
752
752
738
714
732
736
780
752
700
710
718
776
766
738
656
696
710
732
730
698
718
734
788
722
670
730
714
682
622
670
632
738
696
692
644
658
672
666
722
714
728
688
726
732
754
738
782
718
732
718
776
730
756
696
698
782
778
784
742
766
752
752
700
630
656
648
736
698
700
716
748
760
758
712
684
754
706
698
636
698
702
712
740
702
678
710
694
742
720
728
774
774
728
668
646
684
672
634
744
784
790
740
790
806
774
762
680
748
716
716
724
696
704
646
720
736
802
776
706
778
794
784
706
744
758
780
792
746
760
776
782
802
752
722
750
774
786
766
714
724
708
672
702
734
830
806
710
738
744
752
760
764
740
760
796
802
822
766
796
836
796
794
726
752
762
764
758
714
734
768
768
766
718
716
760
722
640
648
650
698
654
644
642
650
652
696
732
740
696
720
734
728
706
658
670
698
742
806
778
754
800
784
844
796
790
796
788
750
780
782
778
768
718
742
758
786
768
736
728
794
760
738
780
792
786
814
772
806
802
794
728
708
754
762
768
734
768
790
780
750
758
780
774
806
748
746
764
788
788
766
746
762
762
720
678
714
730
762
754
722
780
782
778
726
770
768
766
752
718
746
762
772
766
722
720
778
766
760
716
726
786
778
774
728
750
768
766
720
692
692
750
686
692
726
760
778
758
680
710
720
728
750
756
728
666
704
702
766
762
734
688
716
736
756
720
738
752
770
788
784
736
726
758
772
778
736
758
760
738
714
712
738
724
658
722
732
764
778
712
636
702
710
724
688
616
664
648
644
690
652
666
754
746
790
786
806
794
802
754
742
758
744
730
696
686
720
750
762
722
746
772
742
732
704
714
698
676
648
646
666
722
762
752
770
794
772
802
718
736
716
796
746
706
748
760
758
788
762
788
780
796
690
728
724
716
662
704
728
780
806
826
766
678
712
720
700
730
742
794
714
720
726
790
758
674
668
710
698
708
672
698
732
754
748
736
694
750
720
716
696
702
682
700
732
740
718
776
796
790
734
714
722
742
748
724
704
728
736
736
758
684
732
736
750
706
664
730
718
730
714
658
682
700
698
656
616
662
658
654
742
732
696
704
664
648
654
680
622
626
682
696
696
762
730
732
720
672
666
700
718
766
676
692
758
768
726
726
746
752
754
722
694
708
588
838
712
644
706
706
716
728
720
736
710
698
640
672
706
750
836
788
786
822
838
818
770
758
826
784
828
730
722
704
702
710
676
742
818
836
832
798
794
770
788
762
770
680
738
744
732
670
716
750
784
794
772
784
760
770
764
722
736
692
696
750
744
732
706
742
720
780
704
632
650
662
688
732
756
702
758
754
728
676
708
730
752
752
712
736
760
780
798
718
682
746
716
714
640
682
718
752
772
790
718
748
752
748
720
648
684
700
718
718
692
690
766
670
756
754
764
756
736
668
668
656
684
718
686
698
766
820
834
762
808
792
822
694
730
738
734
730
686
696
732
756
772
778
702
712
726
700
766
708
656
680
700
710
696
678
784
784
828
754
782
786
768
718
744
768
794
800
772
770
748
748
758
740
722
786
798
806
800
744
812
794
760
702
652
694
710
728
790
718
746
768
762
734
698
724
744
748
670
680
706
714
730
758
752
726
738
734
734
712
698
726
718
788
740
726
758
762
758
682
730
732
752
760
746
758
752
744
728
730
672
666
744
734
666
702
636
846
748
740
714
768
750
736
682
622
664
668
716
760
766
772
768
750
764
668
648
722
724
708
648
636
646
636
650
714
718
686
698
758
756
686
682
708
702
750
694
650
682
706
746
774
758
696
708
726
732
702
656
668
680
756
776
840
730
768
786
790
728
744
716
708
730
752
788
752
760
732
718
762
706
680
700
704
726
700
708
762
804
818
764
766
780
730
710
750
754
704
746
704
724
696
692
680
646
654
644
650
622
674
708
756
694
750
782
824
830
764
704
680
714
716
732
686
704
736
756
704
734
742
742
802
722
676
730
734
736
754
772
812
738
694
664
732
730
764
774
760
742
762
754
750
730
684
718
728
748
768
734
754
792
798
794
750
730
752
736
728
748
688
748
768
738
754
748
762
750
776
706
712
728
702
750
720
682
732
740
718
724
670
618
638
696
726
658
696
712
722
728
702
712
590
628
638
678
738
770
748
698
746
770
790
776
778
768
786
764
748
658
686
740
716
674
668
698
718
722
690
734
750
722
676
756
762
768
750
714
720
734
730
734
704
712
734
758
756
800
758
784
780
812
766
732
752
764
770
784
742
816
816
778
716
732
736
680
674
658
728
750
744
726
750
770
778
738
718
734
728
718
666
698
710
714
676
688
646
666
644
668
706
690
694
780
770
764
696
692
686
740
700
652
690
712
728
752
664
720
728
768
748
704
750
748
748
718
690
708
716
720
732
702
716
730
750
766
750
756
742
786
734
680
746
732
742
746
688
704
718
722
714
656
662
732
732
720
672
668
724
716
688
646
654
676
684
674
628
654
644
708
658
670
648
698
642
714
684
658
650
668
680
674
628
634
616
646
668
706
738
708
704
682
750
734
748
708
682
686
736
688
626
652
696
732
786
796
788
788
750
746
648
666
676
692
770
768
738
746
760
762
744
704
742
724
746
752
750
718
736
750
760
764
724
690
750
758
716
796
700
668
702
694
754
732
682
704
734
736
746
696
636
572
620
688
774
854
850
832
880
834
878
830
778
810
766
744
714
714
680
672
706
718
722
720
710
730
716
692
672
612
654
628
700
690
708
766
698
690
716
712
756
704
724
666
672
672
674
682
684
654
670
690
692
682
644
624
632
646
664
686
702
686
690
674
714
652
660
630
610
648
636
652
668
692
694
630
600
608
626
596
592
628
654
680
666
636
636
652
630
692
662
644
642
690
682
700
700
686
632
622
618
620
642
650
602
636
660
670
720
652
626
628
662
692
724
698
704
768
752
718
610
662
652
660
686
672
612
680
686
714
724
728
756
674
702
696
688
736
662
642
670
688
702
676
622
696
688
710
686
704
674
686
674
716
668
638
660
674
650
724
686
668
684
710
702
706
748
700
672
700
686
658
656
634
660
676
716
750
742
704
644
650
662
668
674
656
640
640
644
650
668
714
758
794
778
758
738
700
736
648
612
668
636
666
652
630
646
654
666
686
678
668
690
696
738
664
684
656
654
706
676
656
652
678
624
666
628
644
632
662
586
636
642
652
740
746
726
706
700
718
722
712
762
704
682
700
700
696
660
646
680
714
736
756
686
682
692
698
728
734
676
676
684
690
726
676
670
674
738
722
716
652
692
670
680
678
638
668
660
672
688
688
628
656
634
642
650
730
744
764
752
730
654
646
700
672
660
696
650
618
652
654
680
690
700
634
680
722
702
686
644
650
648
662
686
646
658
662
728
694
678
672
694
682
666
634
652
658
662
656
628
652
630
654
636
618
600
662
674
660
640
646
694
690
670
686
660
686
714
714
698
708
714
768
744
692
676
680
686
638
640
642
700
716
732
756
718
778
740
724
634
678
664
678
684
688
628
654
614
690
686
694
706
658
742
728
724
722
682
686
700
704
702
668
640
686
724
760
816
790
776
730
750
746
754
754
708
716
726
750
716
686
694
790
764
772
728
778
754
716
684
706
700
762
688
676
738
740
752
700
702
736
762
760
712
720
712
768
742
672
720
728
738
716
660
660
658
734
696
656
704
690
770
722
662
718
730
714
662
626
650
668
696
730
734
694
740
754
732
750
666
718
730
732
720
678
682
712
702
656
650
684
724
786
770
750
782
780
774
696
730
702
702
698
684
698
744
770
774
710
784
782
762
702
734
760
750
752
706
720
710
750
676
674
704
728
754
720
694
760
756
766
716
686
730
734
748
714
672
700
720
726
704
686
714
730
720
698
630
638
646
646
722
732
700
698
728
726
728
708
662
716
718
702
748
682
680
718
772
716
774
774
798
800
762
722
734
704
632
654
660
684
734
746
716
756
730
804
706
740
742
720
670
646
700
664
732
704
718
682
684
712
684
656
664
668
750
748
766
718
714
714
628
638
636
624
596
614
602
596
636
678
678
690
704
682
622
678
678
704
726
742
670
648
712
744
742
816
754
746
770
790
810
782
760
770
778
764
790
692
708
692
710
736
750
714
716
736
738
662
636
642
658
700
702
646
758
766
804
802
738
760
736
726
660
678
602
642
578
630
574
640
592
682
648
582
516
636
740
710
712
716
718
710
648
634
620
608
596
582
568
568
592
596
620
590
612
570
556
584
630
590
540
570
564
628
556
574
576
598
570
552
578
610
622
726
780
760
554
668
756
772
710
752
724
702
680
664
640
606
610
700
616
630
654
670
638
652
640
666
722
716
668
660
550
674
670
626
586
632
636
636
660
704
742
794
746
750
766
728
674
780
760
768
806
770
780
786
748
786
786
798
798
772
782
776
758
700
734
758
724
826
778
750
802
768
780
752
748
730
744
726
760
732
730
810
746
734
740
690
648
624
650
636
620
596
654
670
666
672
684
666
656
684
712
670
640
722
744
716
670
680
752
766
734
704
712
680
670
668
778
796
758
700
734
692
690
724
762
750
698
788
806
830
814
812
600
694
718
786
778
724
750
768
786
776
734
796
804
778
750
800
790
746
744
758
772
746
732
768
788
688
740
732
708
668
722
730
728
692
688
700
718
652
682
686
750
662
736
734
726
678
652
682
662
652
698
732
688
654
608
688
690
652
656
720
720
722
666
722
726
720
654
708
704
666
682
702
720
778
716
736
764
770
744
742
758
766
746
710
788
800
800
748
810
780
706
702
702
762
772
718
790
804
788
722
646
670
678
750
784
814
788
800
820
806
770
758
706
716
806
804
780
822
796
806
764
808
786
758
756
852
846
796
786
646
952
730
732
772
782
830
750
734
794
740
676
724
730
718
684
652
738
732
712
660
710
768
762
740
778
782
796
722
722
730
720
694
754
798
796
842
868
828
830
848
812
736
772
752
726
710
716
740
792
756
782
794
720
736
708
786
736
760
786
788
740
832
846
808
808
738
760
740
726
660
752
808
756
820
824
880
800
734
776
702
668
726
804
864
824
834
876
858
874
804
806
830
766
734
744
822
738
710
718
734
768
714
734
724
816
802
798
820
758
808
786
704
682
684
758
710
628
672
650
690
696
714
830
846
806
758
768
718
740
720
724
654
686
714
810
776
760
818
672
944
742
754
760
766
778
730
754
764
746
712
734
800
766
722
796
806
794
732
726
724
700
692
672
700
708
702
716
752
770
738
698
690
740
722
666
682
702
720
724
704
696
704
770
748
714
712
722
732
734
704
734
754
726
702
768
772
510
736
706
770
774
738
710
750
744
744
692
666
708
690
646
662
728
734
742
738
730
782
700
700
742
706
722
712
696
692
692
746
688
732
752
778
764
724
772
740
674
678
666
688
686
718
714
738
798
728
708
710
706
700
658
662
674
752
732
700
738
750
722
662
682
696
712
730
708
756
762
756
700
724
694
674
740
672
712
700
762
710
662
728
746
758
716
718
680
738
702
674
692
730
740
710
748
764
754
724
676
756
752
730
716
728
754
742
750
706
754
762
706
684
744
752
718
676
702
716
708
688
676
682
730
688
698
708
708
744
702
710
722
748
718
678
696
722
742
738
704
726
728
766
704
714
734
756
758
722
732
752
766
742
686
736
736
738
712
728
708
726
764
700
714
672
760
762
720
766
734
788
722
714
772
748
718
726
754
784
782
740
728
766
732
684
710
722
738
764
724
728
738
740
708
678
706
848
756
718
716
718
720
720
682
702
732
746
702
702
696
698
756
726
664
722
722
722
708
678
668
688
684
678
642
668
702
750
738
710
660
660
658
636
608
650
650
654
648
654
686
708
716
686
692
694
748
724
694
686
712
708
664
674
638
672
692
672
656
670
748
704
634
678
694
702
698
692
716
792
722
704
710
724
694
660
664
688
680
654
660
644
638
652
662
718
784
830
792
794
808
800
748
706
696
732
718
700
736
810
792
734
732
742
714
672
696
708
742
760
700
770
764
758
720
732
740
772
726
758
764
782
774
742
734
734
784
744
708
720
736
724
732
702
714
720
750
728
706
726
654
736
728
764
764
738
756
758
764
750
724
742
770
774
758
736
742
722
762
702
698
764
764
732
770
758
788
782
754
736
730
896
730
694
676
694
732
744
720
714
726
776
724
704
730
732
714
670
674
684
702
706
690
722
770
794
758
770
788
786
724
742
714
698
750
710
720
744
788
782
740
784
800
816
756
728
770
766
746
726
756
786
784
748
730
740
728
742
722
730
724
732
704
736
732
702
718
698
728
746
738
720
766
756
742
750
712
722
752
752
718
744
778
794
744
762
726
718
728
666
676
698
698
742
698
688
680
678
690
734
688
682
698
718
716
686
672
698
732
774
798
758
716
738
722
730
692
742
778
780
750
764
800
772
716
742
742
756
734
690
690
696
722
736
722
752
772
772
756
702
716
734
774
728
682
688
698
668
680
720
758
742
726
736
744
718
708
660
712
724
766
728
754
734
726
666
706
722
742
732
708
748
766
850
832
750
752
752
746
738
710
734
784
762
734
770
766
720
772
774
784
746
704
766
772
728
684
748
748
728
676
660
706
694
680
710
760
788
766
798
816
798
738
718
782
764
694
724
748
780
776
746
778
796
770
742
760
784
722
740
728
722
740
710
740
750
800
766
798
816
782
714
770
788
780
792
708
692
734
734
702
730
760
772
768
732
750
770
764
704
704
700
744
736
694
688
698
716
660
648
648
646
682
724
706
686
690
728
724
698
720
734
722
728
724
730
714
792
782
736
750
750
748
732
706
730
766
774
750
758
784
786
762
676
742
728
706
734
680
728
752
780
750
774
784
746
692
748
748
732
688
732
748
758
734
790
822
816
752
736
762
756
740
752
756
784
772
788
726
700
744
698
670
708
730
764
716
672
712
768
736
678
688
674
660
706
656
632
660
684
704
708
678
682
692
696
732
672
678
696
754
736
698
740
738
756
760
732
706
720
724
698
708
680
708
726
752
734
674
696
624
614
674
696
676
674
666
692
664
752
736
708
726
744
746
708
676
684
718
728
762
730
754
762
778
730
714
722
774
726
692
698
752
748
728
706
744
752
734
692
674
730
740
714
688
730
764
744
750
696
714
722
678
714
728
760
774
734
714
742
754
736
678
700
718
728
706
736
740
760
750
718
706
758
726
642
680
698
716
718
694
678
760
736
682
708
728
732
698
706
686
718
676
698
700
690
752
700
670
698
702
712
686
702
720
730
726
684
704
718
702
668
684
712
710
690
680
718
734
752
736
732
736
742
718
688
668
718
684
660
638
710
718
740
702
762
764
748
710
678
694
708
712
704
726
764
774
764
730
744
746
712
676
680
694
700
672
636
636
662
676
668
646
706
716
750
736
720
750
748
728
714
726
796
780
738
708
774
760
754
724
728
752
752
716
702
674
694
730
756
700
698
712
748
756
752
716
710
750
780
768
786
732
760
792
772
732
730
772
788
726
800
750
770
796
768
714
744
748
828
814
772
766
734
702
698
714
722
786
778
740
736
744
744
726
700
702
790
776
762
726
782
790
780
756
748
774
752
774
700
716
734
766
766
716
752
784
796
764
772
798
780
758
706
674
766
726
676
718
746
776
774
732
756
788
776
782
712
726
720
700
660
702
702
746
822
784
790
796
838
766
692
760
766
798
828
764
844
836
822
744
788
776
762
758
750
782
832
768
720
710
766
744
790
776
828
832
810
758
772
778
740
678
674
690
708
698
688
732
712
752
650
754
756
778
740
714
736
736
718
680
674
692
738
688
670
744
694
678
698
734
760
724
730
722
724
774
714
754
758
786
794
758
792
792
796
772
736
774
784
780
706
706
732
792
770
702
702
736
768
778
752
750
764
770
746
690
742
726
694
716
688
712
746
768
758
782
790
802
740
712
712
684
730
702
740
786
800
766
738
748
696
676
650
642
720
732
760
760
710
710
740
752
712
710
654
722
738
770
778
766
814
824
824
764
732
700
752
748
742
758
818
834
820
732
754
730
794
774
750
796
800
766
748
770
800
792
760
760
808
814
772
732
770
612
522
794
800
716
780
780
772
778
758
788
804
764
714
778
778
776
730
708
774
740
750
740
758
836
806
750
768
790
760
722
736
768
760
720
736
762
768
778
738
772
802
766
766
732
752
842
770
746
760
836
816
780
794
806
806
744
784
800
810
752
758
774
792
794
740
750
808
784
750
714
726
786
738
732
730
816
812
764
766
778
746
738
686
734
774
758
712
734
756
736
696
690
760
752
716
724
726
732
726
708
668
666
720
766
718
780
796
824
816
766
780
790
806
778
742
768
794
800
770
768
792
792
768
738
766
768
728
744
734
766
794
770
702
688
690
734
786
788
746
796
806
824
724
764
772
818
802
746
802
810
794
734
768
830
810
744
718
796
770
794
734
750
818
816
788
738
780
524
738
694
696
702
774
754
728
730
786
800
772
684
748
728
708
678
714
750
798
814
784
782
774
818
802
740
720
732
742
720
730
790
814
774
780
754
752
762
736
744
698
798
790
756
748
750
836
768
696
750
742
744
764
714
# end time: 2014-03-11-13:57:47, 1394560667.61
