# R wave intervals in milliseconds per line
# start time: 2014-06-26-14:08:37, 1403806117.74
520
566
650
518
800
650
668
616
652
614
732
636
666
700
654
714
716
666
654
666
664
650
746
600
646
654
672
682
584
750
612
654
646
716
616
604
584
712
620
566
550
600
568
556
680
552
594
620
576
604
602
660
636
650
616
552
646
620
628
620
634
600
612
654
598
616
686
696
668
636
632
670
680
702
666
646
684
668
686
700
630
616
764
736
684
712
704
646
726
614
664
664
668
704
694
684
652
644
668
708
618
664
700
698
688
730
620
634
680
656
656
704
748
818
778
704
716
738
582
782
664
668
702
700
702
664
684
650
684
714
752
668
666
716
718
666
684
682
686
664
630
648
668
668
732
648
638
666
694
684
650
634
666
650
650
520
700
652
684
684
716
652
728
682
650
682
614
554
764
730
720
698
718
686
684
684
668
710
666
688
746
732
652
714
732
734
566
718
582
638
630
634
682
700
766
754
696
684
718
732
700
682
666
654
600
684
672
856
640
668
700
748
666
652
684
694
618
634
666
632
680
688
632
680
686
702
782
698
686
732
716
666
636
814
646
670
700
630
668
732
718
736
664
652
684
702
718
680
684
750
600
652
664
700
706
678
634
648
636
780
632
634
602
604
664
680
650
600
618
584
650
650
786
628
618
622
624
630
648
620
600
634
664
682
652
600
664
634
684
702
702
648
686
648
664
640
696
666
616
668
652
666
688
644
668
682
652
694
614
604
632
666
684
698
670
618
664
632
656
662
616
616
616
650
672
700
656
630
666
680
646
618
614
618
642
666
668
616
666
700
706
678
718
684
668
666
604
630
618
680
580
594
672
636
714
590
646
584
732
754
732
732
868
644
658
650
522
728
652
664
652
602
680
670
712
704
634
716
700
696
706
626
616
670
650
598
654
664
684
604
716
696
702
682
604
698
680
702
602
650
656
694
670
634
662
672
670
730
650
666
700
686
636
610
626
616
598
602
634
670
648
622
726
582
674
732
578
620
656
808
620
618
662
654
614
654
604
642
602
640
642
652
734
668
734
668
634
616
632
652
664
732
722
698
770
764
750
620
634
682
636
684
612
636
686
700
680
636
680
704
700
668
666
706
706
672
604
682
696
684
650
684
720
666
698
650
650
684
652
684
646
662
674
682
632
666
672
664
684
630
656
650
682
638
646
702
702
700
716
704
696
736
666
700
664
656
698
682
688
634
728
718
688
716
630
648
670
700
716
656
682
730
700
666
654
614
634
684
686
636
730
732
716
686
668
672
646
682
616
650
670
666
704
598
666
652
646
668
604
616
684
664
702
700
716
714
686
686
684
750
668
632
650
650
664
652
636
636
646
668
604
646
650
620
664
616
570
652
612
636
632
640
610
684
654
650
698
620
650
668
686
702
660
686
688
680
746
654
616
698
672
630
666
672
670
744
682
640
660
718
668
636
664
668
696
666
620
688
656
648
684
636
636
630
716
648
622
654
680
668
618
622
680
664
680
692
636
664
650
666
632
654
600
666
684
664
688
614
684
698
668
650
622
666
634
648
634
632
670
700
732
654
746
706
712
646
650
650
636
668
702
630
640
662
710
638
698
688
700
668
616
670
682
686
600
650
600
598
616
622
662
652
700
720
730
784
672
686
730
714
704
646
664
672
712
684
698
640
650
672
630
636
618
684
696
668
614
650
670
650
668
660
628
632
670
650
616
622
650
652
618
666
650
674
696
688
700
700
754
680
666
700
686
582
708
722
702
698
668
654
672
632
548
606
616
618
630
650
634
602
626
668
686
680
702
638
686
666
686
650
590
644
634
648
636
618
650
584
620
614
614
630
608
676
596
638
652
618
570
628
624
678
544
584
620
614
666
588
604
590
622
666
752
720
728
716
736
720
652
694
702
716
688
632
648
616
612
588
648
636
634
650
680
686
750
656
652
698
700
720
684
616
716
714
716
702
654
678
682
728
672
634
690
690
728
734
720
728
720
698
670
632
650
656
674
642
628
620
670
684
662
648
684
684
686
652
634
690
660
668
630
638
692
654
666
648
614
630
658
656
662
700
634
636
678
668
668
600
680
668
680
664
608
650
582
618
636
646
714
688
602
680
686
702
716
682
666
618
686
698
664
670
666
600
634
664
668
666
702
618
682
666
682
670
632
652
696
666
586
634
568
582
630
604
630
716
720
682
654
612
680
666
668
620
632
690
662
718
648
650
666
666
652
636
648
650
664
668
654
676
640
720
672
682
682
618
650
678
660
662
716
632
654
648
716
710
674
616
678
652
664
634
620
696
654
654
630
650
636
658
654
618
664
656
708
650
598
630
634
654
684
666
672
632
668
594
668
624
724
654
646
686
644
670
718
680
734
668
618
646
604
630
598
632
652
646
636
640
680
738
682
688
674
686
634
696
634
604
678
650
632
668
684
702
664
670
662
686
678
672
616
680
688
682
728
650
682
700
702
688
630
638
678
662
662
636
682
694
646
676
666
680
690
614
654
632
682
680
636
648
672
694
716
652
650
652
700
618
668
648
654
628
702
668
696
668
632
636
714
602
646
690
662
648
630
672
628
668
650
686
652
634
616
618
648
680
708
678
700
620
636
620
664
644
620
600
652
634
628
636
616
648
652
666
632
616
638
632
692
660
610
652
648
656
628
636
670
648
632
636
612
648
634
636
600
618
632
650
624
642
652
664
656
580
586
534
584
618
620
600
598
614
572
548
690
616
548
550
566
580
552
552
604
992
596
724
548
582
660
676
732
638
702
638
622
600
620
630
628
622
624
608
638
580
630
606
628
600
596
610
602
662
648
648
648
604
600
604
630
646
620
590
864
632
702
682
644
648
666
656
650
632
614
628
626
678
662
624
636
616
680
684
684
656
642
676
642
660
608
632
650
636
616
634
598
636
654
670
610
650
632
670
648
666
600
654
638
640
634
618
584
634
644
640
632
616
650
654
652
660
620
616
634
616
636
596
586
600
628
636
666
652
620
598
648
622
598
652
632
604
626
602
598
600
618
638
646
668
680
718
720
714
704
608
686
656
666
648
662
634
642
616
682
666
648
616
638
666
682
664
638
666
680
666
656
616
662
640
654
658
636
600
664
640
644
650
608
630
630
666
626
624
682
652
656
610
638
668
650
638
648
618
632
650
666
666
618
632
652
656
646
666
596
648
640
634
680
616
634
670
670
632
652
624
670
652
652
630
618
648
640
648
622
612
644
624
670
616
628
648
642
608
634
622
630
632
620
598
608
608
640
600
596
582
604
610
584
602
620
598
602
600
602
644
636
648
666
636
600
630
622
614
618
630
572
604
546
616
602
598
614
616
634
650
642
646
582
624
660
624
642
622
592
640
616
588
616
594
594
624
632
648
634
616
634
652
678
704
700
634
620
626
614
572
580
570
642
612
684
768
782
800
734
718
714
670
656
702
686
654
614
634
598
588
606
608
650
668
682
634
652
602
702
628
670
684
682
638
610
654
648
650
640
602
666
668
694
698
652
634
668
666
648
684
634
638
646
686
662
666
622
650
654
648
620
616
648
666
684
658
624
702
670
680
618
586
616
652
626
624
616
622
630
672
640
668
588
618
634
644
654
646
622
630
700
668
648
656
634
680
648
624
654
650
644
672
648
684
664
654
632
650
632
650
654
662
632
634
650
650
622
580
612
618
648
670
650
632
654
664
650
630
620
650
634
622
608
632
656
670
732
1300
1178
706
748
580
588
578
622
580
580
570
602
550
560
586
602
600
602
610
618
618
604
612
684
656
620
666
662
680
686
646
636
634
646
650
666
650
618
666
682
690
680
686
630
652
664
674
610
666
652
680
652
624
656
684
684
654
630
666
684
638
610
618
634
648
606
596
608
628
652
646
670
664
732
684
646
654
668
674
678
662
636
656
628
682
600
644
642
644
702
670
650
670
658
706
666
630
636
650
672
654
752
708
630
702
682
672
690
618
584
640
664
616
602
642
656
666
682
636
664
670
682
668
650
648
638
662
650
618
618
682
682
680
670
674
682
744
652
616
624
642
636
698
650
668
682
682
668
662
654
618
632
666
650
662
670
686
700
714
686
632
682
636
640
578
610
592
594
650
668
654
608
666
664
654
692
622
638
666
652
638
594
620
646
666
632
626
646
662
638
632
608
660
614
620
614
598
666
650
670
644
652
672
678
702
632
648
654
670
722
654
688
734
716
712
632
638
686
666
624
638
648
714
704
648
654
680
684
686
618
666
658
654
624
608
650
676
692
762
748
670
632
692
664
730
682
648
670
684
700
730
718
666
698
702
698
682
682
636
658
688
718
718
688
674
724
664
682
616
650
658
692
652
616
632
652
664
680
650
652
668
666
660
604
656
630
688
642
684
620
646
702
668
598
666
666
674
672
626
610
666
664
668
654
596
644
646
648
646
618
664
664
628
642
664
668
646
622
650
668
692
702
704
666
666
700
662
652
614
632
652
638
604
666
644
720
664
600
630
618
624
650
694
696
702
762
756
728
670
698
716
720
746
736
778
586
664
670
650
618
652
676
664
608
664
634
672
712
788
714
720
646
664
684
680
686
672
648
714
706
692
722
644
686
676
678
674
628
658
750
766
748
670
666
680
752
732
670
620
658
648
654
650
628
690
696
730
634
684
700
666
636
682
656
630
660
614
624
600
632
630
584
576
598
516
630
782
774
758
802
764
714
690
686
662
712
688
726
740
738
744
720
714
688
676
696
666
644
696
682
666
634
650
668
720
730
680
614
606
634
618
612
600
630
636
646
614
618
634
622
620
614
582
600
568
582
602
626
652
648
626
580
650
650
648
646
648
604
648
670
696
694
630
680
686
686
690
646
606
654
660
698
670
652
700
712
708
674
668
686
684
666
632
652
690
678
748
666
734
738
730
780
714
688
696
650
602
632
622
610
608
678
682
654
698
698
664
634
652
648
634
624
664
666
668
622
658
668
684
648
630
674
644
668
656
696
684
662
642
680
652
686
614
660
652
680
668
666
704
718
700
# end time: 2014-06-26-14:32:42, 1403807562.19
