# R wave intervals in milliseconds per line
# start time: 2014-03-18-11:59:17, 1395158357.96
742
712
746
684
712
710
758
684
676
694
734
788
746
694
668
684
702
734
732
684
624
656
692
750
776
848
798
758
696
764
758
758
752
762
834
822
830
802
712
712
738
776
750
658
668
614
622
652
756
768
686
652
628
674
640
736
750
776
740
772
826
800
680
646
664
732
544
848
848
824
778
662
694
704
744
780
718
720
740
802
838
828
800
804
724
756
766
746
710
746
750
762
754
632
694
692
704
762
744
738
734
780
716
744
662
666
668
688
666
752
750
784
788
708
706
684
700
720
716
698
700
706
728
682
704
630
696
706
714
684
678
690
692
788
760
756
702
764
728
716
690
652
510
560
582
648
712
726
728
796
750
722
716
670
738
658
668
714
700
652
654
636
668
690
716
674
640
704
686
660
700
642
650
670
622
650
662
620
652
660
616
610
700
730
764
788
750
780
750
736
720
662
648
640
672
660
666
652
596
574
756
774
762
746
776
758
716
760
652
664
664
642
680
654
672
658
744
714
696
694
772
768
708
708
714
670
646
704
672
666
654
636
592
594
622
574
640
614
618
646
652
610
670
668
712
670
682
702
654
650
638
660
684
700
690
734
668
662
662
674
730
740
762
780
712
692
680
726
664
692
706
750
718
678
648
654
686
784
784
826
760
788
768
758
744
706
702
682
716
738
726
724
794
768
668
688
684
704
662
704
716
760
784
784
752
746
642
744
666
694
658
740
732
832
800
732
706
732
726
754
732
722
740
702
658
708
726
718
664
676
648
666
748
748
696
692
724
724
692
658
630
722
614
640
658
720
690
704
722
734
732
652
762
660
658
742
758
800
776
728
780
736
706
658
672
632
690
646
648
682
658
660
716
758
764
826
786
736
698
698
670
656
666
728
760
756
738
732
814
696
654
678
692
708
710
718
776
846
824
798
756
730
790
702
692
676
756
734
704
744
708
680
716
718
788
740
726
744
774
724
742
690
680
688
620
668
670
726
798
788
782
706
692
746
704
670
632
608
594
680
766
808
790
706
684
714
788
798
680
742
708
758
724
684
678
756
764
780
750
758
746
728
688
708
658
694
676
614
652
666
732
758
802
738
700
696
686
654
700
658
646
674
642
640
622
694
722
748
796
774
828
808
776
770
780
726
712
672
694
696
678
738
792
822
784
792
696
648
636
646
652
668
710
662
660
658
646
678
712
724
808
762
716
724
748
724
736
682
668
680
696
622
736
746
748
694
708
770
768
720
648
708
714
680
662
676
758
692
718
736
734
660
636
670
698
720
718
760
672
682
714
700
678
650
678
684
690
682
690
660
636
622
602
630
634
662
652
654
702
742
690
628
688
716
730
796
746
726
686
696
636
598
626
600
612
690
670
746
682
714
744
736
664
654
694
682
742
726
718
598
680
632
668
698
722
694
690
694
696
756
632
670
574
638
598
664
682
760
760
714
722
742
592
942
734
690
682
662
716
668
634
670
674
682
694
714
640
640
610
690
658
712
702
694
646
694
768
758
754
768
726
620
698
704
736
764
650
658
672
720
732
734
680
736
718
758
696
668
726
710
670
668
698
722
708
718
686
648
668
698
738
758
706
610
690
686
678
688
714
664
780
800
782
722
670
650
676
680
684
660
658
670
708
698
698
688
742
734
722
698
710
694
620
648
610
614
636
632
680
708
732
698
722
770
788
738
766
674
684
612
634
608
584
644
638
634
648
670
642
686
618
604
666
620
614
606
606
604
614
636
696
680
734
716
714
746
690
682
664
614
588
622
590
590
628
650
638
618
670
620
632
672
752
796
834
780
664
622
630
650
682
700
646
654
676
748
834
868
850
758
712
684
688
708
704
778
752
672
678
714
734
708
650
796
796
804
786
692
632
696
680
700
786
768
690
678
790
816
840
862
802
720
710
788
784
798
820
780
718
786
746
736
704
716
644
638
620
592
610
634
650
682
772
844
886
868
668
962
806
778
814
784
696
742
756
852
832
768
752
796
852
874
810
780
768
762
720
648
670
662
658
698
692
672
676
634
620
620
524
622
636
684
714
694
708
658
620
614
620
614
598
592
594
666
668
682
682
678
660
660
658
644
736
738
744
744
722
654
658
630
640
650
696
786
802
814
870
846
816
830
756
762
808
790
846
814
780
684
636
696
712
754
766
768
746
704
712
706
712
720
728
684
670
720
744
758
758
690
684
714
736
766
778
752
718
744
734
732
726
668
678
736
772
782
760
686
670
706
722
756
770
740
674
706
716
726
706
626
632
586
604
606
614
642
674
640
614
622
666
726
780
800
766
694
720
736
732
798
776
770
732
650
670
704
734
780
764
738
760
770
780
782
776
712
694
696
752
678
704
686
690
780
776
784
748
768
798
760
738
648
656
618
696
738
832
860
820
698
718
728
736
768
770
682
734
732
772
690
744
704
676
666
620
608
636
654
666
660
682
740
750
668
698
706
698
776
694
696
770
716
726
730
758
718
666
668
770
784
796
804
744
800
784
744
646
664
710
754
794
756
692
680
748
764
736
686
748
796
820
810
694
738
740
738
742
772
678
678
724
744
738
676
658
692
700
720
720
742
664
700
740
730
780
728
672
718
758
790
812
808
770
770
774
762
812
696
636
676
668
684
722
722
666
706
760
812
838
808
702
730
748
760
706
666
714
750
746
656
690
710
654
684
686
734
748
752
734
610
654
658
658
678
672
694
666
688
652
610
598
634
654
648
666
716
752
752
778
776
646
678
666
678
710
674
666
710
784
814
806
738
670
550
602
678
720
758
774
788
762
754
756
728
666
618
628
634
680
666
644
652
744
804
832
816
782
678
634
638
648
694
740
780
756
728
684
698
730
762
804
810
802
770
694
632
696
700
748
774
774
752
672
648
666
696
758
786
786
796
798
796
762
708
710
772
750
714
712
738
734
746
704
702
740
772
770
704
728
754
776
798
734
722
748
736
646
656
646
636
676
690
744
842
854
852
822
768
776
780
744
670
686
724
758
820
814
766
798
794
780
826
732
754
778
778
778
718
754
792
812
822
790
728
758
760
776
726
692
750
748
756
716
750
760
808
794
722
740
738
738
698
702
750
766
786
758
782
786
776
712
740
734
736
718
684
710
780
774
798
752
762
794
768
774
702
720
768
766
716
704
734
736
696
656
700
744
752
762
704
724
744
748
748
694
664
714
694
696
644
668
722
764
788
754
740
730
744
698
674
678
716
720
672
718
740
762
710
638
704
740
776
774
764
778
842
812
758
748
764
770
696
666
688
714
770
786
738
744
830
806
762
764
780
784
764
712
748
776
802
780
708
732
810
800
780
718
708
730
806
800
782
706
740
742
766
712
724
734
760
738
668
676
716
754
752
764
656
694
716
742
766
702
710
714
718
724
692
664
726
672
660
662
682
728
842
860
838
816
828
802
758
694
692
730
762
762
720
742
798
806
824
774
686
688
704
710
686
666
672
692
720
768
802
754
776
786
736
686
622
646
634
628
648
708
780
758
694
700
722
758
786
812
754
768
774
772
784
720
678
714
746
770
746
704
754
790
824
758
768
804
816
814
752
688
718
718
806
740
714
792
800
812
748
726
766
802
804
748
776
804
798
742
738
766
760
704
738
788
798
770
702
756
786
772
768
708
706
730
732
726
684
722
770
800
776
752
794
800
786
718
652
656
668
690
736
682
702
764
816
802
738
758
752
760
734
660
696
754
790
826
780
654
710
732
752
704
708
750
824
760
734
782
784
776
700
690
734
766
774
786
740
682
700
726
812
816
790
720
750
762
758
726
730
740
778
786
730
694
748
724
674
630
616
624
632
708
726
820
826
824
800
772
716
722
694
748
698
686
742
804
822
880
878
844
886
866
820
770
684
698
744
802
824
800
738
804
822
846
826
782
704
652
656
720
648
704
812
758
784
858
836
748
756
760
796
804
810
694
772
776
788
780
764
682
646
626
660
700
704
664
636
644
638
644
616
678
658
680
720
702
696
706
672
696
702
694
710
690
644
682
738
780
806
710
764
774
810
730
680
718
684
680
662
656
658
640
634
648
692
714
692
702
714
672
638
642
682
672
660
690
726
746
700
716
732
692
638
664
708
708
694
648
606
620
642
734
770
774
822
736
732
734
726
690
670
712
754
780
784
714
702
732
752
784
744
668
694
720
742
768
804
770
746
772
780
776
728
762
770
760
730
714
752
752
806
732
742
752
748
760
704
752
778
788
732
750
770
762
784
688
690
678
658
688
764
818
776
734
758
788
784
784
714
718
734
754
758
728
780
826
816
766
756
782
794
814
774
752
796
806
780
776
796
848
814
798
780
784
776
690
766
748
774
772
784
824
828
778
776
804
814
814
778
768
802
808
808
738
756
794
826
834
804
794
764
774
782
700
682
654
680
656
656
678
746
760
662
688
666
670
692
632
626
614
666
658
632
592
624
600
556
554
638
708
728
712
710
698
684
680
690
726
734
742
728
732
718
744
774
818
832
832
840
838
836
832
812
796
718
648
688
696
690
764
734
732
798
786
714
732
726
706
670
666
630
622
624
622
628
654
690
680
716
710
726
754
676
712
736
748
736
764
776
804
814
816
790
702
758
772
796
802
732
804
774
820
762
754
786
792
786
700
688
626
640
676
752
744
692
696
762
732
676
652
704
678
666
740
718
678
676
680
702
686
636
698
708
732
750
696
650
678
726
766
784
786
724
746
766
758
736
706
760
796
798
704
694
732
636
768
796
824
766
720
814
712
670
650
644
654
614
666
614
622
574
592
560
622
614
646
650
648
634
610
576
712
538
556
588
632
710
766
782
792
776
682
662
632
682
694
766
748
686
644
692
690
642
626
654
682
698
718
754
760
644
788
660
724
718
692
680
690
770
782
784
784
720
692
712
792
814
792
704
724
690
740
672
696
762
788
714
780
788
792
766
708
740
738
754
682
732
768
744
680
716
730
742
690
694
610
682
674
596
614
632
648
648
620
598
602
622
620
696
688
656
658
690
706
722
698
672
596
594
600
650
682
704
692
672
690
788
814
812
770
688
722
738
760
742
768
680
684
692
650
698
738
784
796
790
774
814
766
764
750
802
738
670
688
730
762
712
756
778
720
652
650
716
784
844
812
692
716
680
728
702
672
714
748
738
686
704
722
696
632
700
706
666
676
674
710
726
706
650
682
678
642
714
714
714
660
686
678
698
670
708
768
812
732
738
726
702
656
676
586
584
572
672
634
688
646
640
710
704
690
702
666
620
694
650
730
744
756
748
696
720
754
750
808
780
738
714
666
640
648
676
702
698
686
716
778
692
694
706
684
764
768
730
756
680
678
662
616
616
676
680
698
706
690
784
784
804
816
766
780
774
790
792
780
716
744
756
758
714
746
780
710
674
722
740
724
736
736
814
804
804
724
722
718
716
698
728
748
712
738
746
776
750
622
676
654
682
726
782
846
810
794
744
744
650
640
550
596
588
614
662
702
690
732
760
758
764
712
670
660
748
780
758
762
800
754
696
718
752
782
684
738
762
802
790
790
758
772
752
728
736
728
724
678
710
770
798
826
804
824
822
752
732
766
690
742
736
754
784
706
680
724
772
742
750
812
812
758
684
670
692
710
736
706
702
672
670
658
670
712
718
678
718
758
740
704
750
770
712
746
818
842
864
794
752
762
776
764
712
750
788
806
806
746
788
784
800
788
740
774
796
806
774
742
822
810
774
664
728
732
748
730
674
742
780
794
780
738
780
842
814
800
748
730
726
756
780
810
740
768
798
800
782
772
800
798
754
718
756
774
764
760
722
762
780
802
728
742
774
794
798
762
786
796
780
736
670
704
732
800
732
656
692
700
688
642
674
652
658
718
746
752
638
674
700
650
764
776
812
796
774
794
750
826
744
718
760
774
784
714
726
698
732
804
744
690
726
752
794
814
830
732
750
752
822
806
748
700
706
736
748
752
804
670
690
772
618
800
788
746
754
774
774
754
744
760
734
754
704
718
668
664
750
748
728
664
676
694
670
674
678
680
706
716
742
764
724
746
718
748
750
708
716
766
798
806
760
780
810
796
800
778
820
840
818
808
820
820
870
756
820
818
818
710
698
710
694
688
674
758
748
768
718
724
792
730
726
740
700
718
684
636
682
668
660
648
666
664
672
778
778
722
662
688
668
734
642
866
552
692
730
696
666
750
754
770
784
730
738
774
700
702
668
812
862
896
866
780
730
750
776
750
666
628
654
720
700
746
718
790
746
630
728
686
690
752
732
702
756
794
810
800
710
702
642
670
728
804
738
706
838
790
692
698
700
702
676
666
660
674
718
670
670
636
604
694
654
596
588
570
566
568
640
800
668
662
706
680
666
646
632
684
664
648
632
652
668
662
654
664
684
666
648
618
632
688
726
720
790
792
850
720
692
674
668
678
736
704
678
674
662
642
646
638
682
686
720
644
652
630
602
628
634
648
660
704
658
660
698
706
734
636
622
706
728
798
798
782
696
670
706
762
660
756
738
812
756
788
780
782
764
786
688
696
770
820
750
770
846
840
894
746
742
714
800
758
672
712
704
692
672
740
802
816
858
806
836
812
766
670
628
638
648
658
678
690
664
654
674
700
666
690
716
658
648
662
638
632
638
672
752
826
824
782
718
712
768
722
654
652
682
702
710
716
796
810
816
748
716
728
744
776
746
724
728
766
802
838
788
764
786
836
782
726
758
756
740
680
696
720
692
682
584
672
680
696
670
670
688
692
662
638
642
628
644
724
658
632
668
702
748
706
668
692
706
748
762
720
696
784
790
780
742
758
794
784
736
754
822
816
760
750
818
800
728
750
762
786
774
726
768
830
780
742
730
776
798
774
728
800
802
808
788
788
810
824
788
776
794
812
792
742
800
794
760
750
756
758
726
716
758
768
730
738
774
810
754
768
806
800
720
738
774
786
784
698
800
808
758
762
782
864
834
778
742
734
798
740
742
796
798
742
748
784
762
748
714
806
758
740
738
804
750
786
796
758
690
684
740
744
750
730
676
660
668
724
716
740
754
800
776
694
716
754
740
704
730
732
740
732
724
714
782
784
818
732
760
754
736
666
696
722
740
652
636
688
652
694
732
756
694
700
676
682
698
660
650
686
754
780
738
764
800
812
746
780
794
818
778
740
738
692
704
778
822
784
722
738
790
816
770
724
768
802
754
740
792
818
786
736
774
796
790
750
722
804
802
720
700
722
722
738
688
716
750
760
740
766
818
794
730
726
770
760
708
710
702
658
678
686
684
694
772
858
836
766
802
824
786
726
764
812
826
784
738
780
828
796
786
722
772
730
688
688
748
712
726
802
848
776
724
806
802
714
682
736
786
754
696
722
804
854
748
686
688
674
700
650
690
680
660
694
732
790
740
768
826
824
756
724
752
780
804
794
794
794
844
754
696
784
784
734
676
684
708
708
708
640
682
682
728
778
754
810
822
782
688
682
674
700
672
630
724
746
796
802
746
756
760
692
694
710
786
802
706
654
652
598
574
548
564
582
598
646
684
692
666
654
696
714
750
696
680
726
726
668
646
690
742
784
774
698
704
722
726
714
674
660
758
750
754
820
844
818
790
818
820
802
758
788
794
794
746
794
804
832
826
818
806
786
780
730
690
700
720
738
736
816
866
816
766
710
716
692
640
630
622
644
652
674
618
588
568
664
548
556
554
554
568
562
572
582
572
596
598
584
564
584
598
620
644
656
648
674
610
616
600
616
634
648
658
706
704
664
738
746
722
666
688
692
672
636
658
624
638
636
680
780
816
806
754
692
764
754
766
690
630
612
604
614
812
806
808
782
694
610
604
822
586
516
838
852
808
772
702
682
716
740
818
836
808
726
666
708
684
662
650
714
758
816
862
884
868
862
846
736
684
662
676
698
748
758
800
816
810
852
844
902
846
834
852
846
792
782
800
768
698
732
762
758
666
716
746
798
838
808
760
722
800
766
734
754
788
782
848
750
736
766
770
782
726
762
814
852
792
782
824
784
724
736
724
712
700
706
700
698
678
704
676
668
702
720
672
710
694
698
710
670
648
716
722
650
636
666
634
628
640
640
680
680
688
706
676
684
690
710
652
702
654
640
656
640
636
626
708
686
658
694
684
680
712
814
802
808
862
788
754
690
694
762
726
724
812
828
774
818
764
778
838
818
818
806
840
862
862
876
738
754
744
714
710
660
728
804
792
788
826
842
736
758
722
756
738
752
738
832
828
786
824
812
860
748
772
764
674
706
728
628
1000
828
828
828
658
968
816
832
758
684
690
696
726
664
724
680
694
748
694
684
692
700
762
700
694
772
752
728
742
700
768
762
774
740
786
802
788
742
798
808
790
794
808
800
796
802
844
852
822
784
752
782
806
808
820
820
856
834
858
840
820
800
688
630
630
600
554
598
594
668
794
838
782
850
854
872
818
816
806
812
832
754
746
760
782
750
774
784
776
814
730
766
850
844
890
848
770
818
768
782
758
728
754
816
804
764
744
762
826
754
696
762
548
798
772
784
804
800
836
746
762
776
824
808
774
868
854
816
742
802
800
776
778
844
840
816
774
802
846
776
722
680
754
834
858
778
812
784
762
718
688
690
676
624
646
684
688
702
740
752
712
696
722
628
658
646
662
644
700
734
768
778
730
646
662
550
666
654
666
628
622
670
766
708
714
842
790
794
766
768
762
756
722
736
722
768
782
752
790
798
836
768
738
798
844
824
776
792
764
776
718
752
770
754
768
772
584
676
724
776
848
834
884
844
814
840
838
822
838
788
798
824
798
762
790
818
754
712
684
756
740
770
778
824
838
808
780
834
820
710
680
714
734
688
706
680
784
776
724
808
832
786
794
780
778
734
680
718
734
728
730
726
722
700
702
760
792
826
814
850
794
818
816
786
764
726
722
756
712
722
738
628
738
706
756
758
822
758
750
840
816
834
794
870
864
850
820
814
858
826
730
736
776
850
792
708
812
816
806
722
670
690
662
716
634
644
590
614
778
836
834
850
840
812
810
772
820
780
772
738
718
812
832
828
836
824
806
682
642
626
664
532
522
804
594
534
554
588
622
592
638
696
742
762
740
800
780
770
696
626
628
628
586
618
676
614
572
588
560
606
610
624
646
600
780
804
834
828
802
782
704
908
716
676
714
704
770
718
744
794
780
762
688
704
740
714
658
606
668
644
642
686
704
696
672
682
700
700
636
720
710
666
612
594
596
598
594
584
614
758
766
758
716
654
624
634
642
648
674
662
708
750
696
716
672
694
600
662
652
610
606
662
754
782
630
944
740
656
622
638
614
602
800
828
774
700
678
656
664
690
770
656
648
686
722
764
748
766
808
796
792
756
780
800
780
776
812
864
824
768
832
842
836
766
812
750
736
684
638
658
666
660
756
628
610
692
684
836
826
866
738
726
714
604
680
674
746
804
808
760
780
828
768
836
806
770
734
734
776
712
730
702
750
752
740
792
784
788
736
698
688
726
714
718
710
706
716
726
796
776
780
804
814
756
648
762
726
692
686
706
776
786
808
836
842
824
732
750
756
712
754
768
814
806
814
824
822
822
792
746
776
746
746
734
704
756
794
822
758
728
766
738
668
706
748
760
744
816
824
824
844
724
818
744
686
638
642
640
662
658
756
720
576
650
626
602
598
578
608
586
584
574
618
592
586
568
646
608
566
588
620
598
588
566
552
510
578
660
698
714
732
732
706
672
698
644
684
656
668
662
634
668
732
746
748
652
622
666
670
660
632
626
634
640
664
632
630
674
662
656
662
652
742
804
802
860
808
782
780
770
708
658
696
734
754
748
698
634
654
644
640
720
708
658
644
676
680
676
660
640
690
698
734
768
832
804
778
744
680
674
656
616
692
730
762
738
770
770
744
710
640
690
714
736
710
736
856
850
848
782
790
788
800
794
742
766
800
830
802
608
678
698
808
756
754
762
784
736
712
794
800
792
704
758
716
644
696
666
676
638
682
718
734
742
702
678
722
718
700
670
730
810
854
866
854
866
872
838
728
674
682
694
718
702
664
658
662
654
750
762
724
786
796
744
732
762
768
760
710
676
690
708
750
760
752
798
818
778
758
784
776
760
718
748
752
710
672
666
694
700
654
632
640
620
638
710
774
810
800
678
694
674
682
656
626
628
662
696
708
720
688
646
642
650
676
686
716
736
746
724
652
614
604
626
644
682
724
746
696
710
678
656
640
652
696
744
760
760
748
748
752
748
718
696
736
748
750
828
790
744
764
806
832
850
844
798
846
856
814
740
668
628
618
662
772
850
820
790
782
768
724
670
658
664
656
680
648
692
778
800
742
674
686
666
676
738
800
798
742
764
780
800
750
672
640
674
698
714
740
746
738
708
722
772
784
738
764
774
736
684
682
692
750
774
770
714
670
692
740
798
814
786
724
658
696
698
712
696
682
748
776
700
660
636
692
818
848
840
856
876
890
884
852
868
862
850
774
704
772
796
802
752
806
866
860
776
774
786
784
746
764
846
876
846
864
870
860
778
700
750
752
758
764
854
892
878
836
856
852
830
790
786
752
792
798
882
852
830
852
838
778
774
780
830
728
714
630
570
678
742
784
786
768
704
664
652
658
690
746
778
790
806
730
662
704
644
684
636
616
612
610
592
576
604
582
594
602
618
624
594
598
612
598
594
590
600
582
628
582
606
560
568
574
586
588
604
628
646
688
712
710
652
640
636
632
624
646
636
694
658
654
732
716
690
682
672
660
662
606
638
660
702
732
724
724
736
764
734
736
702
710
718
686
658
626
646
626
564
588
598
606
674
766
# end time: 2014-03-18-12:56:47, 1395161807.13
