# R wave intervals in milliseconds per line
# start time: 2014-04-07-11:39:07, 1396885147.41
700
670
662
636
740
610
662
660
866
644
656
700
652
648
646
668
686
600
636
644
624
626
628
616
600
656
668
694
688
664
656
662
708
654
698
622
676
636
664
670
658
634
646
660
698
678
566
636
656
672
670
624
634
644
656
690
646
678
692
688
686
714
666
688
716
734
750
756
690
750
732
744
748
694
748
736
738
696
620
662
700
686
700
684
662
696
720
738
726
670
688
706
674
680
620
616
608
594
614
648
648
684
718
736
728
702
666
668
694
690
694
690
618
644
650
668
698
634
642
626
622
710
620
620
642
638
646
654
674
706
720
716
710
684
656
628
616
620
634
654
658
650
672
670
654
642
684
758
782
690
680
684
696
694
696
674
688
682
698
706
706
668
666
688
704
710
680
620
620
664
632
632
640
658
656
638
674
622
644
596
580
614
632
670
654
662
694
726
718
704
674
626
626
634
640
658
656
642
674
712
740
712
660
688
710
708
696
648
620
616
628
646
608
622
626
640
642
630
652
684
698
646
672
682
688
698
666
632
636
658
666
672
696
672
648
654
666
686
658
638
644
644
656
700
732
736
734
680
646
654
664
670
666
630
634
666
686
726
752
740
680
668
692
686
698
702
680
652
634
620
660
686
686
682
642
616
618
610
606
606
634
632
698
730
760
742
720
714
698
682
642
636
652
666
688
674
634
622
630
630
630
672
654
632
648
678
690
728
754
734
718
700
686
648
676
638
646
634
616
596
602
648
714
790
730
672
738
752
754
748
694
622
634
646
654
678
704
702
694
672
646
650
670
694
690
624
654
652
672
690
714
730
722
700
686
686
676
652
620
644
658
712
778
732
706
758
700
672
620
638
664
692
722
694
648
660
678
690
708
696
662
668
702
722
754
742
672
662
688
692
698
662
636
624
642
668
708
764
812
810
736
696
694
742
726
716
738
650
598
616
592
600
622
642
608
594
634
660
688
680
668
698
688
782
788
686
672
744
758
766
844
740
742
722
800
752
704
694
746
742
770
780
680
738
772
754
694
644
728
712
728
724
674
692
726
716
744
744
716
666
672
692
698
720
718
694
738
752
764
766
684
712
710
736
758
674
696
730
710
726
710
660
696
714
742
734
704
712
714
698
664
632
636
644
614
668
734
818
850
852
836
816
762
698
724
712
708
722
668
686
746
860
840
742
712
768
800
818
658
796
728
748
778
760
708
742
774
812
806
790
692
692
734
712
674
650
682
710
682
728
816
842
870
774
780
774
732
720
658
686
682
702
704
674
714
760
856
834
786
682
734
708
800
756
668
700
714
730
720
724
708
700
666
676
668
644
658
706
768
832
844
780
740
756
736
698
686
678
706
724
724
692
736
764
788
722
680
686
690
682
684
616
672
652
660
678
650
622
660
684
700
710
672
662
670
674
666
634
716
692
692
712
664
676
692
704
708
668
658
666
664
684
660
630
658
646
616
644
664
698
710
672
732
708
708
708
668
644
674
708
746
780
756
670
692
690
694
684
658
694
722
746
746
692
700
682
664
632
556
696
582
618
590
610
606
598
592
596
606
602
612
586
582
556
530
590
630
654
650
712
708
728
754
744
738
722
700
692
680
668
656
650
632
654
666
718
746
716
666
650
670
660
668
686
710
706
662
648
662
662
666
668
656
682
722
758
778
718
704
756
692
656
628
662
710
804
852
838
774
780
764
738
712
746
660
644
692
704
742
780
768
694
732
734
736
756
764
746
692
732
732
744
760
704
700
734
738
748
692
692
720
742
758
708
718
748
744
746
688
660
672
684
690
714
692
686
730
732
742
726
710
726
738
744
728
688
708
722
732
710
662
682
716
746
764
722
712
744
754
748
736
690
702
716
710
666
632
656
698
750
784
702
734
752
750
726
686
708
708
688
670
634
658
660
676
704
698
702
742
752
726
684
704
720
718
702
676
696
686
658
630
646
676
702
750
772
718
726
730
716
678
638
664
690
726
758
794
758
740
764
774
764
730
680
694
698
706
710
674
704
730
756
730
674
692
704
656
654
588
644
656
678
724
700
708
704
762
678
664
692
708
720
710
658
676
692
702
716
688
722
740
748
760
748
688
658
686
694
728
776
766
724
686
728
756
770
766
722
668
700
726
738
730
666
662
722
716
738
732
690
724
756
752
748
716
652
674
692
662
640
684
676
692
626
742
742
746
748
704
666
690
676
666
662
616
620
588
596
610
630
680
694
648
710
744
764
788
764
692
678
702
720
694
642
640
640
660
698
692
734
766
786
782
712
708
748
766
780
738
686
736
758
782
738
670
688
716
728
712
660
684
720
758
792
740
726
752
740
730
684
712
714
780
740
718
718
722
726
670
676
696
694
742
684
656
688
698
712
726
690
690
698
690
668
646
684
732
776
794
728
774
760
740
706
658
676
694
702
682
648
680
694
712
710
658
660
688
694
712
728
702
662
682
678
644
610
606
622
630
642
714
778
810
802
750
768
768
758
744
710
676
702
712
712
722
692
680
700
706
704
656
686
692
700
700
658
654
686
698
710
668
654
674
670
680
682
648
630
650
674
732
770
730
792
854
840
770
690
714
700
700
666
680
712
728
740
700
690
728
750
754
750
696
682
716
706
688
652
638
672
684
708
688
660
702
718
720
690
662
690
694
678
648
634
666
692
676
660
648
660
670
702
678
660
716
756
764
758
734
676
708
742
734
740
708
652
692
708
730
728
686
710
742
760
724
664
704
714
714
720
666
652
676
700
724
708
674
706
732
754
728
666
710
708
698
758
704
666
704
720
736
690
670
704
726
714
662
658
674
682
688
698
658
654
674
688
698
674
658
690
710
720
728
688
656
686
688
708
706
670
690
716
738
736
702
658
682
686
686
666
634
662
680
710
708
670
696
716
716
718
674
668
696
686
696
656
618
596
554
650
680
686
702
714
678
644
640
650
656
658
672
672
656
670
686
696
712
730
726
710
690
694
692
696
702
704
676
688
720
708
660
628
640
658
676
704
688
636
638
660
656
644
634
642
646
640
620
634
652
676
710
746
714
672
704
720
722
730
688
644
664
670
676
670
644
678
708
732
750
694
654
690
694
700
708
684
652
682
696
708
726
716
658
674
694
698
708
664
664
698
712
720
704
658
676
698
700
700
674
634
626
638
654
670
686
656
650
678
692
714
734
712
664
674
688
686
696
664
656
684
706
718
686
652
686
696
696
698
672
654
684
690
704
714
678
718
730
742
732
688
662
680
688
672
634
646
660
670
686
672
648
672
688
694
698
680
638
654
660
670
658
654
646
670
666
632
630
636
650
670
698
698
656
630
684
682
658
644
654
692
646
644
652
644
614
612
622
634
654
690
698
648
626
646
648
652
636
660
664
676
666
648
650
676
690
648
650
684
688
704
752
684
622
602
608
616
628
666
684
648
650
678
690
698
698
672
668
696
702
702
674
632
640
668
690
726
688
670
676
666
722
748
768
740
676
710
720
714
694
650
642
654
672
692
720
680
692
740
762
744
684
638
654
676
688
706
676
666
706
732
746
738
660
698
688
698
726
726
676
678
694
684
674
634
656
674
670
664
640
658
640
666
678
694
674
646
676
668
636
652
668
680
670
652
662
684
696
702
688
652
676
692
692
658
690
722
750
742
688
672
684
690
696
694
652
650
678
690
672
722
752
742
690
738
750
752
680
724
722
732
692
674
714
730
666
644
640
634
630
642
632
678
756
758
798
678
660
690
692
694
676
638
652
666
674
644
618
642
662
674
742
726
686
652
670
674
674
680
668
634
706
704
706
712
664
610
632
620
620
626
636
626
602
606
604
580
592
608
612
608
624
638
648
652
658
668
676
678
658
610
622
630
644
666
666
646
716
766
786
728
658
608
588
572
642
706
798
832
824
836
842
826
774
716
690
690
666
614
600
612
604
604
622
674
722
744
780
724
700
704
696
672
624
612
614
642
674
702
784
858
860
858
804
706
708
698
698
694
696
650
654
678
680
698
666
616
614
618
626
592
602
578
584
594
590
588
594
582
592
608
622
622
600
600
602
632
650
668
678
646
648
662
652
626
612
618
634
610
572
582
606
594
586
582
570
566
566
572
582
572
580
576
570
568
582
596
606
618
620
598
608
634
664
686
656
666
694
700
646
634
644
658
632
598
608
626
646
668
686
656
656
656
652
620
606
586
612
654
692
738
702
666
728
712
704
676
656
688
712
720
734
680
686
698
710
678
630
620
616
616
632
644
664
650
640
634
628
626
610
602
604
588
588
590
586
596
596
612
620
620
616
606
620
620
630
636
622
622
636
662
678
684
682
630
622
632
652
682
674
642
656
664
660
644
630
596
598
606
614
630
624
648
672
692
686
638
660
676
684
628
604
646
646
668
648
700
742
758
732
700
724
728
684
636
618
640
660
660
642
626
654
676
700
732
738
696
682
704
704
714
708
680
678
692
694
708
698
680
706
714
714
672
674
692
700
700
670
650
682
694
702
676
642
662
676
678
650
638
666
684
712
676
668
696
708
706
654
654
670
678
680
670
636
646
666
680
708
690
698
718
728
734
694
658
676
672
670
646
634
658
682
706
688
654
680
700
714
694
654
644
658
664
654
634
658
688
702
696
688
724
724
720
688
646
660
668
684
682
660
682
704
694
648
646
654
664
674
648
660
668
678
688
666
680
702
714
688
658
638
662
664
662
644
624
614
620
632
590
630
540
590
614
560
582
560
566
558
544
538
550
542
516
506
516
508
510
506
526
542
544
536
534
538
564
590
640
656
700
628
620
630
622
620
620
600
588
598
604
614
638
630
610
636
662
692
668
628
660
668
680
638
616
640
652
636
612
626
646
648
638
614
620
628
640
620
632
658
690
680
634
644
668
674
638
612
636
658
678
650
642
660
696
670
674
686
704
700
662
678
678
658
638
606
622
654
686
680
676
692
690
674
626
640
664
690
716
702
704
730
742
742
698
692
690
700
690
652
656
686
718
728
730
684
690
702
698
678
660
692
702
698
696
670
688
692
712
730
708
712
740
742
718
680
662
680
686
694
668
684
736
700
656
646
668
688
700
680
674
714
732
736
694
666
668
608
604
606
598
590
574
574
566
548
574
612
680
694
682
760
754
768
764
754
762
744
698
636
628
618
616
658
684
734
664
708
742
760
752
708
736
760
752
748
684
694
708
712
702
728
770
792
760
702
778
770
790
786
716
716
738
754
776
760
762
766
762
752
696
682
712
710
774
748
742
768
738
706
664
692
734
762
764
728
664
672
670
680
696
690
694
736
746
748
726
756
762
740
682
670
686
686
654
660
704
734
734
700
710
690
668
634
624
642
652
660
692
696
744
776
756
778
800
796
780
738
698
710
716
736
732
690
710
730
756
730
710
730
728
674
626
650
656
664
654
650
702
720
724
702
688
706
706
698
664
684
686
664
628
634
666
692
712
696
664
628
662
676
682
660
620
622
638
670
696
722
700
650
658
664
660
646
598
636
620
604
600
590
586
570
570
614
710
764
784
784
774
768
724
646
640
656
674
728
754
690
658
700
740
770
776
722
746
760
754
722
684
710
718
722
698
726
750
764
724
712
694
686
656
638
662
670
684
674
648
666
700
732
730
722
760
760
750
706
682
678
680
688
648
662
678
690
678
664
700
718
732
698
684
710
710
700
664
652
670
670
648
652
682
706
674
672
662
648
644
654
680
678
674
702
708
704
656
640
664
694
710
724
688
702
708
692
666
668
670
660
658
646
662
710
748
772
736
750
750
748
706
660
676
684
692
668
698
720
758
732
732
752
746
722
676
680
690
690
688
664
686
704
714
684
660
694
700
710
690
684
692
690
666
668
692
696
692
696
728
748
724
698
726
738
736
688
684
694
696
664
628
636
648
678
696
654
610
636
686
664
716
714
730
686
720
634
634
678
626
600
596
594
596
606
630
674
714
744
746
734
694
686
718
718
702
686
674
664
642
628
630
644
666
676
688
660
648
666
648
636
604
634
598
608
618
626
628
630
612
610
620
614
614
598
574
588
572
576
572
566
578
600
624
666
646
632
636
656
692
682
646
680
674
634
648
644
636
664
700
712
714
678
676
678
674
642
626
652
662
648
624
658
678
682
644
644
676
680
638
632
670
670
638
666
692
684
686
658
688
688
644
630
662
664
672
642
646
690
704
696
654
680
710
718
692
652
672
692
688
660
624
630
662
666
672
640
618
630
622
620
616
606
638
668
688
674
710
710
732
744
698
658
692
686
698
706
714
742
712
646
626
660
684
688
660
668
710
732
694
696
724
726
696
646
642
666
688
718
672
682
726
756
724
684
732
732
702
654
678
696
702
670
696
738
732
680
646
652
676
662
632
632
666
676
652
670
706
720
724
694
672
696
700
688
656
640
658
658
650
694
732
768
716
730
754
750
684
674
696
706
692
656
664
666
654
624
636
662
686
704
674
672
690
696
676
646
670
682
692
638
628
652
654
666
642
626
636
636
666
708
700
692
732
730
702
666
688
700
698
690
676
646
634
632
694
690
694
674
720
740
724
674
686
688
662
644
670
698
720
680
742
778
794
740
724
722
720
670
632
636
662
692
706
686
740
730
744
772
760
686
668
680
684
656
646
664
690
696
668
672
696
710
678
642
646
676
678
662
668
676
678
636
620
648
664
696
684
678
710
726
714
658
680
692
686
660
654
682
702
724
720
680
718
742
742
726
676
700
718
722
702
672
710
712
662
638
678
708
728
710
676
698
714
722
696
650
676
712
736
728
728
754
748
724
668
664
686
696
698
664
682
718
716
702
742
758
762
702
666
684
668
654
708
768
808
744
696
688
680
670
634
648
676
704
668
664
702
714
720
712
660
640
642
644
626
632
636
626
650
690
694
720
764
776
714
676
704
708
710
662
648
682
700
704
668
676
718
734
714
666
662
702
706
710
676
670
694
700
672
644
682
706
716
678
660
698
682
670
638
638
666
676
652
644
676
682
682
672
640
664
678
674
648
646
680
694
682
672
704
698
678
658
680
688
680
652
666
696
712
688
646
718
708
716
674
652
686
694
692
662
660
704
728
706
672
702
718
702
672
686
710
710
686
662
690
700
692
660
640
654
620
582
602
610
618
638
626
618
640
654
670
634
626
630
652
654
654
640
678
682
662
638
646
682
700
686
654
652
666
694
660
658
670
676
638
644
668
672
642
656
684
696
652
632
664
672
688
656
652
676
710
708
680
698
728
728
682
666
710
734
698
680
728
730
684
700
734
714
672
666
710
742
700
680
706
738
708
676
720
734
678
668
670
670
666
686
706
746
744
700
700
728
732
696
648
634
646
654
662
638
636
678
696
714
674
656
686
682
690
692
666
668
694
712
736
714
764
752
708
656
658
672
684
692
678
646
656
674
692
670
640
660
686
692
668
664
694
716
688
652
678
688
662
630
630
650
658
646
648
688
718
686
680
724
726
684
652
680
682
658
630
664
670
658
652
694
714
726
694
672
672
664
680
692
678
650
674
690
690
638
652
666
680
668
644
652
672
660
630
628
620
658
694
728
776
718
714
732
728
718
672
668
702
702
700
638
692
706
712
680
672
684
682
656
672
692
714
712
678
708
748
772
750
698
708
716
704
672
648
666
698
688
662
700
756
804
754
736
754
728
686
654
680
688
708
684
662
682
690
668
684
706
772
766
708
732
734
696
640
648
670
690
704
682
696
702
720
736
730
690
690
712
714
684
632
684
684
712
740
698
728
750
738
676
646
660
660
622
598
600
602
612
604
640
704
716
694
732
752
746
682
686
696
698
684
644
662
688
714
714
674
700
730
730
672
684
698
694
658
638
668
676
640
624
652
664
638
630
666
690
714
674
640
656
664
670
648
628
646
660
660
632
632
656
690
664
640
660
670
662
624
602
600
650
614
598
610
628
626
610
594
674
632
652
692
716
754
668
634
642
638
596
610
626
632
626
634
674
696
736
698
660
676
662
658
640
632
672
710
732
698
672
712
712
732
716
684
724
734
704
666
688
700
682
670
716
760
784
776
712
720
742
742
718
690
732
754
766
704
664
682
694
678
658
666
708
716
674
646
672
688
694
664
678
718
698
644
662
670
666
644
662
696
724
698
672
704
726
706
652
634
642
636
616
604
586
574
564
630
674
712
716
686
654
648
656
660
648
644
626
622
618
626
634
632
636
646
638
670
704
710
692
656
666
690
702
722
716
686
710
714
692
652
676
706
726
734
688
680
702
696
660
642
658
642
614
584
614
586
602
608
590
580
588
582
596
598
604
576
574
584
578
564
538
546
552
546
556
570
590
614
674
726
784
812
798
748
734
718
714
664
636
646
690
762
824
852
830
780
674
654
642
640
648
652
630
630
614
626
620
606
646
646
634
620
620
602
590
590
590
598
574
576
606
626
636
640
624
580
576
584
608
584
584
562
556
548
552
548
556
554
558
560
552
552
554
568
582
606
636
648
640
608
632
652
664
666
634
666
704
724
740
752
684
704
712
720
706
664
636
650
684
718
746
724
684
676
690
692
668
644
676
698
716
692
686
708
714
688
626
604
666
# end time: 2014-04-07-12:21:56, 1396887716.66
