# R wave intervals in milliseconds per line
# start time: 2014-03-16-00:46:10, 1394945170.59
720
682
636
608
678
676
696
782
770
828
798
722
690
624
660
656
672
732
784
830
894
838
832
850
770
816
786
806
806
774
810
802
782
754
736
700
766
756
748
728
718
812
748
664
690
724
716
734
618
694
704
712
786
706
676
720
748
706
686
614
688
690
704
732
730
694
674
704
636
664
632
650
706
676
702
750
796
798
738
730
740
808
756
706
730
756
770
748
726
780
794
788
764
696
686
754
762
722
734
768
778
812
728
776
806
816
792
770
742
744
700
672
694
716
766
772
740
794
784
846
778
702
690
674
702
634
626
660
692
716
694
662
640
640
584
702
926
882
854
906
860
844
798
802
800
824
836
826
790
766
738
700
660
660
680
704
742
758
772
692
672
672
686
752
758
764
734
686
656
612
604
594
584
578
578
636
640
658
654
654
646
644
660
682
690
718
750
758
768
742
706
660
648
670
698
718
742
734
738
754
734
724
674
666
690
718
746
740
784
836
874
892
848
750
784
776
708
654
682
704
762
746
720
774
796
798
752
708
736
736
726
700
720
756
760
738
700
736
742
708
762
776
786
764
732
758
778
770
780
796
734
728
754
768
778
752
728
780
778
742
742
780
792
758
698
702
688
668
620
608
620
638
672
682
672
684
726
740
680
672
706
730
724
694
700
712
744
746
734
678
658
642
622
618
598
648
654
642
692
728
760
778
780
738
662
644
654
682
716
734
702
754
766
822
742
716
746
764
770
740
702
736
772
782
776
712
724
752
788
804
760
768
770
732
662
670
664
662
680
776
732
704
754
798
790
782
712
740
716
720
734
764
770
774
730
668
668
670
636
618
614
618
624
632
650
650
694
744
742
750
714
662
654
652
658
672
692
708
744
780
800
772
746
752
794
718
676
670
680
754
676
638
716
728
726
728
636
636
648
648
656
694
724
750
748
708
692
708
708
690
722
760
774
724
692
758
742
816
740
704
662
642
670
724
768
854
862
758
718
696
696
766
734
704
752
774
820
846
846
768
758
786
790
790
840
758
786
794
824
814
728
714
746
772
802
764
746
790
796
764
684
708
730
758
792
766
716
816
794
808
744
732
748
790
818
806
796
696
726
718
740
702
672
712
768
806
744
674
720
744
774
798
772
750
762
808
778
764
736
710
728
718
700
676
732
794
832
852
828
768
784
782
786
788
720
782
788
776
714
658
682
706
736
722
684
746
766
780
736
738
782
804
800
756
756
754
750
714
668
716
748
766
740
690
750
754
774
772
736
732
742
738
686
632
632
658
698
738
718
682
688
708
658
650
652
706
654
640
648
656
670
688
686
678
652
650
656
652
582
628
640
608
632
636
646
626
640
638
620
630
640
636
642
652
682
704
702
704
720
694
714
730
722
704
692
712
716
708
672
700
698
694
668
724
740
762
740
726
724
776
730
684
712
742
764
746
678
678
722
736
756
674
692
712
744
768
748
714
738
740
708
760
776
764
700
646
694
702
712
738
736
728
732
736
698
704
688
676
664
674
702
740
716
746
762
756
656
668
634
652
674
640
632
628
632
664
670
696
706
704
680
728
708
590
616
614
600
600
638
752
820
872
848
794
848
864
872
844
788
810
832
828
758
754
832
816
728
736
776
796
798
718
734
778
792
760
760
794
794
742
726
780
746
670
648
700
668
644
622
640
672
710
772
698
762
790
770
732
766
784
778
714
728
800
810
796
782
806
822
822
764
782
802
810
806
790
816
830
792
772
798
818
806
750
780
820
838
794
780
814
842
846
800
814
812
756
712
696
738
656
644
680
734
740
696
744
764
750
732
740
764
768
700
758
758
766
768
724
760
766
786
720
704
698
720
752
720
718
762
796
744
750
784
796
732
716
650
650
588
638
632
640
638
664
652
620
636
628
618
624
606
596
596
578
572
570
596
580
600
628
672
760
734
720
644
664
682
692
656
692
718
762
812
798
736
748
784
784
734
720
778
834
816
726
724
784
814
826
752
760
766
832
676
806
812
824
836
778
766
806
852
862
832
802
860
846
762
818
822
814
796
806
838
848
780
774
816
836
816
786
844
856
836
734
794
776
750
742
716
782
820
800
798
854
866
846
800
798
830
804
768
802
814
764
728
710
700
710
714
682
728
822
828
766
764
822
824
852
778
810
856
752
758
778
828
810
730
744
774
832
794
822
898
898
832
784
822
790
706
704
732
762
726
704
730
796
778
722
756
794
808
756
768
806
818
820
742
812
820
822
760
748
800
836
804
790
826
828
766
696
756
734
710
708
802
814
730
778
820
824
766
832
840
818
750
824
840
798
740
766
834
796
736
764
794
780
726
762
788
756
686
722
760
798
746
732
720
802
720
680
738
780
750
686
746
754
760
698
792
816
834
770
730
692
682
646
634
626
642
622
692
770
818
832
834
778
816
784
782
714
738
774
776
768
746
776
798
784
712
760
748
806
714
688
770
778
744
774
868
882
804
808
810
796
716
768
796
740
782
832
842
764
760
808
758
688
730
814
804
766
822
832
812
756
770
762
774
706
752
780
732
702
784
772
714
780
810
808
734
750
764
772
718
692
762
756
778
708
810
838
822
762
824
810
738
708
718
692
636
626
652
716
668
690
726
710
676
738
752
780
760
692
732
754
746
688
712
712
726
740
714
800
844
842
812
772
780
808
744
688
702
762
740
740
756
740
754
672
664
680
622
608
620
618
614
618
638
668
656
696
696
728
660
650
702
708
696
698
722
726
774
690
714
742
766
702
680
714
742
708
678
744
784
752
712
740
752
724
738
764
832
808
762
800
824
782
730
770
742
744
744
748
714
722
766
782
756
716
762
738
682
660
720
792
838
824
884
908
890
792
708
784
760
726
692
706
718
750
742
708
778
778
740
742
816
820
768
770
792
748
748
758
780
698
716
748
796
728
772
762
778
724
714
746
784
800
774
778
880
854
802
760
800
792
732
732
722
778
748
712
738
758
710
696
778
776
788
700
720
806
788
712
680
706
748
734
690
658
710
730
768
674
764
730
768
726
774
698
708
702
772
776
752
746
784
800
776
732
838
856
862
808
816
856
838
794
752
784
820
844
794
702
764
746
710
720
778
804
822
766
772
782
830
744
728
752
822
804
758
792
750
684
706
678
694
668
710
752
822
736
742
776
788
724
712
646
710
718
690
680
726
782
802
774
816
844
814
716
670
720
690
656
652
702
734
720
658
704
722
716
672
678
696
714
724
716
722
740
696
672
700
752
734
678
736
772
806
808
734
744
804
794
750
738
752
756
746
718
764
796
752
718
750
788
760
766
792
810
810
790
714
782
794
806
802
788
840
848
782
732
778
812
806
764
824
852
812
744
780
808
846
794
784
812
844
782
732
810
818
778
726
686
864
812
730
776
790
796
732
730
798
838
774
782
776
734
744
822
804
814
780
718
750
764
766
732
748
812
792
742
742
776
760
718
722
768
786
726
688
726
754
748
682
680
712
722
702
684
728
764
794
796
798
826
806
744
686
694
704
668
650
596
630
652
624
606
596
610
614
618
612
602
608
584
572
574
580
600
614
608
608
580
582
594
616
622
616
662
638
696
766
808
806
848
792
818
512
812
764
742
682
708
738
752
684
672
706
772
770
750
660
678
738
808
850
796
792
836
788
740
778
794
806
754
726
720
756
758
714
714
772
792
864
816
810
818
814
792
736
762
790
806
728
800
796
820
760
726
806
820
820
776
812
792
722
670
732
720
720
700
736
756
772
724
678
704
718
776
750
756
818
838
782
778
830
826
832
774
800
768
794
762
746
810
836
866
826
784
796
524
622
732
674
754
788
824
776
848
852
816
774
788
782
776
804
806
836
814
880
808
768
828
794
798
770
824
856
820
822
708
720
742
736
748
696
726
804
772
748
776
842
528
816
780
792
788
788
736
686
718
766
800
760
794
776
834
732
712
638
684
728
740
802
886
872
898
794
814
834
796
830
768
768
778
776
794
788
826
850
854
778
844
830
824
778
726
752
768
796
760
800
834
834
784
736
806
778
698
676
692
740
784
766
820
854
830
840
818
842
874
838
820
866
852
832
850
842
848
836
798
810
702
698
706
674
702
732
842
836
810
868
852
792
778
802
786
770
754
802
862
874
830
836
836
752
708
816
834
818
784
812
874
852
818
868
810
794
714
722
718
742
680
702
710
770
838
784
818
810
878
802
778
752
814
784
748
836
856
868
818
804
770
752
688
750
754
826
768
726
774
796
772
738
682
706
714
794
806
792
822
838
770
830
826
818
816
820
620
552
850
848
784
738
786
792
754
736
746
776
846
818
764
776
792
812
816
780
812
834
842
792
748
688
694
686
708
702
688
724
760
776
708
660
646
630
672
616
620
652
738
814
836
780
762
774
778
786
734
766
742
728
690
714
778
824
854
808
816
736
748
778
776
754
704
764
796
796
774
742
768
794
796
734
770
768
760
756
688
714
794
812
628
884
760
782
792
774
722
806
792
738
682
696
712
742
776
760
808
814
816
754
762
768
762
748
720
726
738
716
724
740
768
742
712
784
786
792
740
736
698
702
718
742
802
778
756
666
708
696
726
752
724
718
774
750
734
716
730
814
800
812
738
786
808
808
818
728
800
788
868
822
798
836
802
826
782
792
794
798
774
806
824
756
782
800
818
768
720
804
784
686
788
796
794
792
758
824
774
726
732
778
742
684
758
762
750
746
790
826
802
796
722
748
788
832
828
818
830
858
810
768
790
828
830
810
768
796
832
852
846
812
810
834
834
846
798
834
838
844
824
800
738
792
796
792
762
840
846
832
740
792
762
758
730
742
780
816
780
764
770
754
744
672
702
716
720
678
668
660
674
712
698
736
752
788
792
756
704
696
760
764
734
768
780
762
690
734
756
794
818
796
770
768
722
732
756
512
676
760
828
830
830
796
852
818
800
734
744
774
768
810
744
798
812
640
862
738
742
756
726
740
706
780
614
638
742
584
648
662
682
746
818
830
812
808
806
774
784
740
732
788
774
782
740
860
806
532
622
770
730
768
768
790
714
724
766
776
690
724
700
680
642
636
666
616
662
622
612
634
648
652
636
590
808
638
628
642
636
562
646
562
538
566
548
624
520
526
574
572
576
562
560
572
574
616
666
702
746
782
782
814
834
818
804
782
728
766
688
602
662
662
690
686
722
748
778
794
758
734
796
790
732
722
720
802
752
730
786
806
810
728
742
772
836
772
750
752
748
828
746
750
756
796
814
776
762
802
832
830
812
844
828
770
732
802
770
758
716
768
790
738
738
740
730
670
604
736
718
746
740
716
716
752
762
698
796
774
780
782
682
736
760
780
802
784
824
796
798
798
816
714
654
682
674
688
648
628
666
676
718
762
822
846
852
824
790
796
796
770
754
720
670
668
716
762
802
810
834
774
772
778
786
756
722
778
798
804
772
700
740
738
706
652
702
738
778
718
750
760
832
770
696
672
730
728
734
768
730
762
718
694
694
636
708
604
684
706
748
758
716
714
788
746
802
718
752
758
820
766
740
764
700
772
712
706
722
678
712
756
762
752
732
732
782
704
634
660
726
754
710
726
732
776
788
806
808
760
796
740
776
718
660
686
574
750
818
760
842
852
816
860
800
808
800
732
732
734
760
748
726
678
742
762
726
746
750
798
856
812
778
892
814
766
698
748
758
742
688
646
744
792
818
778
816
826
828
774
736
796
812
774
812
834
846
842
754
706
754
762
712
720
736
780
702
670
720
758
752
720
746
800
710
668
736
754
738
714
714
746
750
690
680
812
780
786
798
770
766
780
770
764
702
724
736
728
678
684
676
756
798
738
738
776
758
744
776
648
710
772
742
660
670
598
574
636
652
640
630
604
646
610
620
594
678
602
600
572
560
590
566
564
552
560
568
582
604
602
600
632
634
648
638
642
638
628
588
614
554
594
600
644
736
778
832
802
802
828
796
748
682
698
742
762
792
764
710
726
716
720
746
736
798
770
726
764
800
780
726
776
770
710
692
722
756
724
716
748
776
728
656
714
668
656
608
618
674
718
754
672
702
728
720
776
702
668
674
688
754
710
750
674
698
778
754
800
766
786
804
766
756
716
722
728
720
682
720
722
718
788
724
652
674
656
616
646
658
674
732
788
830
772
748
690
692
712
712
624
730
680
702
716
736
736
676
696
668
688
670
660
646
686
582
656
604
640
700
760
872
826
824
784
824
826
764
758
764
786
750
686
698
738
742
684
742
790
820
818
754
808
796
726
666
696
790
792
738
742
794
808
822
762
798
814
832
808
762
774
844
850
840
756
782
788
814
836
796
870
854
842
860
846
868
804
842
836
820
864
838
848
814
794
712
736
738
722
708
804
832
790
784
794
850
762
760
760
792
716
694
690
792
794
788
806
830
732
732
744
712
738
728
652
740
600
952
762
704
746
740
794
794
780
718
730
754
750
808
724
688
730
730
816
794
760
780
828
792
850
760
762
780
776
750
684
768
754
762
732
740
774
824
838
820
750
734
794
782
748
740
784
804
770
564
694
636
766
796
718
680
708
702
710
690
626
618
664
650
658
690
690
756
810
774
716
734
716
726
648
660
680
678
662
632
644
616
638
650
640
746
770
788
784
720
780
768
768
770
794
760
782
798
790
788
726
704
692
774
808
780
698
754
808
834
766
768
832
814
734
736
770
790
746
734
780
808
804
754
746
768
772
764
712
750
784
800
786
740
764
756
772
716
740
778
788
712
744
762
782
732
654
660
664
632
602
620
602
620
680
764
810
782
758
778
824
790
762
712
738
740
734
744
682
696
802
814
802
764
794
794
768
690
696
722
804
786
722
742
794
806
782
742
760
728
770
742
688
724
738
814
804
762
758
796
784
842
764
728
758
768
784
794
754
796
790
860
806
754
780
822
824
802
722
752
780
796
786
726
736
762
772
748
690
712
726
684
618
648
636
644
700
726
674
762
774
748
712
656
684
710
738
754
704
724
762
776
742
726
758
752
718
676
696
730
768
768
734
760
794
810
760
720
786
772
772
708
724
754
758
756
704
736
760
778
752
706
748
778
790
792
722
782
774
786
754
734
778
790
786
746
732
750
744
734
680
682
728
750
776
762
764
750
762
654
638
612
650
630
670
716
724
770
814
824
822
752
752
740
734
714
704
750
770
776
790
726
750
758
746
700
682
724
780
804
818
760
778
780
774
766
730
726
744
760
778
744
702
724
746
762
722
676
696
702
794
788
754
744
776
790
790
734
740
732
722
696
676
734
776
800
806
758
794
814
794
766
718
730
790
758
734
686
710
744
762
774
748
736
758
778
788
746
770
784
776
756
700
782
772
782
750
738
790
760
714
662
656
666
672
698
712
676
720
766
718
712
726
718
670
690
702
724
716
678
694
728
754
760
706
768
784
788
748
746
756
762
770
728
718
780
758
756
706
708
726
746
718
702
752
778
780
746
724
748
768
790
754
738
770
790
796
768
702
724
716
678
696
682
712
750
710
682
674
732
754
784
770
730
754
760
744
794
742
756
788
756
800
724
738
824
780
724
784
784
788
722
752
750
758
728
746
764
752
808
720
724
736
758
720
666
668
680
652
624
636
708
782
820
798
714
772
768
732
680
698
722
732
818
794
770
786
836
840
830
800
784
784
808
740
732
778
800
854
764
812
776
758
766
696
742
750
816
752
780
806
808
790
724
804
784
716
744
766
770
740
746
740
816
760
752
706
746
758
736
698
726
748
828
782
770
790
840
796
730
794
792
742
726
792
788
708
724
728
604
912
736
706
738
722
688
696
794
824
810
762
834
826
814
760
776
756
746
738
660
636
690
744
700
720
732
790
832
810
720
722
784
792
804
762
740
822
814
796
804
690
770
746
766
736
776
788
806
778
604
874
788
784
748
764
764
786
752
692
718
756
766
758
726
774
806
786
738
690
768
784
790
730
736
712
766
768
730
744
818
828
790
740
754
764
708
622
716
690
720
700
704
756
792
780
762
794
788
784
736
756
770
772
786
764
730
766
774
842
804
788
774
826
776
698
688
736
720
624
632
652
672
656
690
794
828
838
770
804
790
764
750
728
752
774
778
754
780
812
812
770
798
888
874
832
768
740
778
762
684
708
794
816
802
780
804
776
834
728
740
752
750
676
644
668
684
716
704
692
738
762
784
766
782
790
774
668
658
646
656
650
648
672
710
730
744
694
676
684
726
748
712
670
686
694
630
640
600
574
568
554
680
730
722
656
726
696
662
654
612
612
584
564
590
518
512
548
536
654
544
574
588
590
642
626
606
612
640
620
852
594
568
604
578
582
602
632
632
636
610
636
616
624
658
688
722
670
646
622
622
650
616
588
618
586
596
598
606
596
578
604
592
630
646
626
678
740
794
806
788
832
874
792
732
742
764
766
730
676
702
724
790
758
758
744
770
788
734
680
724
704
702
630
674
708
754
758
716
722
786
770
718
746
778
794
714
688
720
748
774
792
720
760
728
730
776
704
718
766
766
728
722
712
748
756
758
754
748
740
722
666
682
692
732
758
750
728
744
758
744
690
658
676
682
744
696
750
736
750
742
724
724
746
744
744
750
702
724
680
718
662
648
702
746
750
696
688
670
634
698
644
654
650
640
696
642
652
628
620
632
594
602
642
686
724
712
696
722
722
724
758
732
708
720
720
718
704
676
702
710
728
704
690
704
724
744
728
722
742
760
754
702
696
692
702
644
676
692
700
696
664
700
730
738
706
670
694
698
686
690
660
630
612
682
644
638
652
596
596
588
606
594
626
638
600
630
658
666
730
660
744
732
732
700
630
678
680
680
750
702
700
782
770
712
692
752
744
690
602
642
622
642
608
650
628
670
742
816
790
758
582
774
668
680
682
716
714
750
768
670
876
774
776
706
682
570
784
814
820
822
804
808
794
754
672
638
868
714
776
806
758
732
794
754
736
732
718
722
706
640
678
678
706
694
668
700
714
748
660
632
638
672
676
628
610
622
622
622
636
584
594
608
572
596
600
610
616
618
618
612
626
684
600
558
594
592
616
646
722
822
886
848
810
810
814
794
786
722
668
780
838
814
856
784
776
824
790
696
664
642
650
736
718
682
712
710
658
686
706
704
700
684
674
618
666
602
604
610
602
610
602
614
572
596
606
628
636
640
694
694
676
614
688
700
734
728
702
660
706
682
636
622
620
640
668
718
738
748
754
712
730
752
764
772
716
740
720
698
700
630
664
686
674
734
784
778
770
786
758
732
742
690
690
688
758
716
714
746
712
800
714
720
708
768
734
700
744
790
820
786
810
808
786
776
688
650
644
706
696
770
754
698
730
714
688
740
648
662
724
754
772
770
780
776
782
738
776
748
718
744
676
708
684
632
692
704
738
738
746
746
744
754
746
776
742
714
710
764
746
766
730
722
804
812
796
832
784
782
746
748
678
672
734
734
686
688
708
752
762
762
696
730
710
794
796
772
780
752
812
752
718
704
740
694
720
740
746
788
804
810
796
804
820
796
708
718
750
742
736
674
698
710
812
782
758
716
752
742
728
708
738
770
768
826
772
800
780
810
768
750
760
772
758
728
746
768
770
814
738
750
732
782
704
688
756
776
716
692
692
770
708
668
662
694
648
644
634
638
636
626
636
650
656
658
656
652
648
662
664
666
618
642
568
606
534
618
618
632
642
682
728
742
740
750
742
740
704
690
624
648
690
720
804
800
804
794
700
698
660
680
664
786
822
820
780
758
746
708
728
748
750
804
784
776
738
758
744
736
744
694
680
760
780
774
714
692
708
696
664
686
760
802
814
766
792
802
736
672
668
730
744
750
754
786
772
786
708
722
758
742
690
720
738
738
764
704
744
778
742
760
802
812
790
786
798
784
726
652
706
710
718
664
754
778
804
814
764
820
814
808
780
752
752
628
622
558
594
570
602
744
842
846
810
848
862
894
828
738
708
690
698
664
702
746
804
810
800
750
688
694
706
654
706
672
664
700
752
796
804
766
744
766
768
746
694
710
732
760
772
732
722
746
758
770
728
694
746
752
750
716
722
748
766
740
696
756
746
754
708
726
762
774
736
708
736
696
734
666
698
730
744
742
718
752
762
752
714
722
748
768
778
744
720
740
742
732
748
714
762
754
710
656
674
686
692
702
720
680
712
728
752
738
696
716
702
658
636
646
658
660
700
776
814
832
834
834
836
824
778
732
722
768
718
732
738
780
788
806
784
810
822
810
800
744
754
746
694
764
806
836
842
834
746
692
644
650
626
658
692
646
696
730
760
748
690
704
790
774
832
814
774
778
778
758
778
754
778
792
768
742
758
772
752
772
700
738
748
808
774
716
742
792
808
814
782
796
810
790
766
716
726
732
752
758
714
744
756
762
752
792
830
816
798
752
678
686
692
648
612
648
734
716
758
692
736
792
682
704
734
638
618
714
690
652
668
714
740
766
792
716
770
748
772
754
732
734
756
714
774
726
724
792
764
688
680
732
760
720
804
836
870
874
874
840
808
762
738
788
790
810
832
824
822
786
806
728
768
804
842
846
806
714
760
774
776
702
678
738
764
824
816
822
854
856
842
760
780
740
680
616
610
632
720
838
828
818
854
872
850
778
688
712
668
680
694
748
780
788
820
862
860
788
802
810
816
828
788
768
764
736
768
688
704
732
764
788
756
766
826
804
828
784
756
808
784
712
716
654
696
732
756
726
668
680
750
766
730
738
760
774
776
762
764
790
812
824
772
742
800
790
774
696
676
738
756
718
716
784
796
720
832
724
720
710
746
680
698
686
776
710
658
688
716
742
730
676
704
756
740
694
774
778
794
790
784
742
732
732
720
784
750
686
754
774
788
826
752
676
654
732
694
668
696
702
736
802
688
662
684
716
658
670
724
700
708
792
768
730
712
634
686
688
694
704
750
664
712
770
786
764
600
548
824
544
632
734
736
762
756
812
770
794
772
756
730
646
682
682
816
772
830
814
828
870
762
814
784
766
668
652
680
686
688
680
676
716
748
716
658
668
660
620
656
620
628
618
596
626
580
560
590
516
592
622
618
626
642
642
698
726
734
788
768
764
740
708
664
672
674
700
720
736
752
728
712
728
738
840
816
796
748
772
728
654
690
670
616
662
612
868
628
612
690
696
774
746
760
730
718
656
704
666
666
646
626
656
676
684
682
778
778
732
680
678
670
678
752
732
706
696
720
762
788
704
696
684
666
662
658
578
662
642
636
626
622
662
690
698
764
750
720
730
702
746
654
596
640
616
628
716
824
804
756
786
756
738
768
738
758
746
682
682
700
714
750
774
752
724
716
776
736
666
706
726
778
778
818
782
802
792
744
680
668
726
758
742
730
760
756
762
674
724
742
730
708
634
660
650
648
636
596
680
700
858
792
832
802
736
734
722
714
700
690
680
664
730
710
668
666
716
710
724
750
798
774
826
768
702
740
688
630
640
604
698
696
766
702
706
778
792
860
822
798
720
706
678
712
626
612
648
668
732
746
732
768
800
794
772
716
702
694
688
690
672
722
800
810
886
828
844
854
812
742
774
818
828
828
742
762
760
760
818
718
752
786
772
784
688
698
706
724
704
660
738
798
858
822
782
558
668
740
792
770
788
756
682
688
668
718
710
676
# end time: 2014-03-16-01:49:13, 1394948953.49
