# R wave intervals in milliseconds per line
# start time: 2014-06-09-18:49:45, 1402354185.59
# Before doing TRE
586
610
612
610
648
698
728
734
732
720
698
730
686
670
662
652
664
682
686
690
644
666
682
700
668
650
674
678
688
666
626
636
650
654
648
618
632
664
668
686
652
644
658
664
662
646
640
664
666
642
626
648
650
636
616
630
648
626
644
656
664
670
666
628
636
648
646
624
612
636
648
654
618
594
612
632
642
648
612
586
582
524
564
564
546
578
582
618
580
614
598
558
552
546
584
594
600
604
614
590
546
582
566
578
570
568
586
618
516
542
574
580
584
568
544
572
562
554
534
550
574
590
596
588
560
550
590
598
618
632
608
574
588
596
586
646
644
612
626
648
674
692
658
666
692
688
654
614
664
648
658
630
620
628
718
710
672
656
678
664
650
626
610
666
654
624
622
618
702
712
684
698
692
702
678
708
658
646
626
640
616
600
604
632
646
678
684
656
672
678
682
686
680
640
650
660
670
684
668
682
692
694
694
644
614
664
652
664
652
644
660
684
676
682
650
658
664
646
618
632
650
666
684
656
662
668
680
656
626
612
620
628
606
624
614
652
668
674
636
666
684
682
650
656
654
692
640
642
648
654
630
606
620
618
598
676
666
668
674
658
616
620
652
668
696
646
652
666
668
680
640
644
658
662
666
632
622
648
666
680
670
654
676
670
718
664
668
684
684
672
644
638
660
676
680
650
668
696
700
696
638
650
652
662
666
648
672
698
720
716
716
682
684
692
662
646
650
652
676
662
642
666
686
698
668
670
678
676
662
644
654
678
686
684
658
668
674
684
662
622
666
650
652
630
638
670
702
692
684
702
708
714
666
696
684
698
698
668
654
668
680
686
658
672
684
688
676
638
650
654
662
646
626
646
666
682
658
652
680
700
696
702
682
698
702
682
654
664
674
694
682
648
654
664
642
622
620
634
620
604
582
590
608
616
602
588
562
604
594
616
608
612
636
658
660
598
666
616
656
646
634
636
680
672
690
690
664
642
638
680
676
670
640
652
660
682
646
666
694
688
700
650
648
642
652
660
646
624
660
660
656
654
700
734
782
782
734
728
722
700
628
642
630
648
624
666
730
772
794
756
724
738
746
724
728
702
670
696
702
712
668
634
644
606
640
596
614
628
654
714
728
676
654
676
678
694
696
704
686
666
670
694
644
636
624
634
642
618
600
604
626
652
700
742
764
802
760
750
720
698
664
668
684
698
688
662
688
726
752
752
696
718
726
706
722
700
710
704
702
730
734
732
698
688
630
656
630
640
632
632
618
612
688
698
618
714
698
732
744
688
654
682
686
678
746
692
620
664
638
638
630
608
620
608
608
664
676
724
772
760
734
732
722
718
710
692
642
664
638
670
684
700
714
714
720
766
730
684
654
646
660
676
696
686
718
728
788
738
678
732
738
746
746
698
730
746
748
700
698
718
716
676
690
782
786
746
752
770
768
714
698
704
716
688
664
704
722
802
718
714
750
756
764
704
714
730
720
730
684
708
764
764
696
684
704
718
718
696
670
700
716
730
716
718
734
734
714
670
670
684
706
722
704
680
694
720
720
684
680
656
660
642
642
656
618
600
594
600
668
770
838
852
842
830
798
790
748
748
740
674
654
670
664
684
700
700
666
700
700
700
668
636
662
680
690
694
666
688
714
734
728
736
724
746
732
690
708
702
684
684
628
642
660
662
660
634
660
676
700
692
668
674
688
688
656
668
658
708
670
678
664
698
644
646
700
712
698
728
722
750
690
662
648
658
666
650
692
698
742
748
780
712
734
726
726
672
680
696
720
738
696
698
706
730
746
692
702
722
724
730
674
646
658
654
672
662
688
714
812
798
704
720
742
706
694
716
732
706
756
714
762
718
664
622
632
634
576
588
584
592
624
684
744
766
720
736
768
744
736
702
652
660
666
674
708
732
672
714
702
732
698
672
716
730
750
718
718
730
768
736
710
678
688
672
638
620
622
634
618
628
652
688
712
770
732
696
706
712
686
664
690
626
688
694
708
698
732
698
718
748
750
716
658
646
700
708
690
656
678
714
718
696
652
672
668
726
668
666
686
696
678
638
668
678
678
666
662
684
632
610
594
598
616
606
618
608
604
600
618
556
560
580
584
598
616
678
690
720
710
654
620
626
594
588
640
662
688
698
684
634
712
722
716
710
704
636
634
618
642
660
708
752
750
720
732
754
750
730
720
750
778
752
720
748
782
766
768
800
804
776
752
786
798
800
718
682
714
740
768
736
728
810
804
776
728
768
780
782
722
744
770
768
712
686
718
750
748
702
750
782
768
704
730
750
734
714
754
792
786
688
720
712
694
656
632
660
692
732
744
660
714
722
704
640
668
616
656
642
702
682
718
744
744
718
728
740
732
698
686
708
710
714
694
718
758
762
726
708
732
732
702
644
640
644
642
646
612
600
608
600
598
652
650
648
654
700
728
728
708
736
758
742
712
672
692
706
698
642
650
674
708
746
734
688
728
732
730
690
654
698
700
702
728
718
752
782
788
736
688
720
714
706
658
652
672
712
760
732
696
772
762
814
716
698
742
750
762
786
698
706
730
730
706
696
736
746
706
698
734
736
704
628
698
694
666
678
598
646
668
680
738
722
710
770
800
830
756
778
758
692
688
716
736
784
720
800
810
790
744
738
714
718
700
662
654
688
714
736
682
698
670
714
698
666
638
668
666
660
672
682
700
714
688
684
698
686
652
644
696
670
720
702
682
684
716
730
716
686
646
670
682
686
650
662
654
668
684
680
638
664
670
680
654
626
672
666
678
654
640
664
678
686
666
648
682
690
684
632
684
650
630
618
624
624
648
620
648
672
716
676
670
690
698
750
696
652
668
684
682
702
678
706
730
732
684
686
702
712
680
656
694
706
716
682
674
676
746
672
628
602
586
570
626
686
736
766
752
730
766
728
756
766
736
730
684
664
652
668
684
710
724
746
724
696
700
714
722
736
734
716
726
748
740
716
692
692
700
714
694
698
642
622
632
630
646
618
612
634
640
662
620
616
602
616
614
586
582
566
568
604
584
604
614
730
748
784
808
740
750
670
748
672
682
750
684
692
626
632
634
672
682
694
664
614
616
578
638
624
654
684
812
788
780
536
790
742
768
750
730
702
678
688
614
638
644
658
726
786
800
790
814
810
796
742
728
712
788
746
698
672
700
776
796
808
852
826
792
806
770
716
710
780
786
788
726
690
664
732
712
788
822
844
798
802
812
800
508
592
578
610
608
614
634
714
782
824
682
718
720
654
666
692
696
682
622
666
646
654
664
656
664
668
730
710
658
684
666
672
648
666
650
664
738
730
736
686
726
724
698
720
714
734
764
782
736
722
730
722
680
668
694
666
652
652
684
712
704
720
728
792
770
788
764
768
762
738
698
724
754
746
826
762
770
760
730
686
664
650
582
604
534
546
586
628
718
800
802
718
632
674
638
622
638
614
596
668
602
682
628
652
658
644
658
656
600
618
628
590
592
628
614
616
600
618
596
596
640
614
652
616
682
684
670
658
656
646
654
632
568
620
628
666
648
618
638
688
666
722
642
636
636
610
682
632
616
644
664
682
654
626
642
642
662
668
658
654
670
678
# end time: 2014-06-09-19:07:42, 1402355262.3
