# R wave intervals in milliseconds per line
# start time: 2014-04-01-18:15:01, 1396390501.36
642
748
702
708
774
562
590
702
700
672
658
678
632
726
682
748
828
878
904
890
870
858
600
844
668
706
710
746
798
812
776
822
826
914
826
728
736
780
854
914
862
910
830
736
658
610
634
638
598
636
608
608
648
832
894
866
934
944
962
966
936
864
754
766
784
832
784
832
914
920
920
864
806
794
806
812
814
792
796
852
868
936
810
754
702
726
716
698
676
726
762
778
776
842
878
886
816
726
792
836
812
804
806
866
894
902
812
856
862
870
794
768
814
854
836
782
864
882
872
774
826
814
880
766
802
882
850
754
846
856
814
776
800
874
886
792
826
854
824
754
804
526
856
762
816
834
816
732
768
776
784
706
750
780
760
678
734
784
824
756
752
796
848
836
766
798
810
742
704
740
684
722
762
816
846
856
758
690
710
732
686
650
694
752
852
848
750
820
776
794
848
876
832
848
918
810
814
752
928
762
714
714
696
722
682
678
628
602
646
640
644
692
874
902
908
906
954
932
890
880
906
920
920
938
936
940
894
942
942
890
878
950
956
910
896
940
934
846
844
862
856
800
718
728
806
876
922
828
732
778
790
796
764
698
716
538
636
582
702
756
680
638
662
616
558
596
630
680
668
686
672
738
764
778
868
886
944
890
876
924
886
876
910
816
786
826
878
872
850
814
684
684
734
714
818
906
900
932
870
872
824
700
678
718
760
792
814
884
802
782
788
836
824
802
738
718
766
834
840
788
828
860
868
818
740
758
766
802
790
736
750
790
766
734
758
792
836
734
716
742
774
770
698
696
696
696
744
726
738
806
824
812
832
762
778
832
798
802
736
698
688
692
698
732
784
818
828
814
808
840
806
730
762
806
798
804
732
666
728
724
722
744
830
828
790
846
832
838
826
844
868
804
754
702
712
668
724
770
832
854
888
826
782
776
862
922
906
940
868
752
728
766
748
828
876
914
922
878
846
852
618
676
660
696
684
688
678
670
614
646
638
652
606
738
644
832
770
796
810
886
938
928
790
740
692
780
882
942
930
940
848
712
686
730
800
814
764
740
728
712
826
858
848
758
740
760
736
734
702
732
764
688
700
680
684
684
674
696
688
696
660
704
668
656
684
668
688
670
644
642
644
632
682
670
668
704
744
740
704
676
678
674
670
664
674
678
714
714
746
766
826
748
702
702
724
740
748
730
674
746
786
848
842
812
798
826
804
736
810
846
840
780
762
882
864
766
784
816
834
732
804
820
770
806
820
820
882
780
762
800
824
784
708
692
742
786
742
762
826
842
850
754
784
822
766
712
708
728
712
708
792
858
812
810
842
874
776
776
818
832
744
772
794
792
804
738
788
828
722
772
784
866
750
738
760
800
774
704
678
690
700
728
736
742
750
802
836
854
858
782
800
814
872
802
780
802
788
712
662
652
640
646
650
616
650
636
646
706
848
950
962
958
930
866
840
594
624
774
758
756
844
900
880
802
820
836
802
746
762
824
828
772
770
802
780
848
746
766
810
836
776
720
758
812
766
768
810
910
910
898
844
838
882
878
800
786
826
812
832
746
794
842
868
818
728
720
720
718
734
780
730
716
796
864
894
880
794
722
738
772
722
706
764
830
946
890
806
802
832
504
688
756
760
730
678
744
724
752
678
614
640
632
650
608
652
744
830
850
850
862
816
792
944
628
654
672
658
624
568
622
586
584
582
564
624
626
692
714
738
784
844
878
874
864
822
744
718
736
778
818
852
840
842
882
834
806
844
838
828
806
748
768
750
764
718
750
782
860
908
886
802
780
766
752
736
636
728
656
642
640
664
704
620
870
748
806
874
852
928
864
764
808
800
810
774
788
804
870
790
780
762
782
778
780
838
840
898
864
818
564
624
674
676
714
716
704
748
754
766
764
738
706
710
686
654
596
674
590
616
646
752
804
862
902
864
820
816
814
866
858
740
698
752
808
826
818
746
746
744
822
864
926
854
810
856
822
798
812
878
848
796
778
836
850
906
834
856
862
784
838
872
880
818
870
886
866
814
804
774
806
754
796
848
840
738
784
810
808
808
850
570
822
562
984
732
750
722
744
870
874
872
850
848
726
734
778
846
904
904
960
880
830
860
894
882
896
894
896
900
868
844
878
908
882
842
838
830
560
682
730
818
840
886
836
838
828
830
788
870
908
902
868
882
890
894
844
836
884
858
830
900
898
910
858
846
862
844
736
712
732
800
862
872
916
862
814
742
818
844
884
850
844
896
852
808
832
864
784
806
814
856
796
722
746
744
734
796
776
826
870
778
848
852
810
776
842
872
818
754
780
868
880
874
844
888
832
798
814
792
870
828
780
708
796
834
852
914
848
846
838
802
816
862
886
852
804
830
866
834
800
802
566
812
814
888
582
690
932
842
874
844
850
770
806
842
828
826
848
858
828
772
776
792
750
718
630
704
662
708
638
640
682
704
688
692
692
726
714
736
728
660
708
742
772
712
774
820
854
844
776
850
844
856
804
748
816
814
770
746
834
806
860
742
706
710
708
788
820
518
732
704
756
786
766
756
878
886
936
880
880
878
788
730
720
776
810
834
792
790
806
632
872
770
772
854
846
842
844
902
904
826
812
824
856
866
902
876
844
854
874
840
806
818
868
854
618
724
606
870
916
810
866
860
876
866
800
824
840
836
848
918
832
900
894
874
780
826
652
1044
776
846
906
930
836
782
840
826
784
732
754
850
938
940
870
796
850
844
648
606
786
652
552
820
776
536
634
552
856
788
714
792
814
794
910
810
820
838
854
826
854
848
876
830
838
850
866
852
802
722
820
802
832
758
766
790
844
842
776
808
836
780
802
834
854
804
808
832
870
842
798
816
856
728
738
738
828
836
806
780
822
864
838
760
750
786
826
832
770
818
836
840
848
810
822
824
830
778
748
802
746
720
786
834
864
788
798
800
746
676
702
728
830
888
868
788
858
878
854
808
850
896
862
802
812
856
856
796
774
800
820
754
770
826
876
824
796
778
760
768
744
802
820
794
740
744
744
764
828
872
868
786
778
834
862
888
882
820
726
774
792
868
826
828
906
876
820
818
852
848
764
768
796
786
766
772
868
830
772
714
672
714
730
720
712
764
820
852
848
772
752
778
838
836
762
698
712
680
720
762
862
838
840
862
896
816
804
840
816
742
736
746
846
802
748
812
886
896
870
828
762
708
752
776
786
820
774
776
804
824
874
886
886
814
806
798
852
806
766
808
848
862
806
816
860
850
774
736
756
826
826
838
872
872
750
800
804
796
704
670
694
780
756
766
714
716
740
726
682
692
732
786
802
744
754
718
698
710
760
810
# end time: 2014-04-01-18:34:13, 1396391653.68
