# R wave intervals in milliseconds per line
# start time: 2014-02-27-02:53:19, 1393487599.46
604
586
614
628
606
608
624
616
638
634
596
596
596
566
600
594
662
646
642
662
646
702
670
614
644
644
750
772
742
734
732
764
700
648
620
606
598
588
624
654
682
764
732
700
670
678
664
652
660
658
700
642
692
700
696
670
636
616
648
696
770
764
766
770
790
756
740
694
718
736
746
688
664
736
730
686
638
762
750
796
718
668
734
696
752
668
720
736
738
798
704
766
768
792
756
782
752
748
800
722
724
818
820
752
798
806
806
800
750
762
772
764
718
718
766
780
696
674
718
732
688
708
672
700
728
686
688
734
734
766
716
726
730
776
708
718
704
788
760
766
684
684
696
718
722
712
750
794
786
790
706
754
736
704
726
710
748
780
732
730
698
692
658
626
634
648
654
692
704
686
710
734
774
564
924
682
706
700
732
700
664
702
706
744
832
848
804
786
778
836
770
702
742
732
720
656
628
614
680
724
816
876
848
858
868
848
768
748
784
718
692
728
782
820
738
808
776
836
780
746
766
836
816
722
644
694
692
754
728
730
772
814
800
812
746
756
732
618
634
700
748
740
680
680
706
688
742
752
676
720
726
756
774
732
682
682
674
714
744
782
742
678
682
698
750
774
828
750
766
752
796
752
710
726
746
766
770
684
742
756
764
684
700
690
752
780
876
800
752
772
768
806
736
726
694
702
654
698
664
694
850
878
880
862
788
842
818
794
776
680
602
704
670
738
760
808
788
750
794
756
818
740
686
770
794
778
718
786
766
718
764
824
854
830
802
744
740
790
786
766
698
744
734
748
760
710
666
698
708
688
634
684
650
718
666
668
634
684
664
730
722
650
712
638
644
660
662
666
642
640
658
708
820
830
862
788
802
754
778
688
640
646
694
752
860
820
808
820
858
776
828
790
766
720
720
788
780
722
686
646
674
636
632
660
648
702
830
904
916
906
834
806
706
698
726
720
806
732
724
752
734
684
722
758
794
784
758
720
796
708
668
692
704
724
696
682
740
782
802
758
766
812
826
808
788
718
716
766
768
758
756
758
742
846
740
656
700
700
758
766
698
728
700
722
716
654
668
728
734
792
810
730
612
892
730
662
654
652
648
634
674
716
830
824
734
722
750
684
698
650
654
732
758
802
750
760
816
810
754
654
728
720
724
774
716
654
646
634
620
628
650
650
720
654
932
972
894
904
814
798
732
672
628
662
682
738
772
850
840
814
808
772
770
764
770
762
704
682
686
698
678
756
762
740
726
686
666
688
730
700
672
732
702
688
728
680
704
680
650
652
614
576
654
676
664
638
668
666
770
754
736
670
696
688
696
708
690
630
724
728
744
816
768
764
804
766
768
746
742
750
750
702
770
702
716
746
766
716
736
744
674
694
618
648
666
654
632
624
612
660
648
644
656
718
708
664
650
638
672
688
680
672
648
664
682
696
678
714
650
678
696
732
738
762
752
708
642
676
650
644
712
752
790
794
802
822
838
824
798
718
684
734
712
680
670
652
686
690
664
770
760
798
714
748
720
738
680
654
630
652
710
686
738
726
730
758
702
692
742
734
690
664
722
716
714
698
664
660
680
686
708
672
652
616
676
656
712
776
778
824
794
832
718
700
672
668
694
696
692
680
702
732
694
712
728
748
738
726
642
694
684
654
710
710
786
792
744
728
782
752
748
756
596
730
718
664
636
730
766
816
820
802
752
774
718
726
674
690
700
670
682
636
604
624
656
726
770
710
766
766
772
728
720
652
676
676
678
708
722
796
794
760
780
764
830
790
746
712
714
718
726
694
672
662
686
650
714
644
622
688
708
708
732
734
768
778
700
706
716
730
622
794
680
678
714
700
634
626
616
680
688
690
680
734
772
768
734
720
660
732
724
662
708
700
734
744
736
690
646
702
726
754
766
752
740
766
758
752
702
718
724
728
726
690
602
808
716
680
642
672
704
690
758
716
682
704
698
738
662
684
686
676
752
756
728
678
756
748
746
684
684
656
704
680
640
678
710
742
778
784
788
746
736
726
696
712
700
730
740
738
730
746
792
766
596
818
726
678
650
714
744
772
766
716
744
762
760
734
678
674
714
676
658
698
750
788
778
736
734
766
702
664
672
690
726
682
652
718
696
672
602
626
618
632
654
650
620
614
656
648
728
736
722
676
704
704
706
656
660
678
706
726
760
696
720
768
752
736
744
718
738
750
726
670
760
698
782
728
682
742
730
734
690
670
690
770
730
684
728
736
732
730
648
692
712
726
746
682
672
712
746
758
700
700
650
680
686
692
642
632
642
670
724
774
850
814
790
710
670
670
650
672
628
692
726
774
796
794
728
742
796
778
758
742
674
700
698
758
706
696
694
742
778
788
760
668
720
722
702
704
688
706
716
680
636
604
644
658
706
776
716
714
714
772
708
648
670
684
722
724
722
734
756
700
806
722
706
748
776
766
706
724
754
768
762
684
728
742
750
766
718
712
732
740
748
724
722
732
736
732
704
720
762
786
814
782
766
790
762
766
706
744
752
764
732
684
700
734
732
720
652
708
714
700
642
628
622
632
646
688
716
708
688
766
766
772
700
684
760
746
676
700
702
716
802
794
736
764
832
756
706
672
752
774
798
794
740
794
786
774
784
720
736
746
724
662
690
694
710
682
612
682
706
740
762
706
750
764
768
728
712
698
742
706
680
656
700
676
728
674
656
680
668
728
696
686
726
726
786
758
690
680
700
706
734
712
750
762
772
784
736
658
726
726
722
710
640
706
722
754
756
680
650
698
714
706
658
700
716
724
706
656
700
722
730
698
668
712
722
732
672
696
706
724
716
708
626
680
644
636
632
668
694
686
704
782
782
782
742
756
776
750
780
716
682
722
744
748
744
724
760
750
806
746
698
730
730
782
734
670
684
702
690
704
654
712
752
736
666
642
626
650
646
652
708
724
654
736
744
744
740
718
664
700
722
722
686
624
628
646
656
692
722
754
754
658
652
658
712
746
754
700
780
770
768
788
792
786
762
734
726
716
706
688
662
638
648
650
704
766
812
824
762
714
698
704
720
720
664
634
666
684
710
710
716
714
734
714
750
672
718
732
726
726
694
682
704
698
696
650
634
652
730
730
738
672
662
690
712
690
718
778
808
786
776
814
810
754
668
682
706
720
712
712
712
754
762
738
690
734
750
752
700
692
682
692
686
678
664
642
656
658
684
730
704
724
784
780
778
756
670
724
742
730
680
614
638
650
620
594
626
650
678
670
646
716
724
728
688
600
650
608
620
632
640
678
716
718
652
648
650
634
664
654
668
698
666
656
710
686
656
642
676
696
712
640
690
638
652
624
610
550
548
640
658
692
692
674
662
666
660
654
620
602
612
604
616
628
620
614
626
628
632
634
638
594
634
646
678
676
684
706
694
664
624
670
624
624
656
694
720
750
844
802
802
744
732
698
684
668
690
750
762
734
708
750
706
760
722
728
704
728
770
704
696
668
648
686
632
648
694
666
712
642
674
666
652
716
666
618
678
668
670
628
606
672
658
672
656
664
650
664
680
648
628
684
672
634
698
668
668
686
674
682
682
710
630
662
656
642
690
638
644
654
622
644
612
604
604
598
580
618
592
606
704
690
658
682
636
664
684
726
748
750
800
752
754
742
766
738
682
678
686
702
704
736
720
728
756
734
666
764
600
636
672
712
678
724
750
746
782
668
710
672
682
672
628
736
702
758
758
730
702
702
718
656
710
730
742
744
774
698
712
702
672
644
664
666
708
666
648
652
686
678
702
736
784
780
730
734
724
780
734
692
572
782
666
688
668
634
642
604
632
642
646
706
692
656
592
634
654
664
672
730
706
620
692
646
626
700
734
770
810
804
768
714
752
720
744
716
734
736
718
668
650
640
620
610
616
722
750
774
820
734
678
650
616
664
676
700
694
764
758
712
760
732
704
732
696
682
676
634
684
666
680
686
686
638
664
644
668
664
642
684
708
746
768
730
674
668
716
700
686
664
668
682
670
730
698
648
636
690
662
650
616
606
614
632
694
728
712
704
718
690
726
648
670
658
674
682
720
720
672
684
666
668
668
656
612
692
656
706
642
656
656
642
630
688
734
764
748
684
704
648
716
682
698
650
638
698
704
650
590
608
602
574
618
608
612
614
606
668
684
682
740
652
686
680
670
702
684
706
708
724
684
636
628
714
702
672
658
662
670
706
808
832
790
750
718
744
756
762
704
714
736
768
780
800
752
748
706
692
744
696
768
724
652
670
722
684
758
704
694
734
750
768
712
692
724
742
760
710
630
682
684
708
690
660
680
700
710
682
622
708
690
714
670
614
632
650
650
670
722
740
708
694
730
750
750
692
632
748
718
734
736
694
738
712
760
726
702
712
742
740
760
504
662
670
724
556
812
620
662
690
654
716
750
774
716
704
682
696
740
656
636
660
632
690
656
634
628
636
664
682
720
716
692
696
672
636
696
616
620
676
686
684
692
702
676
680
646
638
642
650
708
764
814
824
738
722
754
706
566
678
674
616
682
652
648
636
646
662
672
650
680
616
740
636
690
676
724
760
782
790
738
710
776
724
502
598
610
630
650
640
728
756
792
724
750
752
738
762
680
726
728
698
654
654
684
694
734
688
668
686
662
730
670
650
682
680
690
656
642
670
672
666
662
594
594
626
632
664
692
672
640
722
688
640
648
656
658
714
692
680
664
712
664
698
654
630
664
672
692
654
636
628
654
688
666
676
670
696
690
650
648
632
660
686
690
710
690
700
700
690
742
734
662
640
670
678
734
704
720
742
680
638
676
710
722
702
724
744
750
720
702
670
698
722
738
710
688
728
746
734
696
694
710
706
694
668
690
712
738
732
736
776
824
770
772
736
764
770
774
732
724
738
708
760
680
678
702
726
732
704
722
734
814
802
752
714
754
742
714
704
718
746
716
658
712
716
712
762
702
728
718
550
614
636
708
722
720
716
654
706
714
742
666
724
744
762
744
718
680
698
686
680
648
654
636
676
690
720
694
686
744
740
698
724
710
730
720
688
686
662
678
644
622
676
676
702
668
664
746
734
750
704
682
730
714
752
664
630
642
634
616
710
764
846
860
836
852
814
768
762
724
770
766
768
732
718
746
754
786
796
786
798
800
786
750
740
786
778
728
716
702
700
748
694
678
682
708
734
762
508
642
560
654
698
682
666
634
668
694
732
710
678
714
720
590
858
718
730
636
670
724
708
682
686
710
714
700
664
672
702
686
718
664
706
598
798
694
666
646
642
696
700
706
718
792
734
704
704
740
718
662
756
572
626
666
614
636
612
642
678
656
672
664
764
750
736
698
698
662
658
600
684
584
644
608
656
662
640
650
680
698
740
686
650
692
690
680
620
612
606
616
616
618
614
606
592
678
690
696
734
772
782
768
748
714
722
680
716
674
626
666
670
682
750
702
732
762
768
794
762
726
770
744
740
700
700
722
718
676
624
690
698
704
698
686
718
742
734
682
698
690
752
696
674
708
686
750
706
666
720
712
700
682
706
720
734
740
672
726
706
682
710
654
656
708
710
708
716
700
748
730
696
690
694
676
716
680
652
656
622
670
610
656
646
664
728
686
748
682
696
766
736
720
668
712
700
700
702
660
686
706
734
746
714
678
690
702
650
630
664
692
716
730
700
728
744
752
698
712
720
696
716
728
708
652
692
700
688
672
618
676
700
708
660
668
670
702
724
636
716
724
706
742
694
704
698
748
718
704
610
804
652
716
714
762
668
704
690
698
638
638
652
670
732
700
666
718
720
778
702
658
708
712
720
726
692
698
746
756
750
664
712
674
724
676
742
740
722
756
690
712
712
696
736
700
698
722
720
728
708
606
784
704
658
644
636
650
662
702
746
756
720
754
728
766
788
790
818
738
728
736
710
664
664
678
674
700
688
650
702
692
750
734
736
758
768
736
736
720
752
748
732
666
684
730
732
690
660
690
718
750
752
718
720
774
766
724
692
712
690
696
658
672
696
696
744
676
618
678
662
620
656
630
650
642
622
630
640
722
714
666
676
684
690
708
716
672
670
722
702
678
670
662
722
728
734
698
674
698
706
690
736
668
678
700
688
668
644
670
696
716
724
700
740
726
748
670
688
708
702
682
654
664
696
720
734
678
672
680
714
682
636
672
686
678
684
664
670
650
666
644
630
628
648
636
676
648
670
688
702
708
612
622
676
646
632
646
666
684
736
798
832
820
782
778
760
686
726
714
718
692
686
736
708
698
626
660
640
672
686
748
760
702
684
692
676
636
614
684
764
704
714
678
672
666
652
656
692
668
674
594
614
588
580
568
562
570
572
580
592
654
648
638
628
616
616
588
564
554
552
572
608
678
672
680
744
792
800
800
784
772
708
732
718
734
738
738
748
788
764
774
776
776
750
714
716
702
760
752
762
706
740
730
736
728
664
662
698
728
770
744
754
740
738
700
644
656
706
704
726
730
718
744
762
750
754
736
742
746
740
696
714
732
730
722
728
732
776
746
718
706
728
732
710
736
752
752
750
746
720
728
706
694
674
692
720
746
754
768
686
680
828
754
688
680
688
720
726
718
684
716
720
696
718
690
656
648
704
696
668
674
696
692
666
700
726
718
694
702
694
694
724
756
764
788
712
700
720
740
752
726
732
744
822
790
806
790
766
766
724
724
764
762
728
782
804
846
818
764
768
750
752
704
664
680
690
700
684
690
786
824
842
852
798
798
776
762
740
696
750
744
798
758
748
734
790
792
784
706
752
752
782
790
750
782
778
706
716
702
722
744
718
672
680
672
746
666
686
1048
696
692
672
658
724
678
702
728
726
710
702
698
724
728
836
778
762
726
722
766
732
792
724
706
722
756
772
738
734
804
778
814
718
698
686
686
694
788
780
702
694
674
708
684
700
732
764
714
740
746
760
804
784
750
726
736
738
716
716
728
720
750
774
812
832
812
806
778
790
784
766
772
752
782
782
766
756
698
738
742
828
788
710
750
738
754
776
716
728
726
730
762
656
654
542
750
780
792
754
774
770
756
736
750
752
764
752
720
904
738
736
738
714
764
734
750
740
720
730
736
726
758
716
698
760
732
776
752
752
718
696
726
748
758
772
786
732
516
576
770
806
838
866
524
738
758
768
676
772
780
716
688
662
718
688
682
710
738
764
766
718
716
714
702
690
660
648
658
674
744
728
772
692
748
738
744
742
702
680
710
746
778
790
782
800
742
758
720
768
744
730
682
700
746
782
800
816
744
810
790
748
692
698
704
722
716
766
762
786
798
816
750
738
786
798
792
758
726
778
740
782
720
720
704
776
732
726
736
816
780
744
716
744
732
748
744
696
752
734
734
748
698
708
740
736
802
764
754
730
790
734
764
732
732
792
788
760
732
784
782
766
794
742
740
788
766
750
706
756
750
752
782
668
702
902
592
742
716
738
696
870
614
748
796
736
778
770
644
886
722
734
794
752
734
788
746
734
732
678
728
758
770
768
716
728
724
734
550
764
602
664
728
752
768
750
772
780
732
738
716
678
734
720
714
506
602
670
692
648
696
640
586
640
644
656
628
624
692
646
670
778
820
510
560
794
732
808
798
754
764
748
764
764
782
738
718
746
778
780
818
506
684
728
744
772
772
786
824
830
804
780
718
714
718
716
684
720
746
784
824
750
726
718
752
754
718
672
722
702
714
706
694
716
716
770
742
760
764
772
750
792
756
752
768
784
800
800
766
782
782
754
702
700
794
754
780
768
706
710
730
588
776
790
848
818
794
808
800
776
944
770
748
760
724
788
732
730
764
758
708
724
702
748
714
658
644
704
718
710
736
680
692
680
734
704
660
706
692
736
686
714
718
730
728
770
704
686
708
762
780
766
804
768
814
784
740
724
682
684
726
750
706
704
694
750
836
788
714
730
728
734
686
618
652
652
618
660
634
570
612
668
650
638
630
684
674
674
686
728
722
716
700
666
716
686
696
680
664
646
692
666
736
766
824
784
798
764
742
752
722
690
696
716
738
762
780
788
782
700
704
684
636
678
654
682
680
704
728
766
746
706
752
758
710
714
674
672
700
670
608
636
660
656
668
648
664
712
652
690
732
756
708
674
650
682
658
654
710
644
654
684
702
728
720
748
754
744
778
734
694
674
682
688
674
570
760
756
798
864
792
792
814
798
738
684
824
666
660
670
720
694
704
784
840
812
804
740
784
782
748
696
670
692
728
776
806
764
720
878
804
754
760
786
762
688
732
748
766
706
716
700
740
802
776
776
848
848
804
790
814
690
924
746
778
810
802
758
796
776
792
722
806
744
792
794
862
802
848
904
820
776
834
812
760
792
800
766
712
772
788
790
768
736
784
714
686
678
690
680
624
648
664
624
716
650
642
746
598
642
644
700
722
730
766
744
734
772
740
704
722
748
684
688
640
620
698
690
648
684
684
694
676
694
760
764
838
764
758
768
790
796
804
744
740
746
788
804
800
508
588
808
800
790
760
718
694
700
718
772
758
724
744
784
794
790
804
762
810
792
742
560
640
750
738
666
740
674
720
732
738
764
832
778
724
714
706
674
676
658
732
660
656
702
720
702
664
646
600
650
600
588
562
574
634
690
766
734
624
666
630
700
832
706
724
648
644
672
664
686
756
806
802
752
832
840
846
818
802
830
790
722
766
776
782
770
756
738
778
840
776
740
784
804
818
766
834
830
508
572
756
746
826
748
798
786
812
804
744
744
710
672
746
744
684
752
734
748
718
668
648
722
716
746
638
616
664
648
648
638
624
606
668
680
674
660
636
664
714
686
708
760
544
614
796
734
716
764
780
682
738
804
814
784
794
842
856
804
766
788
728
738
690
686
674
662
714
770
866
878
562
636
840
814
840
776
782
700
700
696
674
716
674
654
678
696
742
770
832
830
788
780
704
770
764
806
726
718
734
790
770
768
720
786
790
844
766
780
758
742
832
806
830
846
822
812
602
922
760
738
734
726
800
784
724
676
656
720
768
828
764
752
796
812
698
714
668
648
662
664
632
680
696
734
800
814
754
748
782
796
766
722
776
788
802
768
696
684
652
1154
692
642
648
714
700
702
730
684
686
698
714
704
716
678
696
710
770
752
810
734
680
666
726
706
702
690
696
568
716
746
756
678
686
676
666
652
682
686
674
692
710
724
760
696
740
688
818
714
736
592
694
670
628
600
614
620
664
694
698
692
712
662
678
736
514
610
634
636
616
636
708
726
774
774
750
708
704
640
752
734
722
666
678
638
610
566
584
764
528
532
550
590
564
564
590
630
700
750
766
738
692
668
600
584
628
662
688
768
822
864
868
848
856
914
852
780
768
742
720
688
656
654
724
764
808
868
876
838
782
794
788
692
770
650
652
658
652
688
718
692
658
692
756
830
852
856
802
790
700
644
764
716
714
704
744
816
850
828
886
778
758
566
818
694
790
638
640
644
650
706
752
732
652
644
666
682
676
646
628
642
630
628
626
598
664
634
632
604
744
524
652
694
672
696
732
732
720
730
676
638
638
636
662
668
700
712
772
796
814
818
750
736
774
734
754
740
664
698
672
680
710
696
742
736
718
694
668
702
662
686
686
652
664
698
716
668
632
722
692
732
744
658
660
656
658
566
630
678
652
672
618
608
790
570
544
618
668
788
734
730
766
748
752
734
786
670
600
626
622
660
702
768
732
718
724
752
744
602
686
674
678
688
666
650
632
808
658
644
700
626
638
676
656
702
648
670
654
614
716
684
652
666
658
656
684
714
736
714
708
744
740
692
720
684
710
706
682
714
626
676
534
576
594
570
582
590
600
612
648
670
666
666
616
622
604
580
580
566
554
658
598
600
648
666
688
618
660
632
634
636
648
642
632
612
604
602
584
644
630
612
664
686
676
724
730
780
720
764
724
682
682
670
648
602
640
638
670
692
688
684
704
702
744
716
688
662
688
642
662
646
666
690
712
768
732
730
722
698
720
666
654
692
680
668
670
688
710
750
750
702
736
704
696
700
666
650
696
658
664
640
626
684
662
658
618
690
654
638
638
616
560
582
554
584
532
540
586
696
730
822
832
834
852
866
836
828
808
762
736
764
816
816
850
834
850
864
844
874
836
850
852
836
802
832
838
774
802
768
734
680
678
742
838
766
774
748
764
680
650
672
744
714
736
730
802
800
768
748
802
814
802
768
748
814
808
782
820
790
798
710
676
668
720
696
764
750
738
698
734
680
648
642
614
582
620
550
572
590
606
584
614
658
686
716
766
788
734
714
672
632
692
658
630
666
682
668
718
780
768
734
754
782
752
720
762
712
756
734
792
730
726
750
828
800
760
772
782
752
718
724
748
742
740
712
746
770
744
724
758
810
744
756
728
782
720
692
712
742
754
702
746
784
782
722
708
732
738
710
704
722
742
702
702
732
744
724
696
676
748
722
708
722
712
740
740
704
714
726
664
728
730
718
736
710
740
762
718
716
690
718
666
710
702
722
680
730
718
728
690
652
682
650
632
632
652
630
640
626
640
632
632
616
602
614
596
586
648
594
660
654
674
664
654
638
622
594
600
568
574
542
584
656
588
606
744
782
796
854
866
854
846
754
782
742
742
762
768
724
714
682
722
708
760
794
834
778
784
754
736
688
642
668
680
700
682
654
672
696
740
712
730
684
686
706
712
746
752
716
702
710
718
756
714
718
752
772
744
700
722
710
756
688
710
734
732
698
718
742
744
790
692
750
728
710
740
710
748
762
722
732
750
740
692
722
716
736
744
704
702
718
794
734
698
728
710
734
686
692
760
756
696
718
728
552
876
730
754
758
724
674
684
668
568
692
652
704
712
716
686
718
750
730
736
676
706
708
662
692
698
728
714
752
692
710
872
716
732
744
774
752
762
734
736
772
762
684
716
678
668
642
714
616
630
718
736
778
814
742
780
750
732
702
666
652
644
654
718
814
882
852
806
858
818
752
696
710
668
662
660
686
728
726
744
752
782
770
716
686
732
714
708
660
670
694
754
718
696
732
744
616
864
716
732
742
756
718
682
704
684
736
678
706
768
794
758
716
722
722
720
706
664
682
696
706
742
686
728
744
734
714
684
718
686
654
658
686
716
758
742
750
734
738
712
720
710
688
722
716
680
696
738
768
750
718
700
764
724
712
686
664
666
664
654
650
662
640
644
654
660
700
710
714
680
638
626
644
628
638
696
766
816
820
778
746
716
750
722
726
674
660
668
666
770
782
798
792
798
812
722
744
748
758
730
732
760
768
792
776
796
630
950
770
776
558
590
794
720
722
762
742
668
700
706
770
814
794
770
770
830
768
696
704
712
718
714
670
642
652
644
662
696
744
760
744
784
774
738
724
682
654
670
634
670
676
778
810
750
826
824
780
846
774
740
788
694
640
606
658
642
610
668
680
714
732
708
698
678
672
648
682
698
702
728
744
644
636
632
684
680
620
626
636
640
660
656
634
630
686
664
646
624
630
588
614
616
620
628
634
678
688
684
666
670
670
680
660
690
644
638
642
634
610
650
652
642
740
730
698
650
654
660
672
670
664
634
634
656
636
646
646
662
724
682
664
652
588
626
598
610
606
634
656
662
680
718
800
790
702
698
648
634
634
654
630
606
660
578
608
596
600
600
618
638
676
700
652
700
674
630
662
634
630
604
586
584
610
640
700
786
844
802
830
802
792
774
702
638
692
654
622
614
638
646
644
680
738
790
812
772
818
798
784
744
736
738
654
836
736
716
714
654
680
648
662
610
660
666
626
654
624
576
758
708
638
658
634
628
602
662
620
658
744
750
832
836
862
812
758
748
712
716
720
686
688
694
702
686
668
636
678
646
688
680
672
664
672
738
510
564
614
634
618
634
644
656
680
656
612
640
644
630
630
638
690
670
738
756
784
854
834
820
806
732
778
736
732
772
732
716
762
754
752
700
680
606
608
622
616
734
888
858
902
898
904
878
830
808
788
818
730
708
724
658
742
652
662
694
724
678
704
732
786
702
720
632
682
706
714
760
736
694
666
670
682
714
710
594
802
696
730
728
724
674
682
668
722
674
640
648
696
696
704
696
654
670
660
730
706
792
700
714
676
712
724
688
694
696
722
682
670
728
674
656
632
694
678
636
640
602
606
602
612
628
668
674
706
726
762
772
724
668
724
708
696
670
610
660
654
694
774
816
894
872
788
550
862
638
634
616
628
668
734
764
784
736
716
744
664
650
624
594
604
614
604
614
612
674
650
654
648
552
648
520
600
596
550
534
544
556
642
874
884
864
904
958
978
940
906
894
926
930
930
876
810
776
742
672
642
672
694
770
834
894
870
802
736
748
738
746
728
706
698
718
714
722
712
662
724
718
718
710
716
692
660
654
652
710
702
702
650
624
610
668
668
692
780
840
804
798
788
780
782
752
684
694
706
638
628
614
592
600
574
566
552
584
668
682
652
696
634
616
678
640
680
648
704
702
728
736
718
754
744
724
780
756
702
730
730
614
668
716
730
756
816
830
820
796
718
704
686
716
730
716
754
796
804
744
730
720
718
730
690
676
696
716
804
808
738
770
744
760
718
700
670
668
714
692
696
674
656
654
642
708
660
654
668
682
704
716
730
680
716
716
702
666
634
666
670
686
696
660
684
692
666
714
656
648
710
718
684
690
680
736
736
758
700
624
664
620
638
644
614
720
724
750
766
782
776
780
804
724
764
718
682
650
670
658
650
658
612
654
634
682
648
664
670
660
612
678
668
652
626
692
682
700
690
690
682
712
662
690
686
622
616
648
612
668
618
648
732
766
816
792
812
778
752
694
670
696
736
742
680
700
660
696
672
750
752
734
746
724
720
704
754
702
662
634
682
662
648
726
686
660
604
622
610
622
586
542
602
564
626
564
634
608
616
630
650
632
656
666
636
636
612
648
636
650
636
618
674
664
650
702
706
686
682
668
682
664
688
670
646
672
610
634
602
606
578
646
684
700
724
714
750
688
716
686
676
666
692
688
738
670
650
676
682
658
698
678
682
706
782
766
722
726
732
728
688
706
730
712
660
714
654
678
686
662
722
734
746
740
694
668
668
664
668
686
702
698
664
696
642
706
678
692
676
696
698
696
688
696
694
694
702
738
682
658
674
670
734
782
798
766
764
802
796
744
728
734
732
738
728
696
700
680
742
738
732
734
740
710
754
728
772
730
700
706
698
748
716
702
698
634
666
638
628
704
718
730
736
754
726
700
648
594
618
602
622
684
732
786
820
850
850
832
750
736
748
736
740
706
754
758
782
738
722
766
734
690
658
638
648
646
656
668
734
732
708
698
758
702
672
668
690
706
700
674
698
724
736
708
712
736
752
774
742
736
708
676
712
714
748
766
744
766
756
764
732
790
724
706
678
704
690
752
756
698
668
700
706
668
612
632
642
610
652
580
632
606
620
664
644
622
616
648
658
670
716
674
660
638
624
634
630
630
642
660
696
730
740
740
732
678
698
654
658
668
688
740
800
842
806
786
758
750
732
708
750
772
710
840
682
694
718
738
672
670
624
624
616
604
636
682
748
712
706
744
726
728
708
688
690
604
830
716
654
680
676
692
682
710
738
830
798
746
738
740
794
744
708
706
726
768
516
604
788
742
696
736
716
794
784
756
734
708
758
730
756
674
704
706
668
654
654
654
652
752
812
804
730
810
790
678
676
638
622
642
668
688
702
712
718
692
748
770
770
710
676
586
810
722
738
702
720
688
698
664
724
712
702
658
636
678
688
724
728
766
794
790
720
692
684
678
752
746
722
706
698
744
716
700
696
650
634
640
630
630
632
654
682
680
748
734
734
710
712
716
688
644
632
632
630
636
672
692
718
674
696
698
716
738
714
666
666
670
662
638
644
650
668
682
688
728
720
698
682
672
656
704
656
642
636
696
702
692
676
736
722
726
682
662
688
672
634
664
674
684
736
700
696
764
774
788
750
788
800
820
814
790
816
750
778
738
802
810
732
722
732
716
702
684
646
652
704
670
708
658
670
694
826
682
682
702
768
768
692
732
804
824
720
750
746
742
728
686
714
676
714
682
632
682
678
642
694
684
772
662
868
704
672
732
686
668
656
676
702
698
700
642
598
652
668
662
648
702
702
700
688
704
638
652
684
648
666
588
718
724
696
722
662
648
666
668
678
672
686
748
746
700
684
766
702
744
688
666
618
642
614
810
632
684
756
794
864
804
848
836
818
830
774
768
776
756
696
712
680
702
744
752
738
746
760
780
772
788
640
782
666
664
660
660
718
666
648
652
676
690
710
706
700
768
786
746
684
692
702
754
776
788
702
734
714
538
618
636
684
746
784
808
776
714
738
644
844
712
680
702
716
720
702
714
658
680
764
698
644
680
694
726
690
630
650
644
634
624
668
658
728
706
698
744
740
740
808
754
710
692
706
694
668
690
694
744
716
696
680
718
720
724
760
804
762
674
714
676
668
648
672
672
632
698
602
692
652
736
812
846
860
854
836
738
680
692
720
702
714
798
772
764
704
654
702
758
726
724
774
802
806
818
796
740
702
742
728
696
730
738
776
770
740
672
732
730
720
742
642
754
724
752
734
682
654
798
764
720
684
668
680
682
746
734
692
660
714
708
702
676
690
602
654
616
600
562
822
578
812
828
854
814
758
754
784
738
696
704
686
728
684
674
646
644
640
598
682
670
644
608
716
668
638
674
634
668
666
680
700
710
718
682
690
700
674
646
646
638
658
694
696
710
732
756
732
726
680
656
628
666
628
698
702
742
782
772
768
742
684
708
648
618
632
606
588
612
656
634
608
612
634
616
608
600
578
644
566
582
582
570
582
566
568
538
572
558
658
732
554
606
594
570
574
564
548
562
570
574
590
580
574
564
562
570
570
570
624
590
602
646
664
734
856
814
780
726
660
668
666
660
658
660
620
640
624
626
630
672
644
638
696
666
630
666
652
658
636
666
640
632
702
710
742
750
768
700
666
676
654
700
674
678
688
704
704
736
692
664
682
636
626
646
632
674
646
650
654
670
656
758
736
708
704
730
722
678
656
618
624
678
684
788
774
768
826
814
844
750
728
732
744
730
750
788
782
864
772
752
718
738
706
584
832
752
754
706
724
740
806
800
776
780
772
750
716
678
680
714
782
768
732
714
786
774
764
776
738
776
768
790
748
718
762
742
730
714
700
764
748
714
750
738
714
728
694
696
714
734
722
740
728
742
726
678
734
720
730
744
690
696
674
652
682
692
690
750
768
758
786
712
690
728
700
760
728
610
794
748
740
738
804
804
772
732
722
780
750
724
734
742
732
758
710
798
774
730
732
722
732
716
760
786
782
828
764
754
762
786
766
812
766
764
784
752
698
686
670
636
644
740
758
678
662
712
766
814
820
784
712
752
708
704
726
742
708
656
698
700
674
678
744
772
794
756
718
766
770
770
778
754
772
746
792
728
736
674
688
660
664
662
640
658
650
636
664
604
596
698
700
684
682
662
590
642
622
600
632
624
596
636
606
612
600
614
662
642
630
664
654
588
622
616
622
650
654
734
734
736
712
712
710
712
776
736
752
764
734
702
678
686
678
690
766
734
692
722
738
686
686
666
658
678
664
750
734
772
788
734
672
694
680
696
696
686
628
666
670
696
712
698
702
790
780
734
682
748
752
714
690
712
738
716
722
672
674
712
762
760
776
702
756
720
786
754
682
680
652
622
692
758
762
770
786
838
778
510
752
706
584
696
690
722
732
692
734
762
778
768
804
810
836
766
840
826
774
714
710
716
658
648
644
672
662
654
654
776
844
868
590
772
692
792
796
776
750
774
794
722
762
764
808
752
772
818
876
802
756
824
826
764
730
814
830
752
744
756
758
722
714
692
700
674
668
656
632
732
802
830
764
554
764
748
736
782
820
786
706
824
746
684
708
722
766
818
752
752
808
782
768
832
856
854
852
838
826
846
782
814
842
898
834
834
918
854
848
852
884
784
882
872
844
810
832
824
826
714
764
764
760
712
786
756
692
744
838
844
812
842
604
658
708
778
830
768
688
740
746
720
772
844
772
744
756
758
764
758
764
732
706
688
676
658
630
636
608
700
734
778
828
524
764
676
752
764
726
714
742
718
726
662
660
714
684
646
688
654
658
702
672
716
736
688
708
698
692
714
670
672
620
644
608
622
606
612
592
612
606
710
602
574
610
596
600
580
594
568
600
668
738
772
698
702
684
698
686
738
786
718
686
712
666
668
692
700
680
668
702
752
776
760
704
718
746
760
684
688
716
732
656
670
638
642
674
676
734
670
640
684
648
678
646
628
662
636
720
688
652
680
642
638
676
704
680
690
710
684
632
630
630
690
680
682
658
658
610
638
666
650
712
678
692
698
688
664
652
654
674
672
622
666
672
668
702
652
684
714
764
802
790
778
732
720
702
764
802
798
750
746
760
812
792
706
684
664
650
634
720
766
812
808
754
696
738
682
666
690
674
668
644
622
648
618
608
582
614
632
734
822
812
832
782
752
756
642
634
630
634
712
798
804
730
750
738
770
742
624
694
526
510
838
864
866
810
808
766
806
744
766
746
774
714
722
712
778
800
804
776
802
820
814
756
784
734
722
748
704
710
790
796
778
736
732
728
770
672
650
682
658
636
608
624
606
650
670
696
822
820
904
830
742
714
724
722
668
686
662
682
720
708
772
772
822
828
772
686
736
758
766
788
782
732
748
788
774
734
758
818
816
822
744
748
778
794
748
718
798
826
756
754
714
784
766
712
660
674
684
690
680
676
668
666
766
786
772
704
746
766
748
702
668
660
648
644
650
660
662
696
718
558
522
640
660
732
716
718
740
734
748
678
628
682
638
518
734
592
650
620
608
724
608
606
642
666
654
708
644
620
596
636
602
616
650
702
742
786
780
678
660
644
672
682
694
716
676
704
720
692
746
712
690
694
690
632
688
620
596
602
642
638
768
810
736
776
814
830
822
742
698
688
690
690
674
684
688
704
718
778
726
758
650
650
604
656
626
666
734
794
712
800
812
812
806
772
786
690
694
692
680
792
786
740
686
652
682
652
666
670
614
686
728
838
834
788
778
782
712
666
780
642
608
608
648
628
620
628
684
638
642
602
644
668
668
670
692
726
798
774
744
800
744
686
706
560
596
648
662
690
724
668
662
608
638
610
590
644
650
690
710
776
710
664
644
672
642
660
656
632
688
698
664
684
652
672
684
648
670
636
636
612
670
574
582
608
614
628
634
592
638
594
608
572
646
700
734
786
820
826
826
790
756
734
750
742
704
760
694
666
658
676
696
752
768
764
786
690
754
638
610
656
628
654
694
750
788
812
736
686
738
704
674
612
638
618
612
602
634
584
640
592
650
638
704
770
796
836
820
730
686
658
654
624
596
684
696
772
724
756
820
852
544
606
884
814
738
726
708
642
608
628
594
596
648
622
680
722
742
710
736
696
638
636
628
608
590
572
580
596
632
704
682
692
728
690
710
716
702
696
754
714
766
672
686
674
690
638
674
632
644
664
724
730
766
696
704
704
656
692
642
620
642
614
590
646
668
650
658
638
628
634
690
686
678
672
706
700
692
688
696
684
682
718
708
696
740
686
634
756
568
604
672
668
752
756
706
690
802
618
516
640
682
680
702
700
732
732
760
640
734
676
716
644
660
614
696
644
702
736
680
738
710
750
770
630
828
646
660
684
660
650
662
694
574
514
782
710
754
776
768
708
652
754
686
658
638
664
686
700
682
704
692
754
750
732
688
612
714
694
740
772
700
822
838
874
826
808
796
812
746
670
696
778
748
512
744
654
650
658
638
616
640
670
714
788
788
832
766
772
734
760
702
702
746
736
736
716
734
764
796
800
746
804
804
756
792
736
710
714
700
728
696
654
682
732
770
802
746
746
760
756
772
680
668
702
718
700
734
732
752
772
812
748
668
700
698
758
640
854
706
734
752
782
782
720
758
764
754
722
706
764
722
706
690
730
758
758
684
784
738
708
714
710
710
748
722
678
704
716
718
710
676
720
734
704
636
672
684
700
680
700
668
682
698
698
654
692
736
704
690
676
620
614
660
622
674
702
724
740
702
698
780
756
732
666
678
576
680
650
618
666
682
702
792
796
762
754
802
780
916
704
672
698
746
724
680
698
682
712
732
762
796
744
786
748
784
692
746
784
796
788
726
788
778
754
752
660
724
730
722
762
712
752
784
800
752
788
748
746
682
678
700
728
758
706
750
708
766
766
706
734
732
736
700
662
642
678
642
702
716
702
698
722
750
756
700
696
748
756
740
672
746
726
764
708
712
706
766
782
732
710
780
778
750
510
574
648
712
786
750
670
776
758
762
762
758
768
776
738
772
700
752
704
754
688
676
732
736
714
742
704
704
772
706
662
724
708
740
698
732
706
720
698
742
694
720
724
704
628
760
728
724
602
810
712
692
666
662
648
650
698
686
716
748
590
528
694
782
614
706
718
706
684
688
676
708
672
684
708
732
746
752
802
814
784
794
760
810
766
732
684
704
712
710
702
688
712
776
748
692
692
684
614
650
628
634
644
694
710
614
770
712
744
766
750
736
746
756
754
706
624
646
648
664
682
708
696
706
748
766
762
796
740
922
800
740
734
660
670
642
632
640
626
626
660
604
674
646
684
636
614
504
642
632
568
638
560
542
576
568
566
558
586
560
544
586
542
546
554
552
546
568
576
600
648
696
718
720
670
616
664
652
656
638
638
658
702
718
700
702
604
574
620
652
660
660
712
660
680
634
582
618
600
642
646
666
716
712
750
804
834
794
824
790
816
836
836
800
746
764
722
684
708
664
718
674
656
650
680
754
812
830
782
726
734
726
688
666
710
706
714
698
718
744
690
704
752
782
780
826
802
762
814
782
754
708
686
740
718
728
664
656
670
694
716
712
690
778
780
780
730
682
682
674
666
678
732
698
720
692
758
702
680
682
708
774
828
854
846
826
790
590
634
742
758
804
698
746
516
504
822
856
830
750
770
520
624
648
742
774
758
798
810
684
806
732
706
750
748
736
724
742
744
822
822
850
790
778
758
762
724
714
752
800
806
782
748
722
680
674
652
646
630
630
720
748
830
768
722
782
794
784
786
752
714
754
752
716
778
696
694
672
690
774
826
840
878
800
730
710
790
626
626
678
698
722
746
706
666
714
726
700
726
650
696
690
728
734
748
722
662
670
600
648
604
626
590
584
608
680
746
770
744
800
788
760
730
634
642
610
638
590
630
594
632
630
646
674
762
762
778
758
700
674
672
722
718
682
656
676
726
700
764
736
718
652
686
662
694
704
692
652
654
634
642
670
666
676
656
634
506
742
588
604
546
520
566
522
572
560
578
700
734
748
786
796
808
792
792
700
644
616
648
616
626
706
722
716
718
660
620
604
580
618
612
618
610
640
678
686
740
608
876
758
736
760
674
702
696
706
720
746
744
718
646
624
874
618
654
652
712
704
758
834
844
840
772
760
702
680
698
656
676
674
682
704
708
796
754
806
732
684
670
632
670
620
676
662
666
660
640
646
662
680
688
684
678
664
672
662
712
672
652
626
584
628
616
602
612
674
644
632
616
600
604
582
612
564
602
722
606
610
656
664
656
726
718
742
722
828
832
776
770
676
648
694
692
694
686
690
758
712
834
834
600
708
584
718
766
730
708
686
702
694
734
698
680
738
744
778
756
788
802
810
790
754
736
744
748
692
712
692
702
746
728
684
692
726
754
690
726
728
746
694
684
708
702
720
712
716
704
728
724
700
688
696
720
700
690
732
798
834
756
794
764
788
768
754
802
802
816
778
796
536
708
738
516
800
548
608
690
698
694
770
706
738
730
752
726
650
688
688
872
604
652
652
754
656
698
710
680
652
638
706
674
658
680
688
742
692
692
768
764
756
660
680
706
710
722
740
654
706
692
694
722
652
638
634
610
678
688
668
718
718
754
744
688
686
774
780
706
744
714
748
786
786
750
772
780
848
832
784
748
748
634
674
710
730
828
846
834
794
804
792
770
704
674
716
722
710
666
730
686
752
816
776
680
746
734
748
758
712
676
712
744
762
738
718
748
784
760
710
690
722
950
700
680
678
678
730
656
680
650
696
660
600
644
624
628
678
700
698
716
720
554
630
610
648
648
600
640
666
660
658
654
638
646
648
652
638
642
686
696
708
726
696
680
658
604
694
714
720
752
750
738
684
676
640
680
634
626
708
708
694
736
712
778
738
738
768
774
738
702
718
738
732
748
686
654
714
708
686
736
686
688
698
730
758
744
722
650
722
680
692
684
758
798
842
838
766
780
744
756
738
728
702
710
774
750
748
738
764
782
772
778
768
766
786
740
734
756
756
528
1468
880
626
762
790
724
790
766
682
822
722
734
742
744
800
774
776
830
756
730
734
756
718
674
710
738
816
770
702
740
716
766
704
714
688
732
706
708
680
690
692
738
700
672
766
776
754
698
762
738
700
710
734
754
772
712
714
686
694
728
686
724
738
766
748
736
822
700
732
716
740
720
720
696
750
754
786
812
750
676
750
744
766
720
708
752
770
786
754
746
748
746
718
728
704
738
768
800
828
780
824
504
644
548
630
656
800
738
744
696
714
798
766
726
738
746
710
724
686
708
706
700
684
690
712
770
680
698
684
886
694
672
688
674
726
784
824
818
624
762
722
714
758
706
658
786
632
606
656
678
696
708
676
684
650
658
642
628
650
644
628
604
638
662
638
668
648
622
680
662
650
630
638
630
618
652
646
654
760
748
744
706
722
650
674
654
644
646
688
646
624
680
658
646
726
696
780
826
596
800
660
512
712
630
666
690
712
710
714
680
734
738
770
692
658
692
684
660
656
678
620
620
626
618
680
660
644
722
718
746
716
504
546
652
662
688
680
714
672
692
642
664
640
648
660
702
666
684
664
688
648
600
700
698
682
700
724
712
736
680
674
706
732
704
676
724
726
798
758
666
684
680
730
766
818
848
830
818
830
796
528
648
664
704
720
728
714
672
748
736
778
728
736
854
894
856
682
1000
832
782
748
772
762
740
776
766
820
814
770
710
702
676
676
634
628
638
682
684
704
780
798
806
730
764
726
760
754
728
734
712
732
750
736
780
762
776
782
722
752
748
712
688
732
786
794
760
760
814
768
632
880
502
586
502
712
686
730
746
768
756
708
678
732
746
714
688
728
758
750
678
658
686
672
638
648
650
730
796
814
596
524
738
852
748
724
706
530
592
572
734
516
564
762
538
770
720
680
702
692
646
672
632
664
594
628
562
628
582
616
570
582
568
566
598
608
552
578
576
594
830
548
668
712
754
716
700
776
774
714
702
684
708
708
684
730
766
726
678
678
614
588
544
640
674
806
826
866
814
808
812
862
762
788
748
780
788
754
738
742
750
756
556
792
666
670
726
686
734
748
820
816
790
# end time: 2014-02-27-04:44:55, 1393494295.66
