# R wave intervals in milliseconds per line
# start time: 2014-03-22-01:34:52, 1395466492.34
802
562
636
680
636
604
730
738
710
702
598
722
678
684
732
770
692
706
718
758
774
774
534
862
716
768
748
716
516
758
816
816
756
790
884
784
752
798
784
734
688
702
802
748
732
704
668
710
632
636
710
772
800
796
510
618
690
714
830
832
854
766
712
726
758
810
844
822
766
850
870
840
838
876
888
884
816
790
828
886
830
746
760
818
746
736
750
778
834
732
774
782
754
700
676
718
730
730
654
726
726
738
730
692
724
724
772
730
732
690
744
734
664
688
662
688
738
792
836
736
792
842
840
758
774
784
878
866
786
752
752
820
790
738
786
828
864
832
714
746
734
692
624
690
698
760
746
714
744
848
818
750
730
732
738
682
704
752
822
812
778
702
788
808
842
810
752
788
794
822
782
716
772
790
800
724
702
728
722
730
770
748
702
720
666
652
650
680
772
916
966
896
890
900
910
856
822
864
880
820
800
824
812
846
748
804
900
852
756
696
746
690
672
642
714
718
768
750
734
822
884
882
916
794
786
776
778
718
736
750
832
750
710
766
810
842
774
782
778
756
772
714
758
786
754
704
750
770
732
700
648
716
744
814
816
742
826
798
788
778
810
846
852
826
782
830
860
832
736
780
810
800
730
778
812
802
730
670
716
736
760
756
716
788
832
868
780
656
746
734
746
724
706
706
746
736
710
654
630
708
698
652
710
724
702
734
750
800
838
790
768
678
708
768
798
810
770
732
766
728
680
734
748
762
754
740
678
756
766
758
712
650
710
736
766
756
732
710
686
708
728
762
736
716
748
852
866
862
840
780
670
720
712
750
814
760
746
810
832
826
780
836
838
846
828
800
800
800
770
714
720
686
730
700
726
762
724
700
736
750
754
718
740
718
752
770
768
692
708
730
712
698
658
652
684
718
768
748
748
798
800
744
746
826
752
714
744
746
716
706
742
800
804
772
804
802
804
742
752
790
818
780
786
806
842
802
732
686
746
802
850
830
738
816
838
842
788
692
764
772
808
756
742
766
792
806
770
716
768
820
802
788
730
796
800
846
550
942
798
804
732
718
774
764
728
688
736
762
782
712
720
762
816
784
712
742
748
740
664
666
698
750
750
746
808
816
718
794
766
732
734
766
724
690
724
750
786
778
766
760
794
812
808
728
718
774
852
942
892
742
714
692
720
804
918
894
880
924
916
824
798
848
828
800
730
752
838
858
860
842
846
888
824
736
784
810
794
742
698
738
782
772
708
708
718
810
792
738
774
800
810
736
712
758
772
724
738
796
774
728
666
642
708
708
744
726
702
740
770
758
702
740
770
762
710
748
712
712
688
692
652
592
622
618
626
676
734
712
788
812
750
778
794
780
720
746
748
764
770
702
668
668
716
666
690
648
610
678
660
696
680
724
812
798
836
830
750
756
700
698
700
714
700
720
798
848
832
750
722
762
788
840
826
748
790
850
792
780
836
874
838
780
718
698
650
730
728
772
782
540
622
698
680
734
830
888
912
902
802
830
808
792
822
768
684
768
750
850
784
764
866
870
874
740
726
746
738
826
750
716
786
834
854
782
780
820
756
704
734
754
712
734
750
836
850
764
716
766
784
738
718
770
806
788
724
820
856
850
822
748
786
774
844
766
688
752
722
712
702
728
686
700
782
866
858
728
734
766
790
812
764
714
740
752
844
822
748
760
788
810
766
712
786
788
752
718
730
772
790
746
714
752
822
878
864
768
750
782
784
766
714
744
842
904
930
800
806
760
748
670
646
706
656
730
690
698
786
848
888
812
726
764
782
788
726
718
774
780
750
712
722
738
824
790
744
820
822
802
776
794
796
740
750
722
728
734
706
658
676
668
680
678
672
664
686
710
800
804
764
814
806
814
776
738
706
748
700
684
698
716
718
692
726
748
804
792
756
698
730
738
748
732
688
694
718
736
756
696
702
706
730
770
740
654
612
640
698
728
802
790
808
712
686
702
702
708
744
766
772
772
710
692
714
724
710
686
670
722
762
814
868
814
746
710
716
730
716
710
738
758
772
774
720
732
678
706
734
840
822
824
722
764
834
812
778
724
748
782
778
728
718
692
756
786
784
728
736
780
798
740
732
726
780
822
808
732
754
778
762
700
668
690
700
668
678
682
696
658
672
718
740
758
722
678
714
730
734
748
720
684
734
752
778
756
710
742
738
734
716
678
678
704
720
748
722
712
738
748
742
710
716
664
702
664
682
684
708
702
682
674
674
666
760
744
690
734
754
780
772
746
690
710
714
718
698
668
712
762
790
786
700
756
742
756
722
670
666
702
726
750
728
686
696
766
748
752
716
738
740
788
726
690
734
756
786
742
682
752
746
738
686
668
696
682
666
650
666
706
752
810
764
740
792
798
786
702
668
672
642
638
644
672
682
658
666
710
772
796
800
728
698
700
714
704
718
672
678
724
786
832
806
706
768
762
742
798
744
690
706
708
712
710
682
686
740
780
842
778
716
710
756
714
686
648
664
716
756
808
774
766
818
824
788
734
750
750
730
706
702
728
736
738
724
716
736
736
712
684
662
674
674
700
694
718
734
780
786
740
658
720
720
730
748
698
674
694
722
752
756
708
740
756
762
752
710
734
756
768
734
684
730
754
760
742
684
678
734
726
688
720
760
788
776
722
748
768
754
732
672
682
716
716
694
666
706
732
738
706
674
694
706
696
676
654
692
726
766
762
736
774
796
762
714
718
722
734
712
684
710
744
780
780
718
672
712
696
660
640
696
728
730
770
684
664
752
764
792
758
698
752
766
864
768
706
802
792
782
698
778
788
808
712
762
780
818
816
766
770
828
848
844
810
718
716
754
780
802
764
736
812
834
834
784
702
732
758
758
752
682
680
704
776
816
760
782
790
810
816
712
740
744
746
704
680
730
760
774
724
704
776
808
784
764
734
794
806
814
754
768
814
808
772
722
766
792
804
770
722
748
750
744
702
638
652
626
638
648
692
708
726
710
760
778
776
754
690
716
728
742
714
652
718
734
764
764
712
738
764
774
752
690
700
714
722
708
674
700
740
740
788
718
692
746
740
724
696
678
710
710
722
702
682
724
740
748
704
660
718
722
734
712
684
700
716
702
712
720
702
656
708
714
714
736
718
694
736
754
756
718
694
742
710
716
700
648
706
712
730
744
730
684
626
680
654
682
718
704
692
718
724
728
734
648
666
660
708
782
834
812
734
766
828
840
818
762
688
712
690
632
662
604
568
696
740
706
750
756
794
824
846
834
836
798
808
722
730
720
760
610
654
600
660
654
650
638
642
636
612
588
632
596
558
610
590
572
630
618
626
618
660
614
652
652
652
710
722
726
744
710
740
712
694
654
638
638
630
622
622
644
648
626
622
636
668
682
734
660
662
666
652
638
626
640
664
632
640
678
728
782
812
768
746
760
750
722
694
740
764
784
738
752
768
790
802
724
722
766
780
776
706
692
690
764
752
714
732
748
746
680
668
678
692
714
680
674
694
710
700
680
702
718
718
662
620
686
718
824
920
876
852
860
844
762
764
748
812
770
770
804
820
766
740
774
786
752
708
720
770
744
726
796
844
856
818
834
728
640
714
718
688
726
760
812
762
752
826
832
820
712
714
676
730
738
714
732
810
876
896
874
820
806
804
798
760
724
676
732
752
786
772
732
724
742
746
734
702
694
664
640
622
624
624
662
686
772
852
856
776
788
810
842
846
780
776
808
818
830
752
766
780
834
754
784
800
800
730
718
788
774
720
736
744
824
750
762
780
748
716
736
752
732
688
716
756
772
720
744
778
798
794
710
730
730
746
762
742
762
814
860
844
826
868
858
796
758
766
762
754
702
686
688
690
686
652
666
708
766
804
762
740
810
844
826
816
716
706
698
664
662
656
722
700
668
704
730
752
724
694
786
822
854
830
832
836
822
750
732
752
784
828
834
882
904
870
840
806
852
794
790
806
782
752
822
814
770
720
748
800
766
702
666
682
668
640
624
698
732
704
682
710
744
758
742
668
658
694
722
746
796
800
748
786
808
826
842
808
806
822
836
834
766
766
806
834
872
820
778
708
698
730
762
738
760
810
870
902
866
836
846
842
786
712
726
750
788
810
834
882
890
792
784
748
748
712
676
664
672
686
700
782
852
812
770
800
816
814
772
762
782
836
824
774
798
814
818
734
716
788
836
878
852
830
826
810
850
774
738
812
838
836
858
826
836
816
780
718
746
784
826
808
738
760
796
798
748
732
764
746
708
666
664
676
694
748
722
742
790
734
728
802
888
914
892
824
870
858
802
802
842
882
858
840
880
898
876
838
866
874
842
812
838
860
854
818
850
856
826
798
842
874
878
836
868
880
820
802
844
872
858
810
852
870
856
796
816
850
804
724
742
770
796
756
740
836
906
894
804
834
822
762
692
708
742
776
770
778
802
800
742
732
750
770
744
770
824
854
810
766
798
798
762
728
770
794
792
768
826
860
860
838
804
826
834
798
734
754
782
800
754
758
822
832
780
806
864
878
824
832
852
848
786
780
820
846
838
796
820
840
778
742
800
876
912
846
800
822
824
740
752
756
868
808
770
852
864
812
742
764
812
836
776
788
814
816
752
752
830
842
788
752
836
868
786
790
790
808
852
768
784
828
804
752
730
760
790
788
734
750
786
844
838
850
866
868
802
768
772
790
792
746
746
804
824
770
772
814
840
778
748
752
710
674
666
718
750
720
772
858
888
842
780
818
842
782
736
772
866
830
774
806
860
818
848
850
862
830
758
754
790
810
762
778
820
832
786
770
810
814
742
770
810
848
820
780
842
852
844
774
740
792
840
838
808
812
852
800
732
750
788
802
792
760
680
592
640
638
562
616
568
580
618
662
768
844
898
894
896
868
800
794
814
832
806
796
820
830
832
816
800
828
848
854
822
808
842
788
714
712
732
822
830
760
680
682
678
672
710
748
732
792
846
862
782
726
794
802
820
776
704
770
814
836
774
678
764
784
838
814
772
816
858
838
772
776
798
740
678
704
762
808
788
786
806
822
766
768
770
784
812
778
732
774
806
806
756
752
792
808
772
742
780
784
844
804
808
830
818
794
756
778
804
824
738
694
748
782
774
694
712
732
770
752
732
786
840
840
800
752
776
792
804
736
790
800
812
752
684
684
728
756
718
726
784
834
818
754
784
800
790
736
724
766
810
772
710
774
812
836
808
748
764
846
832
790
780
822
838
804
748
766
806
828
770
762
790
828
782
754
780
802
768
714
738
782
806
774
764
834
854
794
716
736
770
804
764
730
788
832
836
762
738
782
820
838
776
806
826
828
796
822
814
838
754
768
850
846
810
788
808
808
750
736
782
784
720
698
746
768
764
690
730
784
778
728
722
754
770
744
722
756
774
740
730
780
818
828
810
758
766
790
800
764
768
810
842
818
800
844
848
814
760
794
814
794
760
782
834
838
762
718
748
746
738
738
728
772
850
786
716
748
748
718
684
654
684
714
766
748
730
778
828
834
788
812
838
860
808
798
836
858
838
780
804
844
860
826
822
850
852
808
762
806
854
838
758
758
798
788
718
660
722
740
748
716
734
782
866
766
740
774
744
680
656
676
700
# end time: 2014-03-22-02:06:02, 1395468362.39
