716
700
718
714
666
674
656
672
600
654
652
626
654
682
720
734
722
716
688
666
714
710
694
718
660
658
750
818
870
832
880
792
780
734
716
652
634
648
682
722
716
794
828
846
836
860
850
758
826
828
802
720
790
594
658
672
708
754
764
774
574
768
786
816
806
876
852
792
758
778
814
826
770
734
824
844
830
900
782
504
646
714
754
782
730
786
784
852
788
726
784
784
784
760
800
802
816
784
796
772
818
716
770
794
792
814
734
700
812
700
664
698
708
656
626
644
624
690
612
620
650
614
678
668
618
666
634
630
624
630
592
614
626
686
738
768
724
668
752
780
806
816
872
828
786
764
808
780
798
794
726
786
756
736
816
754
702
768
780
820
818
766
766
768
758
802
728
704
736
752
784
818
752
750
804
752
668
682
670
704
716
702
712
652
668
698
744
786
878
816
706
650
672
650
650
638
722
662
628
608
630
640
696
776
766
818
766
828
776
824
910
898
866
794
740
786
794
828
826
806
812
868
820
830
770
754
726
722
678
732
782
830
784
740
770
778
786
754
698
748
758
746
812
758
678
712
714
790
768
736
722
748
792
810
756
724
688
696
742
722
700
666
664
708
760
768
734
680
632
626
632
606
654
816
820
798
834
734
728
660
680
666
698
762
982
920
920
852
854
712
718
640
660
642
624
722
786
874
868
908
874
846
812
736
776
714
698
692
684
668
730
714
716
736
746
774
752
784
746
736
688
732
702
718
712
710
770
778
778
772
768
766
756
742
728
706
752
692
720
670
652
664
670
686
716
716
652
718
738
738
786
716
712
608
722
664
698
712
672
668
738
738
710
726
752
784
780
768
710
662
720
714
688
692
770
756
774
682
620
662
648
670
706
802
876
856
796
806
730
764
724
660
712
670
668
714
684
684
672
714
774
820
802
848
798
724
664
696
654
652
636
692
694
756
786
884
866
922
928
924
868
888
816
748
754
660
676
634
654
682
694
756
764
768
754
770
804
768
766
764
736
752
738
730
778
760
710
686
662
718
684
636
696
664
670
674
660
754
738
770
796
790
748
718
616
668
676
706
716
690
750
790
820
830
790
760
790
760
696
768
748
768
774
794
752
714
752
730
732
702
690
706
768
784
754
720
820
796
790
694
740
696
752
708
664
654
736
768
810
750
710
692
710
746
732
678
710
664
642
700
690
696
904
892
814
862
790
722
716
692
742
768
828
796
708
762
746
732
786
782
774
698
716
698
702
720
672
728
676
654
602
604
614
548
550
570
644
736
804
834
828
828
792
844
802
768
782
802
812
852
818
816
774
810
790
778
782
780
782
786
756
724
790
784
776
756
814
792
762
714
732
728
694
748
664
658
706
750
770
790
812
748
680
674
702
702
714
678
670
720
724
794
708
726
740
768
740
734
724
762
774
764
734
650
598
652
598
636
708
776
810
788
844
896
878
910
810
778
800
718
786
780
786
746
804
780
792
770
788
838
844
838
862
866
846
794
788
794
800
792
740
746
784
790
774
782
760
776
762
738
710
752
784
786
714
750
792
794
738
744
722
740
800
720
694
754
796
816
756
760
762
772
726
758
738
784
790
746
794
770
790
740
764
788
802
740
722
734
804
810
880
774
834
816
782
728
668
684
704
730
726
736
704
782
752
704
760
762
772
764
728
616
898
704
614
648
650
656
630
674
682
732
806
798
684
700
652
666
604
646
638
650
682
736
708
612
574
624
584
594
700
748
758
768
668
672
632
652
610
620
638
638
756
826
814
874
856
816
744
610
626
616
698
890
900
872
806
686
638
644
576
600
598
696
732
760
768
704
664
568
642
600
574
572
590
624
764
840
854
934
894
862
876
778
810
700
666
698
686
686
700
756
726
570
656
668
642
700
680
672
712
684
608
646
598
668
618
590
630
604
592
630
622
618
818
788
768
754
704
664
634
634
618
616
622
572
558
616
598
662
798
852
840
886
862
858
830
848
788
740
776
726
770
738
704
664
670
636
724
664
666
664
664
696
682
700
714
726
722
704
732
730
666
658
606
642
660
744
830
846
814
856
828
780
694
732
714
720
784
766
734
642
630
592
600
614
558
580
684
752
770
840
882
912
888
876
832
824
720
746
676
648
630
630
688
734
840
878
856
854
834
850
846
858
830
808
784
766
790
742
710
762
684
704
712
720
742
624
628
614
628
606
568
616
672
754
822
846
856
826
580
934
682
702
682
732
738
682
732
718
796
688
658
806
768
822
782
832
796
784
776
616
802
710
712
706
640
646
630
638
634
650
696
766
818
802
780
786
762
752
738
648
652
588
630
622
694
736
830
786
748
746
722
714
716
794
764
816
800
830
830
828
744
684
684
678
650
694
732
792
822
818
782
700
702
704
712
734
732
778
762
686
640
650
642
680
728
792
808
852
778
688
674
728
692
706
726
696
684
764
764
714
710
646
680
676
664
640
610
652
644
612
606
626
596
622
598
640
660
686
674
718
664
628
634
640
634
652
654
722
780
828
850
846
764
760
720
680
730
704
684
716
664
650
676
654
732
738
736
742
766
780
718
740
712
706
654
674
744
834
832
784
822
726
684
672
726
698
678
698
770
762
702
694
672
648
636
612
618
820
906
884
850
880
772
778
736
682
614
634
606
594
588
626
704
798
776
784
796
820
768
786
680
680
722
752
772
754
812
776
742
750
746
736
688
682
726
726
748
752
768
762
776
790
772
754
762
702
700
648
642
644
658
662
714
690
676
732
684
658
670
676
662
710
680
624
660
636
666
646
738
806
834
832
876
812
804
768
786
726
666
682
660
644
670
648
640
648
676
652
698
656
646
680
630
666
660
634
618
602
588
560
602
612
652
664
628
588
632
614
642
604
578
578
624
628
690
770
800
764
714
728
720
758
734
730
648
646
650
652
674
664
806
822
812
794
720
706
686
762
750
778
794
724
768
754
770
752
822
810
800
844
800
772
774
752
754
690
676
680
674
734
706
778
790
806
820
822
794
720
680
734
736
732
732
730
734
730
680
658
688
734
716
666
662
702
686
738
664
698
704
722
682
658
718
730
720
722
688
636
710
706
720
718
684
712
784
762
704
732
734
758
784
782
720
780
764
752
732
702
716
774
748
726
786
810
796
846
742
788
758
706
736
742
760
820
744
752
786
814
714
686
656
708
704
714
736
688
736
710
654
654
642
620
644
656
700
740
746
746
712
676
652
638
632
658
666
730
752
794
782
834
792
814
852
818
798
808
814
788
708
786
796
814
774
712
782
780
688
642
670
654
650
654
690
742
768
776
726
674
688
630
678
862
868
810
824
778
768
728
660
690
706
524
840
860
872
864
898
876
806
886
858
814
860
854
828
858
860
852
850
848
850
838
772
726
708
784
808
878
802
688
678
656
668
672
614
692
696
746
734
794
706
712
648
664
676
704
762
756
852
782
774
802
792
860
776
838
796
874
830
822
872
850
840
820
802
778
748
748
754
830
830
788
776
818
798
738
736
726
750
806
778
786
796
776
794
718
738
736
818
718
728
720
768
694
650
678
670
624
614
638
620
614
588
648
650
678
684
700
678
668
766
766
734
720
666
658
614
664
630
636
648
702
752
786
864
820
788
830
814
782
744
736
678
742
750
800
836
838
778
794
712
736
772
818
730
640
620
648
620
604
710
750
748
700
680
704
712
752
734
748
752
736
744
738
766
872
800
780
806
820
908
852
880
868
916
878
840
828
846
864
826
784
816
880
790
790
818
838
772
782
796
824
740
664
748
786
768
698
704
746
856
792
788
720
682
802
800
814
700
748
782
796
830
796
846
816
798
760
674
664
626
678
630
722
802
846
884
862
840
886
808
772
732
736
704
726
774
806
860
734
758
784
786
782
798
768
742
760
806
718
726
712
738
734
712
746
808
836
848
774
724
774
744
710
730
728
734
702
702
852
750
694
750
766
710
668
638
744
730
758
850
798
740
710
740
776
800
762
768
778
862
868
800
732
718
802
834
810
826
830
834
820
792
764
774
796
870
836
798
760
766
720
706
696
658
666
696
732
744
748
728
740
690
670
712
676
734
704
636
666
622
664
678
694
826
860
842
802
800
782
756
676
672
642
654
672
682
734
930
952
926
886
856
798
786
718
752
766
858
826
796
774
782
752
822
772
728
706
702
674
722
680
684
754
904
926
930
896
864
838
788
754
728
720
698
752
732
760
758
816
790
750
792
774
734
672
700
654
642
668
688
704
704
1018
972
908
832
788
680
716
654
682
672
668
682
712
796
740
752
736
908
912
896
796
778
708
714
644
622
652
694
604
576
636
638
712
712
688
666
654
628
674
664
720
716
780
780
834
848
830
748
774
656
670
636
604
614
622
694
780
804
886
878
870
900
860
762
766
722
716
712
670
660
728
718
780
758
828
758
726
704
674
704
662
770
806
868
852
728
740
698
698
724
672
644
666
674
672
668
642
700
710
734
750
754
778
712
760
754
742
790
680
588
734
734
740
758
694
694
650
620
664
648
686
714
752
782
790
770
822
760
702
750
742
722
710
622
742
802
538
824
834
662
522
814
504
780
732
748
700
706
750
744
762
754
822
800
802
560
546
684
774
560
696
598
684
656
714
652
620
682
630
736
618
640
796
646
602
616
652
716
698
654
680
632
690
692
716
692
728
914
966
982
916
902
882
888
836
874
758
706
666
758
768
776
754
744
630
814
648
632
696
732
832
862
882
836
874
798
750
680
688
738
746
790
798
740
730
506
636
636
746
756
744
674
746
746
774
812
750
962
718
708
776
622
780
662
738
600
656
724
662
580
612
738
590
832
820
818
720
726
748
770
768
818
750
744
808
752
720
674
642
640
668
676
720
604
830
692
716
730
734
724
680
660
662
680
688
674
680
704
718
730
746
738
714
756
728
786
770
934
744
746
746
742
800
674
708
640
656
624
762
710
678
650
696
594
694
782
792
784
674
714
688
750
586
736
746
680
690
754
778
770
696
726
732
748
700
726
716
780
860
856
894
854
800
832
802
760
716
714
688
712
656
652
698
684
666
668
780
768
722
904
754
766
824
828
830
846
690
694
758
708
774
770
524
764
712
728
758
504
600
812
770
680
588
1288
776
884
728
686
600
644
724
680
710
768
792
774
822
760
720
722
610
662
694
612
976
742
632
718
690
724
662
638
636
614
692
520
824
794
852
724
712
