# R wave intervals in milliseconds per line
# start time: 2014-03-10-15:01:44, 1394478104.74
640
662
666
632
626
632
650
672
638
650
682
726
772
764
724
670
674
686
704
720
728
688
706
726
760
774
772
714
694
690
668
672
720
774
794
764
722
714
728
738
730
712
712
684
634
670
666
680
696
698
704
704
678
678
674
622
632
630
650
698
722
768
766
708
704
738
748
776
752
700
728
722
726
738
734
674
698
724
738
758
764
716
710
680
660
654
672
656
624
660
676
668
680
654
640
636
632
640
664
652
636
636
648
668
694
680
654
692
708
722
748
722
656
698
686
686
694
664
642
670
676
672
674
688
666
630
640
672
702
718
740
734
664
678
692
682
680
658
630
616
658
672
706
724
720
680
670
666
666
668
664
622
626
636
622
652
678
700
702
700
698
660
628
644
620
624
638
654
614
628
660
708
788
746
782
814
816
796
690
682
684
670
664
642
610
638
680
716
746
724
666
692
696
728
762
796
806
778
736
728
722
692
772
812
786
722
722
742
714
684
760
740
732
716
694
624
642
632
612
614
608
610
578
606
602
616
640
664
672
638
644
628
692
728
662
598
610
646
646
656
670
644
630
606
624
660
684
696
644
672
680
698
704
658
656
682
718
740
710
670
690
688
710
738
688
700
728
744
744
712
666
684
692
704
710
670
664
694
708
722
684
636
658
664
676
660
640
638
662
670
668
646
682
710
734
736
678
654
648
646
648
620
626
616
626
620
672
756
832
888
882
870
850
772
694
686
704
716
750
764
730
676
648
668
690
700
716
708
686
666
692
672
632
648
634
630
644
620
640
656
678
680
682
654
616
614
614
628
624
602
626
648
678
684
704
700
612
632
624
630
594
598
616
644
692
722
688
704
742
756
758
700
668
700
704
726
740
748
696
720
736
730
744
760
726
762
774
766
748
692
688
630
612
600
610
646
670
718
736
762
744
674
700
688
670
670
636
628
642
634
616
602
600
608
618
590
686
710
754
756
728
782
798
802
770
688
696
702
702
712
690
712
714
762
780
776
754
702
660
652
680
710
742
728
726
750
756
756
684
730
744
776
808
764
756
798
804
750
732
740
700
676
634
634
668
730
788
820
832
788
752
730
776
762
762
746
696
726
750
772
796
766
692
648
656
712
648
640
638
654
684
712
720
690
708
730
756
774
762
736
672
618
606
574
700
826
826
820
822
816
798
726
762
798
756
746
724
700
662
686
682
684
676
724
718
700
734
610
666
642
630
658
664
672
672
730
716
732
726
730
720
710
704
706
710
674
656
690
708
728
686
644
670
702
744
748
720
690
706
696
678
664
624
630
680
686
712
740
734
686
710
726
704
750
730
736
712
704
698
738
702
684
648
672
616
632
694
688
692
660
666
702
734
762
776
768
708
736
750
758
752
754
720
672
706
732
768
794
800
750
726
764
768
760
726
730
708
716
706
764
762
672
734
720
738
728
724
692
656
664
730
720
744
750
728
718
742
736
730
696
652
680
712
752
724
678
704
714
736
792
790
754
708
750
746
736
732
734
734
732
710
668
682
676
676
616
664
640
696
690
702
706
668
680
694
700
708
688
628
654
646
642
668
688
678
704
734
742
724
696
672
654
664
670
642
612
644
644
694
738
778
800
782
756
770
740
668
632
660
674
714
758
760
750
766
756
752
714
724
740
746
736
684
686
700
694
680
676
666
666
648
636
640
648
654
658
618
630
634
624
654
662
642
628
626
646
646
604
614
606
610
606
594
598
620
624
624
604
586
624
634
628
630
606
612
612
598
600
576
584
570
568
592
628
660
694
714
694
692
708
730
734
716
694
710
716
686
672
724
740
776
790
780
770
758
714
732
738
742
722
692
728
770
750
680
706
720
734
744
698
720
744
728
776
722
732
732
704
694
672
702
716
748
762
742
726
750
726
728
674
694
704
688
664
716
740
744
688
674
692
680
686
660
644
664
652
666
716
738
774
752
778
770
750
688
770
788
826
810
828
754
790
804
802
768
714
758
780
800
768
688
712
734
740
742
696
768
790
796
760
698
732
748
756
778
778
760
800
796
784
744
688
718
750
772
776
720
690
710
694
694
678
650
628
664
684
710
718
712
670
650
686
694
702
670
678
704
708
708
746
716
740
736
722
702
666
694
700
712
718
696
668
670
748
756
744
708
724
756
782
786
736
712
740
760
742
690
706
696
670
680
712
732
692
674
754
738
728
682
632
638
654
668
684
700
662
644
666
692
700
698
666
658
682
678
664
600
658
624
602
594
590
746
776
760
758
726
710
674
684
682
696
686
716
740
796
764
824
804
844
816
808
770
744
722
698
690
678
660
720
782
834
786
786
812
846
782
700
700
696
708
692
686
750
796
812
756
764
784
788
748
684
704
706
706
678
628
640
670
716
770
766
738
756
722
694
688
688
748
768
768
764
730
686
700
710
722
720
726
732
696
730
748
758
760
744
772
792
744
722
768
710
702
662
656
656
646
690
650
640
636
628
586
614
610
594
600
650
782
830
820
796
802
766
690
652
626
640
652
666
652
668
712
760
714
860
884
850
816
858
838
814
752
718
716
656
682
704
698
740
680
654
652
674
720
738
760
782
798
758
764
720
696
646
688
716
748
776
750
674
712
734
754
750
684
714
742
764
688
674
736
764
784
736
766
796
800
808
770
728
744
738
742
748
730
720
760
802
810
788
788
770
796
764
776
784
756
744
780
780
776
766
700
712
740
786
814
830
794
818
806
786
772
726
704
696
652
616
584
626
704
766
804
798
730
624
688
688
702
714
734
662
656
676
710
720
720
720
722
708
680
666
652
640
632
616
678
656
680
732
772
778
766
758
740
720
716
726
730
734
720
718
700
694
680
660
658
652
664
650
658
672
676
712
680
668
654
632
606
602
620
658
714
782
780
758
798
792
770
718
708
726
752
788
772
762
806
816
834
808
794
824
822
824
770
760
774
778
750
674
676
706
746
802
800
802
822
828
818
766
762
732
704
698
704
718
732
682
650
658
608
654
676
744
796
788
852
876
866
904
854
812
848
810
856
834
784
756
722
704
764
776
764
762
772
790
768
754
730
714
698
660
652
698
652
652
686
658
698
686
694
706
698
746
652
750
640
616
598
646
644
642
676
622
632
650
654
660
638
602
630
634
718
716
710
688
684
634
960
744
642
660
660
654
638
686
682
676
650
638
624
594
590
606
620
654
642
648
676
758
760
828
800
788
708
754
752
748
762
774
734
726
756
772
758
818
780
804
782
734
758
788
764
680
694
672
656
640
698
740
812
848
824
812
654
664
658
656
688
806
832
834
816
866
812
724
684
702
662
650
690
700
686
700
682
654
584
634
628
634
628
636
630
646
678
724
780
792
772
762
752
754
762
764
754
756
740
694
622
682
744
840
850
864
864
862
856
828
800
766
730
684
702
634
596
616
628
642
658
652
664
728
768
754
738
740
732
664
648
680
688
708
692
672
678
700
732
756
758
708
662
650
660
686
742
770
728
750
776
792
800
792
740
734
708
730
730
742
726
712
678
674
740
724
726
716
716
704
698
690
650
658
696
732
762
794
800
760
732
734
748
750
758
712
736
752
750
720
690
726
724
720
714
680
702
722
732
710
678
714
746
764
708
658
676
728
736
698
684
684
702
694
696
708
694
678
658
716
724
708
614
692
716
710
698
690
608
628
606
604
614
602
716
704
808
822
840
830
822
784
776
738
724
678
732
728
716
654
712
672
642
620
660
714
722
730
772
764
776
790
782
774
752
700
716
724
740
700
724
734
770
716
714
748
770
786
764
708
682
700
712
700
664
684
728
764
802
772
756
746
720
732
718
696
690
704
720
722
692
650
606
636
628
668
754
832
850
858
790
822
810
800
772
712
692
726
730
738
700
668
636
644
640
694
758
792
760
726
728
736
722
726
698
658
706
704
710
716
710
756
760
806
768
680
634
644
650
662
742
738
696
728
746
792
804
824
810
798
726
692
694
688
680
722
644
710
738
748
810
786
726
732
728
766
710
668
674
738
716
720
736
742
744
704
660
656
668
660
656
676
722
728
760
770
778
740
786
732
684
706
692
688
648
662
686
688
708
706
656
634
632
614
700
734
714
726
682
654
680
632
614
614
586
576
560
574
588
612
630
634
654
680
694
712
738
732
688
706
724
748
772
776
766
724
686
702
684
678
676
686
654
640
666
672
686
748
754
764
768
760
702
678
692
688
690
658
614
600
626
616
624
642
642
628
622
630
664
724
688
646
694
664
664
628
608
628
586
588
586
598
626
678
730
716
732
766
746
740
712
738
706
652
676
660
674
678
652
594
616
590
630
652
680
692
676
672
706
722
662
608
578
654
708
706
728
734
756
760
744
722
694
646
612
598
588
596
614
628
692
734
756
728
714
722
738
740
738
728
720
716
710
702
704
706
692
708
688
740
726
720
724
728
746
756
732
708
660
688
700
720
692
676
638
636
630
640
628
616
612
576
604
592
602
628
698
780
820
826
814
764
744
664
664
634
618
630
654
700
740
736
706
742
758
764
728
698
726
734
744
736
706
688
710
700
702
676
638
650
672
694
686
634
656
686
662
690
750
770
794
810
792
732
692
706
660
668
676
664
690
710
786
768
780
746
694
712
726
722
668
696
726
764
784
740
714
774
758
720
640
742
744
768
786
712
654
684
712
738
764
750
760
746
744
726
708
714
716
722
746
726
672
664
682
738
772
790
786
660
740
712
676
676
674
662
726
698
656
624
660
672
712
750
774
756
730
662
632
642
662
696
790
788
794
808
794
770
754
724
688
626
670
658
724
728
680
744
794
810
792
732
746
752
760
678
706
714
748
778
748
718
744
756
728
682
670
664
654
626
630
582
632
648
700
724
728
704
710
710
722
720
716
674
658
708
672
666
684
656
714
750
774
760
754
720
728
760
686
684
666
688
656
670
706
742
744
712
658
662
702
698
722
710
698
722
730
734
694
692
716
736
758
744
734
770
786
718
766
764
756
800
768
724
758
750
772
702
658
684
678
672
688
654
722
640
622
594
656
714
732
758
780
792
784
772
778
742
700
680
682
680
724
750
766
764
758
742
730
704
708
694
688
668
700
716
734
750
732
702
650
634
638
626
616
612
624
664
676
668
688
646
658
660
686
704
710
714
724
708
664
714
686
698
684
698
700
746
752
720
692
708
718
734
716
688
710
686
676
652
692
726
748
762
754
714
722
732
714
696
688
698
718
730
722
676
652
676
690
724
754
728
688
684
656
614
644
632
692
738
720
786
780
710
704
690
716
736
758
756
734
718
664
642
666
696
742
752
682
670
712
758
692
770
774
766
754
576
718
688
632
614
576
604
618
608
628
608
604
622
634
622
618
646
638
732
670
742
784
780
770
752
724
672
662
608
642
612
586
562
556
592
598
586
570
590
618
668
712
738
752
752
744
724
710
682
664
634
608
614
618
638
672
694
704
724
620
566
636
614
632
672
696
698
684
642
604
568
598
630
640
646
658
662
654
674
718
718
646
606
638
658
652
668
676
634
614
638
664
694
694
680
656
624
608
622
698
756
804
810
824
822
830
820
802
810
792
766
740
706
686
652
670
668
740
718
690
734
732
730
684
626
596
630
608
680
734
742
728
710
684
664
646
638
632
626
638
638
632
618
578
570
586
598
672
740
706
642
688
704
714
718
678
636
638
680
670
672
660
648
632
602
602
600
596
604
654
702
702
676
644
648
658
714
764
762
736
704
678
660
614
620
622
612
678
682
676
686
740
776
776
686
662
664
650
646
610
608
624
670
718
756
742
700
730
736
732
720
628
642
646
644
658
662
674
672
662
646
638
630
582
572
590
582
584
560
592
556
534
548
558
586
608
602
638
660
652
596
604
600
600
630
658
696
722
730
660
664
708
756
792
784
762
674
700
708
728
764
728
756
774
780
786
768
732
746
748
742
714
674
704
744
754
682
676
724
720
668
612
594
598
600
618
618
686
674
664
658
672
670
626
630
650
658
674
680
656
616
612
670
662
684
642
646
662
694
684
682
650
686
712
722
716
690
682
662
654
638
626
626
628
646
610
580
626
632
696
734
690
612
630
652
658
658
624
638
634
606
606
602
600
568
576
570
568
564
566
568
570
570
592
616
628
638
644
642
650
660
654
626
602
608
616
626
648
626
586
620
576
618
702
754
728
694
778
758
740
672
640
662
674
710
736
686
618
666
680
698
724
750
690
708
728
720
700
644
622
644
648
642
662
612
626
658
716
768
756
802
774
702
694
700
716
722
708
684
716
754
778
788
722
708
752
744
680
650
636
650
672
692
734
698
684
694
760
778
736
722
724
764
802
800
798
740
696
710
730
742
708
712
772
780
794
706
760
724
788
790
788
760
780
840
754
778
802
804
800
706
680
690
680
784
778
758
728
824
822
796
734
746
748
740
710
662
678
666
640
664
706
744
718
692
674
658
654
642
688
676
666
678
674
684
728
718
676
620
630
650
666
678
680
684
670
656
632
676
644
630
610
580
612
640
656
690
718
672
734
740
708
802
808
802
726
706
708
730
732
680
690
728
774
750
754
806
828
748
754
788
800
768
712
730
726
794
796
714
736
776
746
682
662
682
742
780
808
796
818
840
796
784
774
778
760
696
682
734
768
782
756
738
776
790
780
732
664
682
688
696
646
646
758
800
808
784
784
808
816
750
730
638
606
640
670
720
756
772
732
664
668
632
620
634
668
714
756
722
666
706
722
734
704
658
640
626
666
702
718
698
692
664
660
686
656
632
662
686
706
754
704
750
746
728
676
684
698
758
814
778
684
744
766
780
780
732
676
700
714
708
662
598
610
634
652
712
762
808
794
798
782
740
716
738
740
706
642
616
614
624
648
692
732
726
710
748
776
802
762
692
720
750
762
748
656
722
710
800
784
748
696
718
724
752
760
736
732
762
780
772
754
698
730
758
778
778
690
702
690
670
644
636
668
724
714
724
754
772
734
710
722
730
736
728
664
706
714
738
744
710
708
722
714
696
678
700
758
754
774
778
714
690
678
686
712
704
684
714
720
744
706
724
730
730
712
692
696
700
678
656
714
734
754
766
754
732
684
704
716
738
762
748
714
760
782
796
780
774
790
802
806
794
752
768
768
748
690
712
750
766
754
698
728
706
678
720
684
648
672
694
720
734
704
768
776
786
762
684
678
688
690
662
658
612
648
666
670
672
698
758
756
738
706
688
684
634
598
618
588
592
608
620
674
664
690
708
712
702
694
656
626
600
690
726
780
806
796
780
720
676
708
690
676
744
694
726
760
768
704
684
698
720
764
708
662
702
778
750
710
716
702
682
672
672
658
626
604
620
688
782
796
766
754
796
774
684
644
638
680
672
686
762
792
812
814
744
750
692
674
626
704
680
638
754
800
816
806
710
730
796
788
784
756
682
716
706
690
688
694
708
706
736
778
802
806
790
702
666
730
716
716
652
638
606
588
620
646
668
682
706
710
700
660
690
680
690
670
682
648
680
692
714
696
646
640
630
666
640
642
610
610
646
658
656
640
642
652
634
650
676
632
600
626
624
612
662
620
604
630
688
746
780
776
742
726
760
764
770
744
710
730
768
794
790
764
696
714
756
776
786
790
738
704
768
772
792
766
732
766
800
802
790
704
674
664
646
654
686
668
608
594
636
624
628
634
622
598
602
614
644
676
676
684
654
652
626
636
638
650
644
630
652
702
758
796
768
718
732
738
728
688
682
704
730
756
722
728
756
746
710
750
752
690
696
736
752
766
726
714
762
774
802
802
760
702
730
736
752
810
772
722
756
792
808
804
738
756
748
748
728
672
744
760
788
756
758
710
620
620
610
618
634
612
626
650
646
664
682
654
656
660
630
602
602
618
618
628
646
646
700
706
698
652
686
692
694
646
620
622
636
630
692
716
720
694
752
778
752
666
648
630
588
580
598
628
608
654
678
770
748
714
688
700
676
646
702
756
766
770
714
668
664
634
614
594
626
672
720
752
688
702
738
758
748
680
692
678
650
622
626
690
736
750
660
662
630
668
654
684
702
702
658
604
598
672
676
686
688
740
768
766
720
710
754
726
660
632
650
696
706
692
706
742
740
708
698
680
690
734
716
714
698
728
744
750
754
744
714
762
772
736
684
686
718
756
788
794
736
750
748
760
770
732
694
726
750
724
678
708
720
734
688
660
706
730
756
736
720
760
784
788
742
724
748
752
762
676
654
690
714
730
764
790
796
786
752
740
652
656
640
640
636
696
684
688
728
748
756
712
626
656
642
666
652
640
658
682
688
688
652
638
620
600
592
596
614
610
612
624
624
622
638
646
620
612
672
708
740
682
638
650
702
714
694
646
642
660
682
622
590
562
642
662
692
710
678
714
758
768
762
712
682
660
666
732
728
734
700
658
660
700
704
710
640
710
760
792
790
734
730
732
728
722
680
700
736
740
712
642
626
596
608
616
648
700
740
692
628
618
634
670
686
676
638
670
702
726
750
740
690
712
724
724
728
762
748
700
678
646
660
654
718
708
738
714
768
798
808
804
756
726
724
770
734
720
708
620
618
624
642
654
610
632
654
654
654
684
726
748
764
762
690
724
762
794
814
860
760
788
806
804
760
730
764
744
742
754
832
888
876
820
816
824
858
812
744
754
744
690
632
682
632
638
670
762
800
816
824
860
848
786
720
708
758
742
772
748
704
724
720
782
778
758
750
766
768
784
792
798
770
764
730
638
696
692
708
722
654
728
766
786
776
756
792
806
798
776
754
696
714
722
702
660
634
656
676
684
674
650
676
642
712
780
816
814
804
752
670
684
700
690
694
656
688
744
770
794
692
682
686
732
746
792
786
826
788
754
724
720
716
696
696
628
668
706
766
790
798
778
696
702
714
752
756
720
682
698
690
696
676
644
614
612
670
698
762
686
680
704
724
674
642
652
686
690
676
658
656
638
652
682
692
670
630
652
660
702
830
828
792
796
830
842
862
814
742
776
782
788
798
742
730
814
824
746
718
782
792
786
710
662
650
720
728
734
704
730
794
822
832
774
792
786
834
792
724
698
692
656
660
742
704
696
722
688
662
646
626
658
694
730
734
724
766
808
840
844
820
784
798
812
810
804
772
692
644
632
634
688
726
760
720
694
734
790
834
846
802
798
814
818
802
804
750
770
790
766
712
682
684
694
752
838
824
740
742
728
722
712
726
742
728
666
672
702
710
784
770
748
682
748
742
748
768
714
698
724
730
712
672
664
742
722
744
692
704
708
806
752
690
766
770
756
730
766
758
760
754
696
702
744
750
774
730
690
728
750
762
764
758
740
780
798
798
768
730
764
776
788
762
706
808
828
834
778
742
752
744
744
692
708
720
758
782
754
712
748
790
782
708
692
718
746
758
706
694
724
736
758
742
780
728
738
664
682
726
772
806
862
812
812
838
832
820
758
766
760
782
742
688
778
792
770
684
724
764
780
716
686
694
724
746
708
686
720
708
694
722
710
714
704
716
726
734
722
696
636
616
634
640
660
672
524
528
678
794
806
832
856
832
840
834
840
876
844
824
772
794
736
700
698
662
648
614
580
600
600
590
564
538
544
518
552
546
548
546
550
558
562
560
550
544
524
504
536
546
570
590
594
590
568
568
548
574
612
628
726
764
772
744
702
654
716
616
626
608
608
600
590
606
616
644
636
692
738
754
772
712
638
624
610
636
650
664
684
626
632
648
660
590
632
610
620
636
698
690
648
678
666
686
682
718
702
734
748
800
768
750
786
764
750
720
648
714
720
720
782
700
684
684
698
718
750
712
674
716
782
766
754
712
702
632
602
614
586
600
700
816
834
820
780
818
784
750
748
652
598
640
644
660
730
772
790
762
780
740
732
688
706
732
744
726
688
736
768
774
756
728
754
764
720
698
730
760
720
696
730
804
784
736
760
788
790
738
732
780
790
718
732
744
756
772
718
740
774
790
798
762
688
756
778
778
754
804
714
710
730
738
710
716
716
776
824
808
766
796
798
720
720
658
676
698
678
654
682
680
704
760
758
738
744
746
688
676
706
668
660
688
694
690
686
650
646
692
728
742
696
722
684
668
678
724
766
714
750
730
808
796
808
760
714
724
718
742
666
718
734
812
742
784
798
790
718
786
778
780
726
760
796
800
782
730
752
774
722
764
788
764
784
808
806
802
738
726
752
704
728
704
678
724
732
726
708
698
702
754
722
692
670
664
682
700
718
728
702
706
658
672
718
750
768
728
762
784
768
724
792
778
816
714
706
728
730
732
670
704
692
656
626
640
668
728
796
730
666
700
654
676
672
750
742
692
652
654
672
698
778
770
734
718
746
772
790
780
772
724
718
744
756
728
666
692
720
756
792
750
730
758
764
728
672
678
704
730
710
634
696
712
718
748
784
796
722
678
684
754
760
740
696
732
752
754
688
682
696
708
748
708
726
736
814
786
810
746
776
778
782
712
710
748
758
770
734
780
776
700
770
744
718
714
642
672
632
694
678
680
758
776
728
690
726
736
678
658
694
730
716
656
618
614
648
682
712
752
758
776
854
868
856
828
790
726
680
666
642
650
658
664
642
762
812
816
824
796
734
746
750
762
704
692
686
748
748
726
738
730
756
748
698
724
752
784
792
770
748
786
810
798
792
776
732
792
764
708
686
672
668
706
702
704
756
782
768
704
770
770
770
746
684
678
702
730
732
688
724
796
804
784
736
738
776
756
694
658
656
754
698
694
690
716
686
644
668
748
796
784
750
684
688
742
718
684
706
748
768
796
770
740
754
768
740
752
792
794
770
792
796
820
822
804
728
740
758
766
732
720
760
762
746
712
652
620
612
620
628
684
606
616
612
616
630
600
610
614
608
608
604
632
646
660
664
634
654
672
678
680
646
684
698
702
680
624
634
560
572
576
590
628
682
792
798
734
760
786
778
744
690
692
714
738
722
714
772
796
804
766
786
732
690
738
764
738
714
766
790
788
814
810
778
750
798
786
750
676
654
708
788
846
864
818
830
840
746
710
654
616
690
718
756
728
738
800
832
856
800
748
778
776
754
678
742
740
730
778
792
734
728
780
706
650
624
632
604
644
680
784
770
754
742
782
774
746
716
744
744
758
744
772
708
660
674
678
692
694
688
756
788
824
792
786
766
768
728
678
704
680
692
666
696
770
826
808
782
816
812
796
748
696
704
734
768
720
672
642
700
742
780
762
706
716
760
750
716
702
770
758
730
724
710
784
806
802
758
758
776
772
732
652
672
690
730
750
732
776
800
784
764
694
632
600
576
538
622
810
838
810
810
804
838
790
776
746
738
716
716
716
766
760
790
776
766
762
742
782
762
770
706
712
658
624
668
676
690
698
760
772
740
704
716
722
678
664
632
638
630
668
664
672
688
776
778
758
780
672
672
662
634
670
716
740
696
724
764
768
742
728
792
780
766
714
734
706
678
638
620
632
690
680
714
744
724
700
632
668
622
618
576
580
596
574
582
594
606
624
608
592
592
564
586
604
574
570
572
570
572
542
598
558
554
536
516
530
528
516
506
504
518
516
506
504
544
536
542
550
556
542
566
578
590
558
538
560
536
558
544
542
544
550
556
564
578
576
586
602
640
660
624
622
558
542
872
558
644
694
644
582
620
576
654
736
770
802
702
674
712
676
652
614
628
580
580
584
610
624
598
586
568
580
600
598
600
586
586
592
602
600
584
578
610
636
658
704
728
656
618
642
660
684
752
688
616
624
664
682
678
634
620
636
698
712
728
724
740
742
688
682
666
608
604
604
628
662
764
820
750
810
794
774
706
652
620
612
614
626
638
702
772
732
732
748
810
740
704
706
742
744
686
654
684
726
764
720
710
766
778
716
642
600
586
584
614
644
706
750
768
718
638
602
650
660
650
656
630
616
596
606
624
638
666
666
662
696
734
746
688
680
688
716
734
732
692
656
676
638
688
698
694
694
676
680
678
684
680
680
632
688
668
672
672
684
636
590
598
664
686
634
590
616
652
684
714
674
654
734
736
754
752
702
698
696
678
658
636
632
598
566
566
610
602
668
788
788
764
806
796
814
740
764
792
800
766
768
780
778
736
696
728
768
784
758
706
726
754
758
686
676
710
690
644
644
630
652
662
704
726
706
642
620
640
650
648
646
662
714
730
688
636
648
672
694
744
612
586
598
636
730
652
710
718
700
634
650
612
664
646
664
674
652
714
686
644
630
614
688
706
736
698
678
680
662
644
676
692
696
672
650
650
652
692
718
718
720
706
704
688
686
656
666
658
662
646
650
648
668
664
692
746
762
796
796
804
804
744
712
674
694
638
718
708
726
726
698
678
626
670
634
652
722
780
806
856
868
820
788
790
778
714
678
760
776
810
780
824
852
826
738
682
696
754
712
702
776
814
822
786
704
680
672
706
698
720
840
852
846
794
824
852
848
766
748
740
780
810
788
754
742
692
684
752
830
856
852
904
862
882
864
820
800
810
794
806
832
750
770
794
784
772
768
786
762
696
686
722
756
756
714
738
776
768
748
730
716
728
732
786
770
794
702
702
690
680
634
662
690
766
760
834
788
812
810
772
740
748
744
718
766
792
820
814
792
792
844
794
774
788
806
814
774
734
714
738
762
776
794
774
744
724
678
746
702
666
694
662
634
596
590
616
664
686
764
824
854
844
814
822
818
768
706
708
722
700
668
680
752
812
816
806
846
866
846
826
822
788
770
726
746
756
690
648
652
636
726
750
748
814
764
710
664
682
700
748
704
740
760
770
730
678
640
714
674
756
720
668
694
714
734
742
714
658
668
698
742
770
740
766
790
810
762
740
672
680
692
708
704
672
738
806
826
816
766
764
798
808
762
706
726
768
726
648
644
708
722
712
662
674
720
758
770
734
738
824
822
810
796
760
802
794
768
736
736
808
818
756
780
828
832
808
714
760
772
724
666
670
670
752
786
788
798
816
794
836
852
824
824
782
754
792
798
798
790
760
694
754
810
862
874
846
872
842
836
828
790
804
868
858
826
806
832
830
766
824
818
818
742
690
732
796
846
816
768
808
820
782
712
696
704
762
730
686
740
796
822
852
828
844
828
752
710
738
770
806
812
826
858
858
848
778
780
808
818
776
772
796
800
776
786
816
852
866
836
796
836
818
756
752
760
800
830
814
808
810
864
770
754
774
790
788
766
798
830
818
740
766
784
802
806
784
810
830
836
760
706
672
686
664
678
672
734
760
788
714
700
696
676
684
760
770
780
734
680
704
714
718
698
660
660
692
698
674
690
738
736
716
736
780
800
768
750
780
774
768
764
704
642
662
692
744
778
798
794
736
754
746
730
694
650
644
666
670
666
660
628
632
606
636
776
820
844
816
798
794
778
738
744
658
644
624
624
668
802
834
824
770
690
652
648
664
690
776
756
796
824
790
796
808
778
738
750
756
742
704
718
776
816
804
812
838
854
794
826
836
854
834
864
868
850
752
750
768
828
852
864
832
836
816
852
744
674
722
604
546
818
766
824
806
766
708
732
772
798
752
724
790
802
772
702
698
740
768
774
756
804
802
744
740
762
768
712
674
680
676
692
732
802
830
798
850
848
854
866
846
766
686
734
766
718
678
756
766
852
848
816
818
830
836
816
738
812
782
770
802
764
784
814
786
766
800
834
734
752
798
782
768
758
676
624
632
644
644
650
690
726
720
768
728
740
740
776
792
748
722
724
702
668
654
642
640
642
690
734
714
760
808
838
788
756
800
794
758
716
762
804
804
734
720
692
768
798
778
772
826
868
816
740
844
794
778
758
688
642
638
678
688
712
738
728
712
746
736
728
634
628
610
602
618
646
666
686
728
714
774
800
818
812
# end time: 2014-03-10-16:14:02, 1394482442.52
