# R wave intervals in milliseconds per line
# start time: 2014-04-03-11:52:21, 1396540341.46
620
610
606
560
574
578
584
558
568
606
652
668
620
642
676
696
708
680
658
686
712
722
710
658
688
698
728
700
676
694
780
720
686
724
726
694
638
598
618
650
702
680
670
712
782
706
632
598
638
662
732
756
700
652
642
658
702
744
716
706
628
592
650
684
750
694
606
602
600
686
780
784
776
740
676
660
662
678
680
686
644
644
680
690
718
730
794
762
730
700
748
718
724
700
686
680
694
646
632
624
604
540
578
564
654
726
770
760
752
646
592
606
604
662
740
836
830
812
812
788
784
712
666
644
620
640
650
684
710
732
746
716
682
618
636
694
732
782
804
796
790
766
770
718
724
704
720
718
718
714
702
682
646
620
638
632
656
726
680
698
660
704
748
756
674
674
644
664
680
690
674
688
746
790
798
734
710
694
676
636
644
638
686
680
662
672
708
738
708
684
706
736
710
686
700
724
694
650
662
690
698
700
678
668
648
662
634
618
626
636
630
626
658
694
720
704
664
654
658
626
600
628
628
662
642
646
672
692
656
648
616
636
666
696
702
682
706
728
768
814
726
674
606
632
652
696
728
708
668
694
702
688
682
668
644
612
622
586
580
592
642
694
760
812
804
792
740
690
624
634
640
660
692
738
750
722
758
790
774
730
742
740
750
692
706
716
684
654
684
690
672
708
750
762
694
680
708
706
694
644
656
646
714
666
616
606
636
676
718
690
664
690
718
712
684
662
686
696
678
642
642
678
690
664
638
632
664
620
632
664
658
632
662
700
698
672
666
700
720
696
688
710
700
706
666
652
560
574
586
654
698
740
762
748
704
714
714
694
664
712
658
690
654
680
688
668
670
690
716
712
666
666
704
698
678
690
668
654
612
632
648
674
720
670
588
580
624
700
628
566
582
598
786
784
648
600
600
604
612
788
778
758
578
600
588
580
616
736
698
630
614
530
542
536
536
544
684
664
656
618
534
540
532
540
564
596
754
702
664
522
556
536
524
544
576
726
680
654
656
606
516
536
530
518
528
534
652
614
590
594
516
522
514
584
520
526
624
536
642
784
686
630
594
574
584
820
714
534
552
582
586
586
586
608
612
572
632
600
612
578
544
570
536
524
522
522
534
522
502
502
502
518
548
572
636
684
722
732
702
696
682
684
668
666
670
672
668
662
640
670
652
638
644
632
626
648
642
628
606
594
590
578
598
606
624
614
618
610
620
618
614
598
606
584
636
602
612
602
580
568
564
576
674
724
680
636
620
592
600
574
584
570
582
606
638
684
732
752
780
752
732
700
658
642
630
596
644
626
634
622
686
680
708
722
744
730
738
732
712
692
666
664
684
688
682
690
700
712
714
722
714
708
676
626
616
604
594
582
572
582
606
672
754
794
790
762
704
634
630
632
642
654
668
676
676
674
686
664
650
644
624
630
638
648
658
672
668
662
652
656
634
614
636
648
664
676
686
658
626
628
620
630
632
640
630
638
660
622
620
610
620
630
640
624
626
654
668
676
676
682
674
642
632
648
652
666
684
706
710
680
680
706
708
714
706
670
632
640
666
688
714
738
742
724
700
692
656
638
660
674
696
708
676
652
684
698
682
648
626
628
612
614
608
620
650
678
692
670
656
670
706
714
720
708
666
628
690
676
676
686
672
644
630
644
666
676
698
690
682
714
728
722
720
692
664
684
680
682
676
652
652
688
696
720
708
666
666
682
682
676
652
638
668
700
722
670
630
648
660
658
638
618
636
668
646
634
640
670
688
666
690
720
734
750
720
692
692
682
728
680
650
656
694
708
718
704
668
664
700
716
726
706
674
696
724
718
730
706
672
700
712
708
688
650
662
698
700
712
678
632
658
684
700
712
682
650
680
698
690
690
644
662
702
726
744
756
724
684
700
718
704
694
658
626
656
688
714
674
650
674
694
710
686
644
654
674
686
664
628
636
650
652
646
620
628
652
664
656
636
646
664
668
644
624
610
628
614
606
614
622
622
612
618
596
596
594
606
612
606
590
600
618
646
668
662
640
634
656
670
668
640
626
658
674
696
686
642
630
686
664
674
656
650
702
732
736
686
678
716
724
702
668
678
690
698
668
626
620
632
652
676
688
644
618
644
636
632
614
612
622
652
670
672
654
674
684
692
680
656
624
626
638
642
638
632
654
672
678
698
664
652
680
690
688
674
650
618
616
602
598
600
618
616
606
648
678
704
718
702
660
676
680
678
676
656
630
644
660
660
670
668
654
664
690
710
728
722
688
696
704
688
680
660
630
632
656
658
668
658
666
700
692
696
660
658
676
682
678
644
624
650
646
624
600
606
858
632
634
618
618
628
650
672
700
676
646
666
672
672
672
652
632
648
660
662
670
666
636
644
650
652
660
656
642
662
676
670
652
646
646
660
624
616
614
632
650
638
622
642
692
718
740
736
692
680
696
692
686
658
636
664
680
688
662
636
640
662
678
672
650
638
652
708
696
678
658
686
694
708
684
654
678
698
696
706
676
700
712
708
700
660
654
668
670
684
664
652
656
688
720
752
752
704
706
712
704
682
636
644
650
642
642
640
698
744
766
742
676
670
708
650
620
600
598
614
648
694
794
796
742
736
750
736
718
698
676
678
730
770
798
802
740
780
748
738
728
712
674
712
706
714
676
650
660
708
736
746
718
690
718
724
708
664
658
680
698
682
654
648
690
724
748
738
700
728
724
716
680
644
648
674
686
700
676
684
726
718
690
662
676
690
692
680
648
658
680
702
686
670
684
710
720
702
674
690
712
718
710
670
650
674
686
686
670
668
712
740
740
728
670
644
656
672
680
674
660
690
698
712
674
648
672
678
684
670
648
654
674
682
656
628
650
674
696
668
644
628
612
608
612
610
604
628
670
706
726
698
690
708
712
676
636
648
660
660
652
638
634
684
718
726
682
686
702
698
686
646
638
658
690
718
708
732
770
776
714
694
700
710
702
672
676
696
698
708
680
660
682
690
690
664
678
704
710
702
688
650
642
664
680
692
714
702
730
738
732
706
676
654
672
674
684
664
654
678
694
708
688
664
664
680
664
630
622
646
660
684
672
650
680
680
664
644
626
656
670
692
692
668
702
722
730
692
660
684
696
686
660
642
666
680
692
668
646
676
686
686
664
656
668
670
656
632
630
654
662
656
644
666
658
634
606
612
620
630
636
620
634
638
648
600
650
618
636
656
674
660
660
682
680
654
624
630
644
636
632
654
672
684
678
630
646
666
680
684
638
674
682
698
722
704
680
704
688
668
614
604
614
598
602
558
606
600
630
668
670
644
618
620
616
632
640
644
674
656
636
620
630
674
694
684
684
592
618
658
636
650
668
626
612
690
696
734
670
630
642
662
694
706
722
702
694
712
766
732
768
690
668
702
718
724
676
684
734
758
740
676
640
644
648
632
652
680
722
698
736
750
728
668
702
708
696
652
612
594
596
596
600
616
630
662
712
724
682
682
678
666
682
598
586
578
616
638
636
626
680
686
704
674
672
696
696
706
706
688
668
696
710
724
704
664
678
710
724
740
724
670
686
686
680
656
658
694
720
744
728
758
784
762
686
652
678
682
680
662
620
618
636
698
670
668
726
750
770
726
670
722
702
706
660
680
674
676
666
640
660
688
712
718
686
694
716
722
730
712
672
690
690
696
670
644
652
666
672
664
642
652
700
732
724
716
766
774
758
706
722
736
738
722
682
670
684
684
670
658
676
688
664
666
638
620
630
634
626
636
626
624
636
682
676
662
694
722
726
716
672
646
674
682
688
690
668
676
708
726
708
672
686
722
748
758
728
694
760
732
716
670
650
682
722
756
774
754
734
744
744
716
666
648
668
686
698
678
674
726
740
748
714
680
714
722
720
696
658
650
678
686
670
658
706
728
720
686
684
722
690
662
638
672
682
700
678
646
668
676
680
672
656
682
716
732
742
702
688
716
694
652
630
644
664
670
674
652
660
690
714
728
696
712
734
732
708
670
650
684
696
678
642
662
648
640
650
698
684
666
704
722
722
686
656
682
688
704
712
688
704
744
768
770
726
722
726
714
716
668
716
720
718
678
684
702
716
698
676
710
734
752
720
708
728
732
730
714
670
664
700
716
728
730
700
696
736
736
722
674
670
702
720
708
668
708
740
746
722
678
664
684
694
720
692
670
718
742
740
698
660
690
700
712
680
656
700
732
730
690
696
734
738
704
648
632
654
672
696
700
674
684
696
694
674
646
662
686
700
710
680
668
686
676
642
642
666
684
684
670
680
692
708
678
668
702
708
726
714
738
754
742
698
676
666
638
638
622
622
640
654
634
648
664
712
720
690
670
702
708
696
682
626
624
614
616
614
636
696
768
808
822
764
738
738
716
678
642
634
644
686
732
724
696
720
748
732
690
678
680
692
692
680
684
716
732
746
742
684
636
630
622
632
652
636
618
634
656
666
652
698
728
724
686
664
686
696
674
652
680
712
724
712
664
678
696
710
670
660
676
684
662
636
688
738
718
706
766
798
742
710
738
756
746
726
758
762
758
724
720
744
744
752
716
706
724
728
708
666
648
676
706
732
714
716
742
740
686
646
640
662
680
668
610
602
580
604
610
610
600
578
602
622
642
618
602
614
626
644
662
640
628
632
622
662
690
722
690
644
622
590
602
684
712
730
710
646
674
676
698
700
656
682
700
712
738
734
720
736
728
688
676
716
756
780
736
682
702
696
674
644
610
612
622
674
722
768
728
720
760
768
772
772
760
712
712
712
684
650
666
702
766
780
762
800
808
756
694
734
758
760
718
712
752
774
748
690
734
764
730
672
674
700
714
688
692
754
720
706
776
794
710
650
650
680
690
710
668
604
602
664
758
844
852
852
828
790
744
718
700
732
758
736
694
730
782
834
860
842
750
740
756
746
728
690
698
716
716
726
768
788
744
730
724
758
698
686
708
714
734
704
704
720
736
750
710
746
754
750
710
750
776
754
702
732
738
706
664
644
676
696
686
658
712
758
796
736
664
688
692
672
646
600
612
662
726
742
706
740
752
750
698
688
712
700
670
622
634
646
648
652
720
760
780
764
706
672
692
694
692
644
626
650
674
692
684
660
682
708
726
696
642
658
688
702
710
670
692
718
734
688
670
690
686
658
622
620
634
624
626
634
670
664
654
698
786
768
726
678
674
688
724
728
712
694
764
824
840
776
810
820
868
768
670
638
612
610
614
668
660
658
678
708
740
722
742
710
674
684
694
670
630
622
638
682
718
738
798
814
788
712
692
688
720
660
674
682
666
672
666
638
648
678
708
764
796
786
742
674
688
692
692
700
690
684
730
776
790
766
710
668
688
694
692
676
692
712
728
692
684
724
734
728
690
686
694
684
650
630
658
704
750
728
740
784
784
738
672
698
712
726
718
690
722
752
772
754
704
726
744
724
734
670
700
720
724
682
706
718
774
804
750
754
790
790
744
692
718
730
724
694
682
730
754
714
702
766
780
756
730
770
782
768
748
694
714
728
736
718
698
724
728
738
690
672
716
716
704
684
744
772
768
722
712
742
738
716
670
708
742
738
704
720
744
752
728
690
726
750
748
716
738
764
768
758
710
664
700
718
732
706
674
732
764
790
744
688
716
712
716
672
680
712
732
738
684
728
728
736
706
664
686
666
638
628
658
676
668
716
748
768
738
686
728
738
754
732
676
710
722
718
714
678
672
710
742
766
726
720
742
730
694
640
672
682
696
694
674
670
662
660
706
696
686
672
674
694
714
746
740
730
670
616
570
564
656
708
740
760
758
596
828
732
752
764
740
752
704
650
618
602
622
654
712
750
748
786
804
780
720
724
636
692
680
660
632
688
726
710
728
650
694
656
648
700
608
614
684
726
764
756
822
802
760
674
628
622
632
648
692
760
822
826
766
754
780
772
706
716
718
722
688
712
708
728
766
688
706
700
724
738
666
680
664
690
698
726
684
688
660
678
660
724
650
670
632
674
700
716
676
692
686
736
656
700
704
728
768
736
710
746
762
752
704
706
740
758
754
708
710
814
804
764
762
766
754
718
674
676
708
802
754
702
742
756
702
654
634
654
672
658
672
752
772
774
722
758
754
722
698
736
726
696
724
714
752
738
760
674
710
706
768
732
674
702
758
754
724
684
720
748
752
688
660
692
696
676
690
658
718
698
610
726
724
732
750
668
650
714
680
632
690
684
776
732
670
744
720
798
738
560
878
746
712
682
720
754
766
740
712
786
748
788
688
704
732
756
744
696
684
756
744
686
656
648
674
644
622
626
676
622
608
602
618
632
598
682
676
686
742
694
638
626
656
678
676
644
676
672
756
696
668
750
742
756
702
664
738
716
698
688
734
740
736
674
700
774
776
716
728
720
736
696
720
644
636
658
678
706
758
704
696
770
774
704
738
760
774
698
602
692
818
576
570
584
580
552
580
538
576
532
544
598
510
504
530
554
550
546
636
634
580
616
624
652
690
714
672
740
710
652
714
686
668
630
606
600
612
618
636
684
766
748
748
794
754
716
688
702
706
734
700
664
684
688
780
770
724
696
680
686
724
682
668
708
706
786
832
902
830
726
658
670
626
668
742
786
736
722
744
786
772
798
834
820
760
786
710
686
700
738
734
744
796
828
818
816
742
738
726
786
784
776
744
760
812
836
852
838
840
850
860
794
788
800
820
822
790
762
762
762
734
706
740
788
818
778
750
796
762
722
764
794
768
756
750
742
774
708
706
730
748
746
730
748
798
766
742
800
834
790
720
776
752
718
676
658
678
706
720
698
732
760
764
700
666
684
666
676
648
666
706
712
734
712
670
698
718
736
744
700
682
726
726
760
758
760
772
706
588
804
712
662
684
714
698
768
742
690
694
726
708
682
716
738
718
752
766
720
646
620
626
638
664
692
732
826
828
834
852
838
802
730
716
700
684
734
690
664
656
658
688
754
788
828
782
774
808
796
778
734
748
754
764
800
764
794
818
826
816
838
810
740
688
666
698
726
712
678
700
776
836
794
778
788
760
720
782
786
780
712
706
738
744
714
720
734
770
792
756
782
776
774
748
768
778
732
748
778
762
766
796
780
786
714
702
730
772
778
764
794
808
802
712
670
716
712
694
714
780
816
782
694
684
700
748
792
748
732
778
788
764
700
690
712
738
772
740
700
750
760
744
794
810
754
764
740
734
736
690
712
754
766
790
790
800
844
740
720
736
748
734
722
744
768
734
754
790
762
720
748
778
782
716
680
714
754
802
774
800
816
804
696
664
684
724
726
686
712
782
774
688
692
702
716
846
806
776
774
704
708
702
666
616
586
584
598
566
574
588
574
616
562
552
564
574
594
596
586
588
610
658
598
626
658
690
676
630
622
658
656
662
638
708
702
726
688
690
676
626
632
646
728
688
700
770
774
692
686
690
682
660
668
688
694
674
666
708
712
756
700
730
758
746
690
758
764
750
728
744
760
736
696
712
756
774
742
776
788
762
708
754
760
734
722
776
810
796
730
756
802
730
676
724
742
714
690
752
768
724
692
678
626
694
680
648
738
766
810
728
738
754
808
746
696
738
758
682
682
694
712
682
648
660
692
706
662
648
722
742
748
648
688
658
678
612
652
628
646
656
632
592
628
642
668
674
706
758
718
672
670
732
702
684
708
752
748
732
744
774
706
758
756
714
684
672
680
766
790
732
700
762
810
828
830
840
846
842
798
720
764
806
838
812
822
810
856
780
784
824
840
798
804
800
830
730
718
774
842
862
834
854
892
780
710
642
672
688
814
792
762
838
882
916
868
858
870
856
812
836
858
860
846
806
806
816
744
680
696
750
812
816
750
802
820
740
716
702
724
732
670
648
726
750
778
728
718
800
736
658
668
724
736
710
742
772
798
736
760
764
786
738
712
778
816
824
750
752
780
764
716
692
740
778
754
750
794
800
738
760
756
770
730
672
738
768
806
736
702
744
790
774
758
814
824
832
780
740
780
782
738
664
628
648
678
696
700
788
864
872
774
818
806
812
758
724
742
768
830
764
766
798
804
816
792
718
724
792
788
744
776
812
848
822
798
806
798
736
734
768
802
794
760
780
734
690
736
772
796
760
726
772
812
796
742
722
722
752
736
718
784
818
842
788
790
822
812
756
716
736
712
694
736
778
796
744
742
742
750
680
658
696
732
740
706
710
756
764
700
708
730
762
748
696
748
802
796
756
776
760
706
676
726
688
646
652
676
742
720
754
816
798
724
750
756
778
694
696
684
752
726
682
766
784
800
738
698
770
760
706
692
716
786
782
726
696
738
738
710
676
674
792
776
764
750
702
690
696
704
698
778
868
874
806
760
764
732
672
644
692
744
764
754
798
824
776
718
720
782
814
754
762
784
758
760
804
830
760
704
736
770
784
764
728
772
794
766
708
722
750
796
716
716
748
774
738
754
822
848
818
730
732
740
714
668
676
668
652
684
724
708
722
770
786
726
670
702
718
704
662
670
708
724
760
676
800
832
820
768
778
722
696
738
636
682
720
734
722
742
782
754
742
788
828
772
748
738
784
716
636
646
674
664
696
756
798
776
816
854
828
726
684
666
630
622
626
696
766
804
768
790
762
672
710
672
646
668
654
624
626
630
640
648
660
672
682
672
724
788
816
796
820
820
780
670
644
668
700
736
726
802
856
850
812
774
798
788
746
764
816
876
878
858
908
916
896
836
796
806
794
768
742
800
816
766
706
714
772
766
750
830
854
848
842
910
894
840
772
786
794
784
734
734
766
798
776
820
836
804
742
770
758
712
696
670
656
684
738
718
710
782
834
800
744
750
784
792
734
720
700
730
732
696
716
772
820
826
818
850
850
790
732
740
756
748
714
724
738
726
686
724
756
706
674
712
774
806
780
764
796
792
766
800
824
824
752
746
770
778
746
728
776
768
720
760
790
800
796
738
696
710
724
728
712
754
812
832
800
790
808
734
732
752
776
762
756
792
800
770
724
698
666
674
714
712
772
818
840
816
756
780
768
812
750
748
794
808
766
722
760
780
748
730
768
798
800
762
776
814
844
832
828
848
862
820
726
750
754
792
770
764
816
814
750
716
774
794
798
752
792
840
854
820
756
748
696
672
700
736
720
710
770
832
848
768
736
762
772
754
794
860
822
754
684
664
642
656
686
698
722
772
788
758
782
800
810
760
710
734
728
716
704
698
724
742
708
698
706
662
632
632
684
714
688
668
702
752
750
706
650
664
664
648
632
650
702
754
742
708
724
772
750
706
704
736
756
672
626
# end time: 2014-04-03-12:40:04, 1396543204.76
