# R wave intervals in milliseconds per line
# start time: 2014-03-01-19:17:23, 1393719443.21
522
582
502
568
532
568
570
584
610
622
676
690
688
686
674
648
614
626
606
576
612
574
564
562
584
606
632
722
766
774
830
772
806
742
726
718
718
698
722
664
698
676
706
664
630
598
584
600
612
646
658
706
738
776
778
772
770
720
688
640
624
624
644
670
722
754
786
792
760
714
704
702
692
656
638
646
650
648
652
664
654
618
620
650
660
672
688
688
684
666
662
632
624
614
620
564
570
616
658
730
760
750
742
722
678
654
636
614
610
628
658
668
674
684
686
664
644
656
662
670
666
642
652
652
652
648
608
612
582
560
526
530
526
536
630
682
762
774
794
786
784
804
806
784
770
708
664
632
646
662
674
660
638
606
594
590
592
596
596
616
638
636
620
636
648
666
708
730
734
728
724
702
706
720
728
732
716
688
684
668
628
618
616
632
664
684
674
658
634
616
624
630
634
628
650
660
640
640
648
650
658
644
636
656
638
614
580
590
590
608
636
662
656
646
656
664
674
670
644
632
632
620
604
600
606
598
588
568
588
628
654
650
620
656
714
742
740
722
668
626
632
632
614
594
594
596
572
598
600
584
576
560
568
560
544
592
568
576
584
576
626
590
582
568
572
572
584
612
638
744
772
798
832
824
802
776
760
742
712
704
638
650
608
576
590
610
622
662
690
690
704
682
674
676
678
684
696
674
638
602
640
622
630
638
644
660
668
668
630
634
616
598
596
608
662
744
772
784
772
756
724
668
652
646
608
656
676
676
664
636
668
688
700
692
684
712
716
722
718
664
648
656
658
656
654
650
666
708
724
744
742
736
702
662
642
646
638
640
652
706
756
790
746
730
688
626
640
616
612
620
628
634
674
684
696
718
722
686
680
684
690
692
690
688
682
656
602
624
588
600
608
648
684
698
682
678
680
658
690
668
638
620
630
646
666
682
692
696
658
650
646
642
638
646
648
632
614
622
634
628
646
646
632
598
612
604
616
626
620
640
672
674
670
660
662
664
666
652
654
636
618
596
586
596
596
608
634
602
604
608
586
580
584
574
572
584
584
578
586
592
590
596
580
568
572
578
586
588
612
594
596
618
660
676
704
718
722
708
712
720
716
710
710
708
708
668
658
658
664
668
668
636
638
676
688
728
754
776
772
768
724
692
692
690
692
688
686
652
656
668
696
726
740
692
676
690
696
708
710
686
662
674
694
694
698
678
664
682
686
706
710
652
656
674
686
682
680
640
660
636
650
644
638
636
646
658
644
644
670
660
652
642
662
660
692
702
692
692
658
616
634
658
646
642
652
646
662
656
638
616
626
642
678
720
732
758
748
732
710
714
670
680
654
698
674
644
648
648
706
696
710
670
658
638
624
614
620
608
598
606
614
660
608
658
632
660
686
704
722
724
720
672
670
670
658
608
660
652
658
680
670
658
678
716
756
776
772
756
742
686
650
664
652
634
632
618
618
622
654
692
710
700
684
668
666
636
660
668
676
686
676
648
672
696
706
708
712
678
650
662
672
646
606
658
650
684
776
824
848
858
842
784
732
716
684
670
646
618
634
654
682
714
682
698
690
702
714
698
662
632
672
634
668
636
616
622
630
642
650
646
612
612
610
610
626
662
670
664
674
692
702
696
702
676
676
652
628
632
654
688
720
738
704
676
666
658
652
656
662
668
676
686
668
632
644
656
662
688
716
684
620
678
682
710
740
708
684
684
724
686
634
610
624
622
632
650
672
674
646
622
626
634
638
646
662
668
680
648
642
640
642
640
630
638
658
678
700
752
738
690
678
692
684
672
640
618
626
612
606
608
626
644
640
656
686
694
718
706
644
684
686
674
662
638
650
666
696
722
724
694
716
732
732
702
672
680
678
678
638
642
654
670
668
650
650
666
662
694
670
668
680
698
700
700
694
642
636
652
660
678
688
668
668
682
690
700
724
684
672
692
682
696
678
622
600
592
594
598
620
650
684
680
636
620
678
656
660
608
622
640
640
628
602
632
650
638
630
638
648
634
656
666
678
696
704
714
694
664
654
670
682
696
698
718
680
672
668
732
712
670
658
680
692
678
650
662
672
694
710
628
660
624
636
652
692
702
748
746
682
676
716
698
702
702
700
686
642
636
688
674
678
680
652
652
678
664
652
654
676
688
686
650
648
696
672
660
668
640
656
684
714
718
690
690
718
722
712
746
660
680
702
702
680
660
642
652
660
642
610
636
652
684
726
768
784
778
760
772
770
750
732
692
664
680
676
676
634
720
664
624
644
650
660
676
658
628
656
646
680
682
658
662
734
714
686
644
652
660
668
674
680
646
666
690
712
718
694
708
730
736
738
728
682
662
672
678
688
716
752
756
742
756
776
772
744
698
716
738
730
690
684
740
714
704
692
698
708
702
654
650
678
686
712
732
704
690
706
708
714
708
654
666
692
684
698
716
730
638
718
686
684
688
688
706
656
652
670
674
710
726
716
660
684
658
624
636
594
614
628
664
690
694
708
712
714
706
654
624
632
624
628
610
600
620
612
614
624
658
656
662
624
622
632
640
636
698
674
658
678
640
634
630
620
608
614
640
676
694
708
708
656
658
666
670
674
678
658
644
644
628
634
626
684
654
632
672
696
704
650
646
618
620
614
628
626
616
618
674
676
690
758
764
744
690
764
720
684
684
680
680
650
664
638
676
636
616
644
666
686
672
648
618
640
648
660
668
660
626
636
650
652
648
614
612
614
608
606
626
624
624
620
636
642
642
634
610
582
576
572
528
510
578
718
762
752
716
706
674
690
616
632
594
572
570
566
562
574
584
602
606
626
658
696
734
728
738
752
722
668
662
664
632
648
636
630
626
604
598
596
604
604
606
598
588
558
558
570
610
664
666
700
748
786
800
798
770
698
662
680
694
698
712
706
710
706
700
700
686
688
682
680
672
650
648
670
686
692
662
610
634
644
600
604
574
624
572
560
576
580
616
628
648
626
610
662
656
664
666
650
616
610
602
612
632
650
682
702
728
736
704
696
688
692
674
674
676
650
636
678
636
622
642
652
668
680
690
690
674
644
602
644
636
636
624
614
636
648
646
646
644
618
604
614
620
614
604
614
610
668
644
636
606
620
636
638
622
632
620
598
648
632
634
632
630
606
614
620
630
636
622
608
618
626
630
626
606
628
606
616
634
610
552
572
580
576
578
578
584
598
634
672
674
634
650
670
674
680
682
652
670
624
634
620
632
634
632
614
636
656
682
700
714
680
702
690
698
692
652
622
634
638
638
644
640
644
602
656
666
684
652
626
658
674
690
702
682
602
638
650
632
632
620
618
624
652
668
686
674
678
642
642
658
662
662
654
674
674
668
660
668
658
644
616
668
664
676
696
664
640
690
682
682
662
628
630
646
646
656
658
668
618
672
670
672
676
680
664
620
670
664
652
644
610
604
862
624
682
658
648
680
670
654
626
614
632
620
614
584
624
580
568
594
552
600
592
594
620
640
632
618
620
626
618
614
590
612
602
606
638
654
664
660
624
636
658
666
686
698
678
680
700
712
706
710
662
678
684
684
684
682
650
648
662
674
690
710
714
684
688
698
702
698
672
620
672
674
688
688
650
670
694
708
700
650
662
670
670
654
624
622
648
648
656
646
666
636
656
654
638
616
634
652
680
696
704
688
696
684
688
650
654
662
660
662
662
646
652
666
664
672
636
642
666
680
696
696
668
684
686
678
672
672
628
616
628
632
648
670
654
640
678
690
686
646
632
658
668
680
690
664
634
628
686
668
690
680
642
650
652
638
650
632
614
648
630
656
684
670
652
710
690
696
660
652
612
616
586
590
564
544
620
662
684
704
714
718
688
670
650
630
632
660
686
680
638
696
668
670
674
666
654
654
656
638
670
640
630
618
616
610
596
592
608
604
604
588
582
578
584
596
592
616
580
584
614
616
604
620
626
686
682
660
654
672
672
670
646
640
668
684
698
714
686
690
702
710
698
666
672
658
718
694
674
708
666
702
684
644
634
652
660
668
684
672
680
690
688
684
692
690
700
676
670
648
660
680
656
646
716
746
758
722
768
724
730
738
700
680
650
666
678
702
724
722
710
728
724
730
728
706
728
744
778
790
780
698
750
716
714
722
726
790
710
756
742
784
740
712
690
752
732
724
712
688
702
686
656
686
686
714
726
676
710
672
720
708
708
720
694
744
708
614
652
620
610
630
628
624
652
704
774
802
820
814
800
786
754
708
728
704
720
746
756
734
746
706
756
742
780
762
766
768
744
764
706
706
718
720
710
726
732
800
760
764
662
744
696
676
694
628
704
720
730
728
688
732
748
728
766
692
740
604
690
668
660
708
712
700
672
738
738
744
756
744
716
686
690
734
724
742
722
734
750
730
708
702
684
696
720
664
678
692
708
706
682
664
730
716
688
690
648
686
674
670
662
624
626
628
612
628
632
650
684
712
720
774
694
758
744
728
750
686
734
732
716
684
662
716
690
656
670
654
668
674
698
660
674
676
740
696
630
734
652
802
616
610
638
676
728
766
762
814
782
802
766
740
670
644
694
692
678
712
680
724
802
784
780
782
784
762
724
728
724
726
736
674
690
694
698
710
682
730
734
718
722
684
702
670
658
666
648
694
726
742
734
688
666
724
674
648
652
668
718
744
754
792
738
698
714
720
672
724
706
736
744
738
712
712
698
746
676
668
672
686
680
670
698
682
664
700
668
682
720
718
712
654
718
710
690
666
652
652
678
688
672
674
698
688
678
670
664
688
708
684
700
682
752
684
648
622
680
666
680
654
648
602
656
676
670
658
704
678
734
680
662
660
680
648
688
648
678
702
704
650
692
660
650
656
668
624
660
638
648
666
676
692
662
672
650
656
632
602
576
588
566
566
542
536
530
534
526
520
564
558
536
612
544
566
538
580
522
544
556
572
594
584
584
616
636
628
602
608
622
698
708
748
694
720
722
718
668
692
634
672
694
690
640
648
704
718
728
672
642
686
680
686
686
628
644
686
686
640
666
636
692
654
690
676
728
702
662
688
662
688
690
646
652
656
660
666
676
648
652
692
670
626
638
642
638
646
634
616
594
588
596
582
556
556
554
552
566
574
582
566
628
542
616
666
674
724
640
636
652
624
676
648
622
644
644
660
680
694
658
672
626
688
698
718
676
676
662
706
642
638
576
638
624
608
658
636
652
678
698
722
640
636
650
648
614
646
648
684
698
670
638
634
644
638
628
610
670
632
632
632
590
604
588
612
630
648
664
680
634
640
658
634
600
630
608
634
656
666
652
644
688
664
650
656
628
644
662
674
662
620
628
656
650
646
606
588
580
570
594
572
592
634
638
650
636
660
632
682
644
608
612
618
620
596
598
650
664
646
648
658
680
672
640
632
656
666
644
652
594
616
610
604
606
596
602
636
636
636
648
628
632
612
582
578
640
582
574
618
# end time: 2014-03-01-19:43:55, 1393721035.65
