# R wave intervals in milliseconds per line
# start time: 2014-02-27-21:00:30, 1393552830.54
732
708
666
616
596
588
648
670
784
826
874
868
852
794
780
778
862
838
836
766
728
802
814
840
784
786
832
852
850
824
834
848
830
770
774
802
824
780
778
816
800
760
686
676
690
712
730
714
716
762
802
822
782
756
726
768
764
748
712
694
710
730
762
746
764
790
822
822
800
718
696
700
688
668
646
648
634
644
692
744
788
826
828
778
768
746
722
754
808
830
818
804
704
692
692
688
664
634
646
680
726
780
756
716
740
768
816
808
808
768
744
756
782
802
798
744
696
710
726
806
822
796
778
812
836
834
798
776
752
726
704
660
638
644
664
682
696
662
628
610
598
588
590
610
636
650
652
642
678
692
674
658
648
642
666
698
716
746
756
758
766
782
808
818
822
774
756
740
730
718
730
768
796
804
760
744
768
780
782
718
672
674
720
780
820
832
766
716
722
738
766
790
770
722
714
716
722
710
730
756
746
726
746
768
732
706
734
754
776
762
696
682
704
734
740
752
750
802
822
860
832
780
788
834
830
832
810
768
676
666
672
670
698
728
692
710
740
764
782
732
730
738
756
766
744
686
676
672
670
658
626
630
634
638
660
658
672
740
758
762
764
740
696
704
696
690
674
666
700
724
726
706
716
732
762
774
770
740
736
746
746
746
744
704
722
750
758
770
710
696
680
678
688
754
774
824
834
838
814
768
748
748
754
774
768
754
764
774
786
796
786
782
788
790
754
754
780
804
798
776
800
808
792
714
674
646
648
638
660
614
608
636
690
772
826
842
778
766
766
756
726
670
658
672
688
722
782
774
758
784
780
774
720
680
692
720
762
772
706
644
670
700
756
808
780
786
774
744
708
706
736
766
800
790
738
738
728
708
670
650
668
710
750
786
766
768
784
776
740
692
696
658
638
648
684
686
660
674
684
672
680
698
722
770
790
788
780
732
684
686
708
716
746
750
724
736
766
788
808
806
772
774
770
764
716
666
672
706
734
756
716
722
756
764
774
742
734
758
774
762
706
652
640
646
658
698
738
752
740
684
666
654
656
636
650
672
692
728
726
754
770
772
772
768
752
688
652
652
672
690
718
718
686
672
666
680
698
714
738
694
652
644
628
622
616
600
616
750
790
738
722
722
696
688
688
658
628
624
620
578
568
554
560
562
588
622
670
700
724
704
672
658
666
704
774
826
854
842
830
820
772
740
750
764
770
778
764
752
728
692
680
640
618
606
606
622
658
748
802
842
840
828
812
798
760
738
766
782
792
796
756
760
760
756
748
742
724
716
746
756
768
780
800
804
762
744
746
736
754
776
802
818
748
696
688
698
738
740
754
744
730
676
636
620
638
668
738
794
826
812
758
730
696
684
694
692
730
780
816
818
776
790
774
746
700
644
616
626
644
668
740
782
752
758
780
788
778
786
780
766
742
688
664
668
676
682
662
656
658
676
694
752
804
792
782
802
802
796
778
750
678
636
616
604
608
630
656
684
714
784
788
784
762
734
702
674
666
668
672
672
666
684
718
740
756
720
694
670
666
674
680
656
634
646
650
678
730
772
808
804
754
722
686
662
654
648
704
798
792
782
784
784
806
794
774
716
698
686
694
738
782
800
800
744
748
760
776
772
778
756
756
766
778
792
794
796
812
722
660
636
628
624
634
682
694
682
662
672
676
692
684
694
722
722
680
638
628
620
612
612
620
628
666
674
666
690
688
698
734
706
696
730
750
768
762
734
684
672
696
728
756
782
758
730
770
794
818
836
808
786
794
806
808
774
758
782
784
744
664
658
684
722
762
762
710
644
676
646
656
684
744
796
808
800
752
782
814
828
810
774
710
742
778
830
844
838
818
774
692
686
708
758
816
842
810
808
830
830
820
812
790
722
708
728
742
730
650
634
664
696
770
794
762
802
820
802
756
722
746
766
768
786
752
738
750
762
730
746
792
816
814
772
768
724
706
736
790
804
774
810
834
832
802
722
738
750
762
748
726
794
852
880
874
812
786
770
762
702
686
722
754
784
780
780
824
844
852
824
766
766
770
774
774
732
724
762
798
822
814
768
794
782
792
780
782
810
826
834
830
772
772
802
810
816
814
770
778
798
798
786
738
698
706
718
744
726
712
756
762
746
702
716
734
792
758
726
748
748
690
640
642
662
694
760
766
740
784
802
806
778
720
722
724
740
738
712
740
786
754
694
652
634
644
686
750
814
844
838
800
800
782
772
748
750
772
780
766
806
738
748
774
794
808
770
790
798
792
744
714
740
778
776
740
770
806
844
844
814
840
844
834
800
778
796
806
806
782
722
736
782
796
740
780
830
856
850
824
846
840
822
776
764
796
820
822
760
766
758
718
648
658
688
750
826
818
798
840
864
866
820
806
796
756
720
738
732
700
650
692
698
724
702
754
802
778
716
718
728
730
710
742
770
786
796
784
738
708
732
744
740
742
712
738
780
790
752
682
632
620
618
644
690
764
818
794
738
766
768
752
742
696
714
736
746
742
762
750
804
840
856
812
792
804
812
774
716
748
788
830
836
778
782
824
852
860
806
812
814
802
770
788
808
774
762
794
806
812
770
764
784
786
776
726
778
828
862
878
818
846
844
832
786
738
760
776
794
774
772
808
802
774
786
804
772
706
734
760
784
814
782
790
820
808
764
696
636
702
712
712
692
730
790
824
816
764
766
768
758
734
734
754
774
790
732
642
614
624
586
608
626
728
658
726
770
818
842
844
800
810
798
772
800
726
706
730
752
770
746
728
758
764
760
726
766
808
822
840
828
752
752
762
752
756
728
712
688
678
702
718
710
734
798
842
836
766
752
760
780
724
638
614
596
614
728
690
742
788
798
742
662
632
610
604
600
590
578
566
528
528
532
546
572
614
684
764
748
716
690
664
650
684
668
642
622
658
690
720
768
792
774
744
732
736
744
766
774
770
756
684
622
612
628
620
708
750
766
708
664
622
606
594
596
628
632
610
590
578
564
560
552
572
578
574
566
558
548
578
604
582
584
572
576
582
566
548
580
572
580
600
636
684
720
716
704
696
694
718
724
760
746
754
746
680
676
668
674
696
744
792
854
802
722
704
714
716
692
720
660
626
618
608
614
634
700
708
786
798
790
766
694
644
648
648
654
664
698
730
722
740
720
670
650
636
636
638
686
722
758
722
656
642
634
630
620
634
620
610
622
626
628
612
614
618
618
634
666
714
752
766
718
684
688
716
736
750
758
728
702
718
738
784
782
762
770
772
762
724
688
708
742
748
688
626
632
658
672
626
654
674
704
734
744
744
670
648
648
646
654
618
598
608
652
686
734
754
796
742
658
622
614
592
588
600
584
582
580
598
594
592
604
612
620
620
624
626
618
608
604
572
588
558
578
570
580
616
674
706
716
728
716
690
676
686
704
744
762
770
814
820
808
724
736
714
700
684
730
770
802
798
778
780
790
782
744
758
766
782
768
778
820
828
818
762
788
800
808
774
738
768
784
784
764
738
772
790
798
780
746
752
752
754
712
652
660
666
686
674
652
662
692
724
746
750
732
706
708
704
700
694
638
634
652
524
572
798
860
898
880
790
746
730
734
702
710
720
748
764
830
806
812
792
748
684
692
704
738
774
798
764
754
764
770
728
706
692
676
658
710
750
774
750
794
796
762
812
766
748
756
784
780
752
722
728
728
724
702
670
656
648
638
658
692
714
690
676
704
760
776
794
784
718
754
744
738
718
678
670
708
746
780
786
760
788
794
788
744
748
788
816
786
760
790
808
806
762
772
792
792
762
742
742
716
762
792
872
808
774
750
844
856
874
872
784
730
806
778
792
796
796
698
654
654
662
646
668
760
864
884
878
866
850
790
724
764
776
826
812
784
800
824
822
766
786
798
776
750
774
800
848
772
778
734
736
748
762
750
804
854
884
880
908
876
534
680
854
852
858
892
878
874
862
920
554
836
680
672
654
724
596
808
754
806
894
924
934
880
852
898
858
816
840
802
862
834
878
662
1050
846
810
722
708
744
748
818
780
750
844
810
844
876
888
880
870
756
866
846
854
852
832
854
808
838
884
878
876
544
754
758
762
816
756
734
784
740
688
738
766
888
864
794
854
838
802
800
744
756
780
764
798
816
842
890
832
822
872
768
674
656
612
572
642
736
822
780
776
838
892
914
966
906
922
882
866
914
888
832
804
728
766
810
844
888
800
850
850
848
754
774
768
716
742
760
732
668
682
694
724
756
694
754
804
864
876
888
866
846
508
778
710
652
726
750
850
896
856
782
740
822
800
768
808
882
892
874
830
818
844
858
832
852
816
844
870
876
842
814
850
854
866
626
752
738
804
832
840
586
726
752
768
698
770
752
794
822
814
880
888
890
610
994
804
820
828
786
820
854
896
576
660
824
756
714
678
728
768
872
886
944
882
544
820
730
692
636
626
602
696
696
818
794
832
864
878
846
826
832
816
798
706
688
670
616
642
650
716
782
750
746
768
778
840
814
740
700
752
746
792
822
834
766
808
834
806
860
826
820
814
780
834
790
808
796
826
756
786
796
690
968
796
796
792
708
710
726
754
702
730
698
716
686
652
750
610
668
784
826
864
768
704
708
726
792
850
908
626
976
718
684
872
628
574
600
574
598
680
674
692
690
758
720
702
636
534
674
684
650
640
622
604
640
620
692
706
778
796
876
860
850
712
956
802
746
726
790
816
850
854
888
836
898
856
852
898
892
864
752
780
748
754
782
792
834
810
818
812
822
854
834
852
842
854
808
756
762
778
790
800
768
774
722
800
642
694
620
666
642
686
712
838
892
878
934
902
586
878
848
842
792
838
766
712
666
622
734
612
568
656
720
870
938
914
944
926
918
910
892
882
668
1042
850
836
846
856
864
912
836
892
698
1076
884
832
724
544
578
684
812
886
840
792
810
798
802
758
832
858
822
834
892
870
778
776
850
828
788
784
806
778
700
724
642
750
734
700
702
704
692
708
764
794
798
768
688
706
664
652
624
584
608
614
602
650
740
794
898
870
892
554
832
746
718
766
738
750
858
876
900
858
880
790
752
698
674
786
636
862
920
934
920
854
808
782
742
642
640
652
684
788
864
904
838
894
836
524
604
702
760
812
876
794
844
840
850
586
812
878
916
890
880
572
696
870
842
892
846
784
814
814
830
564
730
862
898
896
596
696
708
760
682
656
680
684
652
630
660
740
822
864
816
778
816
796
722
704
752
786
724
696
690
678
674
696
714
644
620
636
642
676
690
680
692
726
684
652
654
660
720
714
678
630
680
690
696
722
654
636
646
662
674
646
634
634
644
664
722
716
714
758
788
760
694
656
658
666
656
630
624
642
626
636
686
706
778
742
754
726
724
698
660
670
722
764
766
776
744
698
738
760
748
686
666
696
688
786
734
710
752
770
762
704
702
716
728
680
644
636
658
714
742
726
666
672
700
696
740
804
828
766
778
770
782
800
776
722
736
766
794
790
756
774
786
766
744
754
784
806
776
756
810
852
868
828
802
798
790
714
666
654
648
630
634
684
818
878
836
748
724
696
672
630
696
676
714
744
718
678
690
724
754
768
750
730
752
792
792
748
720
728
704
662
636
636
630
686
696
722
734
810
720
692
686
672
680
718
746
718
690
672
654
664
676
706
706
752
722
678
694
720
732
718
760
740
734
712
762
742
720
710
670
646
642
666
668
648
624
638
648
702
766
830
870
870
870
842
812
786
744
722
664
632
648
708
814
882
916
906
916
900
824
782
770
738
702
696
740
792
798
812
728
648
680
654
678
704
712
824
840
842
768
706
678
662
664
668
720
800
830
786
790
828
828
720
640
624
602
638
648
640
624
628
622
616
582
572
580
580
580
586
572
630
582
570
604
620
728
750
766
740
704
706
688
676
698
718
752
748
738
710
708
720
756
712
696
648
634
644
658
690
710
756
776
768
722
656
686
684
734
768
788
772
786
688
702
706
684
734
656
604
626
630
616
592
606
616
638
658
666
728
698
682
680
600
648
652
584
592
632
668
734
812
818
818
846
832
838
566
618
718
680
702
674
668
688
712
764
760
756
728
770
812
826
826
824
830
828
820
818
782
778
798
816
792
784
780
746
706
752
824
868
864
864
838
854
852
840
742
754
750
786
688
692
694
724
734
690
722
728
754
666
620
598
606
592
652
640
638
556
600
588
576
574
584
578
582
572
580
576
582
572
568
562
560
566
560
554
608
592
580
614
602
616
600
626
642
650
650
604
580
584
572
576
566
584
624
718
682
650
668
740
744
642
946
788
744
690
666
548
630
606
612
600
596
606
636
728
780
776
810
754
714
672
664
654
648
652
642
648
646
672
670
654
682
684
708
728
708
694
684
694
758
762
790
792
770
696
680
656
658
656
668
748
794
788
782
710
650
644
632
622
628
618
654
732
808
826
818
788
750
766
752
780
728
704
712
740
762
740
694
698
682
658
616
604
594
590
600
594
678
728
740
674
712
716
708
714
636
624
624
638
674
728
784
740
728
728
778
718
644
612
646
662
734
822
846
782
742
772
778
764
738
662
614
604
588
584
596
676
814
844
832
798
790
774
726
690
662
648
676
634
622
646
690
764
804
822
776
678
672
650
650
670
682
724
694
716
732
676
652
674
638
690
712
710
728
658
612
602
594
588
582
604
632
640
646
716
728
702
658
660
668
682
698
698
674
624
668
674
708
748
692
682
636
648
648
620
616
642
708
724
724
764
790
786
744
784
754
796
752
700
698
730
756
776
750
744
760
826
792
730
696
726
752
740
700
680
668
702
710
710
814
856
836
864
822
794
786
750
764
706
706
718
730
688
690
700
780
756
736
666
636
654
676
658
652
642
654
610
612
626
614
610
578
606
572
576
580
656
672
698
724
740
738
766
724
712
668
646
650
640
632
674
710
744
724
794
796
754
752
700
692
690
702
666
650
638
684
714
724
742
748
752
732
716
724
710
694
702
702
704
750
766
738
748
746
734
734
716
680
666
672
694
678
656
684
670
716
742
756
738
728
652
650
652
666
680
706
730
726
708
680
640
600
592
576
688
624
690
696
678
756
844
888
870
882
850
810
760
704
656
648
652
648
670
678
# end time: 2014-02-27-21:38:46, 1393555126.15
