# R wave intervals in milliseconds per line
# start time: 2014-06-18-12:33:17, 1403109197.37
622
658
662
666
702
688
696
684
748
752
766
718
718
712
768
650
686
750
730
718
746
770
686
664
734
712
672
664
716
704
694
722
764
780
736
502
664
682
658
626
652
698
800
818
832
838
830
784
748
754
684
668
768
714
682
700
718
764
758
712
734
702
762
770
800
748
750
768
584
794
666
730
722
744
696
542
814
516
708
734
774
594
668
680
638
694
636
652
616
658
656
736
698
650
732
684
716
732
688
548
864
670
698
668
754
746
766
570
898
746
736
682
748
720
716
684
680
692
696
682
632
638
584
612
716
816
820
868
864
852
864
840
828
822
762
830
806
782
750
784
730
684
668
688
684
678
686
684
640
742
720
714
768
748
734
694
656
702
702
680
716
700
718
672
694
724
680
702
644
652
684
734
700
716
752
702
732
720
746
772
734
712
714
720
664
686
684
728
722
684
726
740
772
726
736
714
718
752
734
734
796
764
704
718
748
754
732
718
726
760
696
734
718
748
764
734
756
686
776
716
666
668
688
678
716
654
700
712
724
666
678
716
688
680
686
730
718
668
682
702
698
700
650
680
674
646
668
682
716
702
636
732
732
750
744
722
734
722
712
650
720
702
764
744
676
710
750
736
686
730
746
722
684
716
716
682
672
744
736
716
698
752
716
650
636
622
640
636
638
666
684
666
700
730
738
730
682
670
656
626
584
652
584
662
672
556
924
802
668
968
698
734
726
746
694
732
718
730
740
758
740
732
770
512
746
646
700
684
650
682
650
670
712
634
680
756
760
790
710
750
768
784
722
678
744
720
718
684
732
736
766
748
734
734
732
740
666
732
744
736
720
748
780
792
692
750
736
748
738
712
734
766
750
674
646
696
700
666
652
702
668
700
630
682
618
634
652
678
754
766
686
744
760
696
846
736
750
734
652
696
708
710
702
682
732
732
734
688
726
720
732
668
654
776
666
666
618
696
738
792
776
614
832
732
670
690
688
662
682
676
678
714
654
620
678
700
698
682
658
714
752
750
814
714
734
748
700
698
704
712
718
688
728
722
742
698
666
702
684
648
716
700
690
644
696
702
654
602
714
684
696
656
646
716
668
664
668
700
690
658
650
684
648
634
664
672
648
752
746
716
702
748
674
654
724
646
666
628
622
688
680
654
678
734
698
700
714
704
696
684
702
698
652
670
730
700
650
702
694
670
662
718
712
720
682
658
628
680
662
676
694
718
702
714
730
722
728
658
694
684
704
722
660
688
736
708
696
748
764
842
838
854
868
772
732
790
820
846
756
762
762
766
678
732
764
754
728
702
778
720
686
730
772
792
772
808
826
798
790
758
784
770
712
800
792
790
554
674
648
746
772
716
770
734
762
672
680
734
756
710
738
728
766
698
700
716
724
760
696
654
752
766
754
730
776
760
734
756
746
722
740
700
694
730
708
680
684
728
768
734
708
776
798
798
786
790
794
732
702
766
750
724
732
726
764
742
710
734
766
772
756
756
762
748
674
730
730
740
684
748
794
770
688
746
766
686
722
740
734
720
702
770
794
780
736
780
726
694
700
730
706
730
766
686
734
730
756
658
718
730
734
688
700
756
732
678
732
714
702
720
702
704
766
726
668
666
652
702
646
596
630
630
664
732
716
784
770
796
698
802
734
750
716
678
686
740
834
788
790
798
832
706
780
732
706
788
578
660
738
666
684
722
694
690
646
694
702
718
664
704
700
716
696
718
750
770
756
676
736
700
676
686
650
722
694
648
718
686
760
744
784
738
742
752
760
772
678
718
714
718
676
662
738
728
800
718
770
714
764
686
680
674
664
678
620
662
692
730
696
786
794
788
736
764
716
752
766
730
732
772
796
802
784
668
798
734
722
690
710
630
666
664
670
696
678
636
694
712
716
734
686
666
684
664
682
724
676
708
688
736
764
734
702
740
710
756
716
694
716
718
670
648
748
798
790
712
782
766
738
660
704
716
728
702
690
728
818
816
784
780
806
844
806
712
722
732
714
722
710
746
754
768
754
790
840
812
718
716
732
536
578
672
540
708
668
696
694
744
792
738
620
936
690
754
664
778
754
782
732
666
676
694
702
682
682
682
740
694
716
682
704
710
706
694
686
688
714
666
648
686
728
710
664
744
738
718
708
704
690
674
682
666
690
712
702
716
766
772
742
700
706
924
666
582
614
572
648
662
656
664
658
694
668
650
618
648
628
624
528
806
712
722
728
718
684
650
616
634
638
710
734
750
802
780
768
718
698
644
624
620
678
644
640
664
700
688
702
664
714
720
704
660
684
698
718
704
672
664
738
736
688
652
698
786
698
700
682
702
698
718
666
700
728
738
688
714
752
746
700
688
696
702
716
666
704
710
702
688
666
714
714
702
666
678
676
734
690
698
710
768
764
698
698
702
692
642
688
686
644
676
644
682
632
666
634
700
652
632
684
648
686
668
748
760
754
750
686
668
666
728
688
632
682
668
716
666
692
738
784
740
696
714
732
730
668
704
716
692
662
676
732
672
646
690
676
654
730
650
650
678
704
602
580
588
596
566
584
584
668
746
734
816
732
734
718
694
634
598
616
604
638
658
716
620
700
638
678
718
760
822
734
718
728
690
682
712
664
636
680
684
732
766
758
692
734
714
708
724
692
682
668
714
716
688
700
730
734
726
756
704
688
704
662
682
714
740
724
660
694
702
702
666
650
652
712
624
680
694
720
748
714
702
720
672
808
696
662
708
676
720
702
730
700
738
734
704
776
678
662
704
708
648
690
666
684
734
752
762
702
714
716
710
662
710
700
704
718
662
710
692
716
706
656
686
684
702
678
682
670
718
748
740
726
734
732
706
644
650
634
632
634
714
738
676
738
780
804
780
734
768
782
702
700
782
752
732
816
714
752
782
722
794
802
748
766
772
734
744
738
778
774
780
696
736
714
766
684
684
724
758
786
782
864
736
702
744
748
708
694
752
798
770
794
854
766
770
732
784
766
718
746
782
766
772
780
814
786
702
760
756
750
716
780
780
792
764
814
816
834
802
784
782
836
782
800
798
764
734
782
720
734
700
782
750
722
708
702
668
700
654
750
666
712
690
678
782
698
702
724
712
780
772
760
786
730
668
682
704
696
722
732
734
680
780
752
750
720
708
690
704
712
680
668
718
700
730
716
736
746
698
674
666
680
682
716
766
750
748
756
748
730
716
688
698
706
712
704
716
764
730
670
728
772
744
698
750
770
732
696
752
760
784
706
732
764
786
730
736
734
748
748
734
732
684
716
730
718
698
704
732
768
766
750
754
680
758
720
752
738
694
700
714
714
720
716
668
704
692
570
756
682
648
690
696
684
706
786
776
786
738
742
800
784
730
714
752
734
716
670
844
742
736
666
692
722
746
724
678
754
748
744
734
688
718
702
666
654
668
648
664
780
742
714
812
784
748
700
732
736
720
686
772
788
786
746
754
828
702
702
768
758
700
686
730
702
670
696
754
696
746
756
762
686
704
712
766
690
726
718
738
714
714
700
686
680
660
674
698
690
660
650
640
754
502
518
580
564
606
544
668
698
692
664
646
686
646
632
604
598
600
616
622
712
712
710
708
740
728
768
732
720
680
740
698
730
692
678
656
662
660
668
664
644
610
620
626
626
634
622
614
680
652
648
642
704
674
630
652
666
638
694
666
650
668
670
680
662
658
662
684
648
672
688
654
658
610
670
634
618
630
624
630
666
708
728
700
682
716
714
714
674
648
716
718
732
686
664
706
712
734
700
696
716
718
684
682
708
714
798
732
700
736
734
682
666
676
724
680
670
696
716
688
650
664
674
694
670
684
710
724
752
680
698
686
682
722
648
678
658
676
682
672
704
770
860
748
754
734
718
714
664
680
678
692
670
704
762
720
682
746
734
704
668
682
684
680
688
648
686
684
668
662
682
688
704
654
692
688
694
688
664
668
690
706
702
650
684
682
730
684
650
646
658
652
618
650
646
686
704
684
662
722
720
792
734
684
736
734
714
728
718
724
744
786
738
796
794
740
734
746
740
694
646
706
664
640
636
630
702
716
700
682
742
756
702
668
702
712
720
664
678
694
684
726
686
700
700
700
656
676
696
696
678
666
700
700
700
654
680
698
702
704
676
688
714
704
700
750
744
788
732
764
708
716
680
682
700
700
702
676
696
728
704
714
700
716
722
676
690
682
680
736
682
698
716
732
704
668
706
726
684
700
702
636
688
642
634
660
654
666
628
656
686
704
764
696
720
726
716
676
688
692
708
716
678
718
730
740
726
684
716
708
668
688
668
728
654
644
688
684
698
688
694
748
726
634
676
674
684
704
516
772
698
708
778
768
796
826
770
758
766
716
754
712
686
766
702
700
688
692
694
672
722
662
702
698
684
680
648
658
694
678
678
690
740
770
770
722
750
746
772
700
722
728
734
706
740
748
766
784
744
800
780
762
798
660
740
732
754
696
654
700
680
698
706
748
702
718
728
782
708
660
696
702
732
738
714
802
860
838
832
852
862
848
768
782
796
792
636
750
692
546
758
750
748
752
690
660
734
764
868
832
816
838
812
766
716
722
762
730
686
718
754
790
794
794
798
802
732
754
780
780
752
752
780
806
762
766
764
720
756
692
736
766
718
734
770
766
726
768
740
790
726
690
754
748
760
722
686
666
716
686
744
668
732
724
728
748
736
770
796
718
712
768
748
704
748
764
740
752
750
762
826
782
724
794
754
748
708
720
736
752
700
784
760
804
724
748
728
736
696
740
750
800
792
814
820
822
778
832
798
734
684
682
720
746
732
686
768
828
834
606
664
784
766
732
746
750
708
836
672
716
766
720
694
700
736
750
702
766
748
768
702
750
752
764
730
702
702
780
766
716
686
754
758
732
732
756
744
736
716
736
696
716
736
766
782
718
752
514
592
726
666
748
720
730
716
652
716
684
654
748
770
762
730
762
802
806
728
772
762
750
714
718
716
714
668
684
720
714
734
718
748
766
782
734
766
796
738
706
726
722
710
714
706
796
784
734
768
766
750
738
710
746
754
780
720
730
784
780
718
700
788
764
718
730
748
748
700
702
730
716
720
668
698
684
778
722
726
772
770
710
782
770
700
716
732
748
752
746
752
782
814
752
752
750
796
732
734
750
782
750
732
786
768
730
772
732
796
750
704
730
720
808
718
748
770
754
740
720
716
736
712
684
652
616
618
662
638
644
736
630
716
684
686
648
666
634
650
616
618
660
696
708
710
772
810
786
762
686
674
654
656
618
630
670
700
712
732
706
694
690
682
650
622
656
648
678
654
664
664
748
710
700
674
670
696
706
642
660
674
690
730
718
638
760
752
752
764
730
730
704
716
702
656
656
648
678
716
736
690
620
708
682
722
746
696
726
746
732
680
718
688
640
654
638
644
712
674
666
702
710
764
734
734
718
670
694
732
748
734
774
594
692
696
764
768
778
782
724
710
700
686
704
674
684
714
720
704
678
764
784
798
752
698
782
782
806
780
720
712
788
790
704
732
754
766
746
692
644
712
708
744
712
692
726
778
722
682
738
730
794
702
698
734
764
694
718
662
666
692
708
710
790
876
884
784
764
770
802
696
680
686
694
688
698
752
796
758
692
754
764
850
832
740
742
816
766
718
716
788
776
806
696
750
712
724
692
670
668
694
738
732
696
664
670
690
680
696
684
702
728
734
702
714
712
718
694
728
704
720
696
684
764
754
712
782
790
792
702
668
714
752
762
746
692
722
742
728
752
766
798
820
732
724
752
768
736
732
770
770
726
754
778
788
726
740
754
760
686
750
782
746
718
784
808
758
724
780
792
736
698
756
746
684
662
716
734
730
674
734
776
804
816
766
734
736
760
786
588
642
688
778
768
796
768
752
688
740
722
730
652
666
674
706
734
692
644
716
724
680
698
682
714
718
720
696
646
650
700
702
# end time: 2014-06-18-13:04:26, 1403111066.59
