# R wave intervals in milliseconds per line
# start time: 2014-03-04-00:38:46, 1393911526.56
706
734
634
808
682
686
650
736
894
694
556
806
696
770
786
778
806
662
734
734
768
734
666
684
684
668
700
714
822
834
766
808
794
800
734
734
768
800
794
760
780
802
828
740
756
796
818
766
592
798
816
986
682
630
700
598
742
680
750
630
732
700
820
592
528
754
718
756
776
510
598
722
772
752
782
788
780
728
802
818
830
762
930
602
636
712
756
818
828
888
784
634
986
798
768
766
668
816
632
566
776
748
512
598
502
772
732
678
722
750
768
714
708
716
784
724
684
676
760
742
700
690
686
714
718
720
666
704
746
840
654
690
698
746
704
620
780
702
674
660
640
722
606
698
554
600
694
698
732
710
868
780
742
792
742
676
652
678
644
734
734
734
768
818
816
800
834
722
710
688
746
802
798
770
704
700
774
782
770
734
710
766
774
768
734
700
768
760
708
710
662
724
602
794
504
800
756
712
700
688
642
606
652
678
688
832
860
836
692
798
766
794
802
782
766
702
728
752
788
792
790
744
820
832
840
814
822
792
814
842
762
792
806
754
690
688
646
708
818
842
800
800
850
822
732
702
730
786
798
838
750
834
830
768
678
648
668
738
796
828
776
730
764
838
762
752
732
772
668
788
790
716
722
706
768
772
832
816
784
706
770
736
754
780
734
750
784
828
900
860
816
754
730
800
786
766
768
782
786
800
858
778
796
804
830
830
802
724
776
772
818
810
728
722
696
770
698
664
646
668
652
658
682
734
758
692
718
768
778
736
670
700
708
678
730
688
650
752
762
736
690
772
758
750
760
686
692
728
722
694
694
680
698
746
632
618
632
670
704
672
634
686
720
662
686
702
726
720
802
718
716
736
764
804
792
792
684
700
768
800
826
802
754
786
778
746
846
828
774
806
784
678
628
684
722
798
768
670
712
756
798
852
868
828
756
770
758
776
768
800
772
786
830
846
826
834
710
768
734
692
710
676
644
668
680
734
828
822
752
768
734
766
764
738
700
768
764
790
776
700
706
726
744
566
858
758
790
790
808
740
694
720
792
790
750
784
778
842
782
668
734
718
710
668
650
702
714
826
836
796
786
830
818
754
698
704
696
772
796
738
690
766
780
766
786
772
804
752
790
768
770
698
700
700
734
736
820
746
716
686
782
752
768
796
738
722
738
758
708
706
730
666
750
754
788
792
734
712
716
708
762
768
752
734
768
782
800
724
710
710
754
796
772
772
832
850
808
734
746
766
796
788
718
734
794
774
748
712
742
760
822
714
656
714
726
746
702
700
716
746
706
758
696
714
766
766
718
636
624
654
666
644
692
642
666
622
610
604
634
628
674
696
770
762
674
730
716
756
760
800
768
736
672
652
724
720
740
700
734
756
792
788
834
768
690
690
686
702
688
734
696
662
674
730
726
714
752
690
634
666
676
732
778
792
774
808
786
758
772
732
666
714
612
646
704
734
710
664
684
706
724
716
664
702
700
734
748
716
670
670
726
710
696
694
668
704
708
682
710
586
764
682
668
674
720
772
798
780
708
730
784
746
672
702
728
752
774
742
658
716
726
750
718
658
644
706
698
684
654
690
644
662
606
644
660
678
658
632
694
684
722
700
650
684
654
678
662
738
738
734
800
746
704
684
696
688
672
660
704
718
758
744
738
788
710
674
726
736
726
774
734
700
684
718
764
770
734
734
716
738
740
684
638
700
688
700
768
732
694
714
736
752
722
672
722
712
714
704
680
712
676
768
700
672
678
652
752
682
660
768
774
754
802
700
714
682
670
666
648
668
692
744
524
792
510
584
760
690
800
778
612
918
694
612
718
664
658
662
700
782
858
872
858
800
864
850
824
842
816
820
790
830
738
734
760
798
818
810
724
752
766
760
718
734
772
812
784
692
736
756
542
698
640
716
700
736
712
716
788
818
786
758
772
836
784
734
732
728
740
716
720
706
688
658
740
598
594
618
620
648
762
672
666
720
736
714
776
670
654
672
692
702
800
766
736
668
708
774
766
782
762
756
720
726
654
694
774
796
838
734
722
746
768
768
700
712
752
784
882
806
760
802
818
812
774
792
762
810
864
798
716
814
788
778
822
750
718
722
770
744
670
688
644
690
602
774
820
856
826
844
802
800
734
750
784
904
852
844
806
860
836
784
774
778
800
814
760
796
794
818
898
864
786
746
736
720
826
654
514
702
528
594
828
536
850
528
618
780
510
800
768
700
662
704
712
790
774
716
790
524
670
582
882
802
800
800
834
802
848
820
820
800
724
742
746
772
766
802
800
808
824
762
742
818
784
716
738
762
780
702
672
648
668
680
688
652
634
698
746
790
728
708
700
758
766
746
666
706
734
766
754
690
754
776
848
762
716
724
738
762
844
754
716
768
734
700
534
900
754
804
796
788
534
776
764
770
786
762
774
692
594
644
672
766
784
818
700
732
728
766
776
702
774
812
848
866
842
828
768
734
700
714
742
744
736
734
750
774
774
716
780
810
822
838
738
734
804
784
812
740
734
764
804
758
728
772
796
702
736
746
936
824
786
792
742
826
674
604
700
772
818
762
756
782
776
738
692
720
788
786
798
726
700
746
744
726
668
638
650
656
702
710
760
842
824
828
756
762
732
716
636
666
706
716
774
708
774
852
862
762
634
750
714
736
718
836
744
726
752
822
784
722
694
656
654
664
704
772
826
758
750
762
736
666
722
600
650
734
666
744
786
772
692
654
656
852
610
572
642
610
674
660
640
678
606
662
622
634
612
592
616
562
566
622
646
666
734
684
650
668
668
700
686
682
662
664
666
686
758
810
800
732
764
766
832
578
598
644
710
724
744
748
814
786
808
686
728
718
792
792
792
850
770
766
734
550
864
738
768
792
734
736
782
854
854
800
780
764
756
740
738
674
720
746
746
820
750
746
770
798
732
720
692
670
672
734
800
834
782
774
802
808
768
764
748
756
734
750
700
732
766
764
772
716
750
820
770
740
726
752
742
690
686
750
774
740
684
722
718
730
682
740
728
770
716
668
688
700
768
788
740
680
768
750
702
706
504
558
708
726
628
548
816
794
794
532
776
724
730
696
734
712
728
740
766
830
768
738
762
806
744
676
716
724
734
834
820
786
754
848
818
856
522
590
778
712
818
776
774
766
744
736
808
776
782
718
724
784
774
724
662
674
718
752
726
734
694
766
772
678
712
706
702
710
720
654
662
728
664
666
662
698
748
760
720
658
688
698
622
668
696
724
824
792
732
736
734
780
736
726
710
782
816
842
820
758
764
794
800
746
742
728
764
798
772
782
670
614
616
654
914
954
928
892
882
668
692
810
828
822
790
756
796
764
774
742
724
736
674
664
654
644
624
606
600
604
618
668
674
740
706
706
734
700
692
684
674
660
660
608
664
628
664
642
632
640
694
600
726
676
700
704
696
650
618
772
650
622
676
690
742
776
700
744
766
778
758
794
690
666
670
706
696
706
666
720
776
786
788
700
722
710
704
700
634
634
630
662
676
664
698
706
722
756
682
690
702
568
808
678
624
676
690
750
796
786
808
742
566
624
556
732
668
634
668
680
720
734
786
726
712
726
700
648
614
628
622
628
638
688
748
712
750
684
668
700
650
630
644
678
686
750
758
776
742
692
700
706
722
726
674
708
736
822
812
752
698
684
750
736
712
716
690
700
768
752
716
730
748
750
732
666
670
690
686
712
754
674
694
722
734
714
662
722
718
758
676
668
724
710
680
688
666
724
736
738
762
662
676
646
728
720
692
674
698
778
742
728
696
702
676
668
694
662
704
714
718
702
734
730
726
656
700
700
734
722
680
680
702
706
670
642
602
668
712
754
736
734
730
760
712
718
634
674
690
728
694
666
734
764
790
730
724
690
732
700
644
654
726
720
668
718
736
746
700
702
622
668
662
682
666
614
606
618
600
714
738
784
812
870
832
876
770
686
688
672
732
668
634
652
712
692
746
688
696
696
706
736
782
800
866
818
784
744
758
768
844
852
822
774
780
792
848
800
692
736
768
828
860
848
766
818
784
818
750
696
738
734
830
790
694
750
772
786
840
764
680
760
708
716
710
668
700
742
862
840
822
842
838
768
694
740
696
752
726
682
742
762
804
776
726
764
774
760
754
714
708
742
746
718
626
638
692
704
736
772
718
718
772
752
776
730
706
572
772
766
756
758
768
714
718
764
770
700
736
764
782
818
786
700
756
730
778
700
668
738
728
750
670
662
720
714
672
656
708
730
698
714
710
724
734
748
698
734
770
752
782
708
720
784
774
848
782
814
802
800
714
752
772
800
770
776
802
844
822
736
776
736
730
624
612
628
606
698
728
742
818
846
842
796
778
754
730
806
752
740
792
840
866
834
776
778
750
758
654
632
624
664
814
894
894
830
854
864
940
938
920
592
608
780
834
888
862
788
802
864
856
800
740
770
786
820
808
860
844
902
834
762
754
780
786
714
718
822
834
830
782
684
742
674
664
742
794
814
788
814
854
846
764
760
746
788
782
768
702
760
822
822
840
778
786
768
802
732
684
686
722
720
664
722
728
748
838
786
720
792
758
688
706
728
728
726
718
534
846
714
738
760
682
772
748
762
724
702
726
756
788
702
718
742
744
734
774
742
740
736
704
684
762
778
726
732
730
742
820
796
766
714
730
716
790
756
704
720
718
716
660
632
648
658
706
734
834
836
846
820
810
736
724
780
734
764
718
740
730
798
758
786
618
680
732
728
812
688
634
680
652
638
630
698
772
770
758
780
788
834
760
688
620
780
686
546
792
768
802
768
756
734
664
688
724
758
752
764
850
790
724
778
796
774
818
736
736
716
686
724
688
696
706
710
800
770
728
726
754
780
806
744
776
750
750
730
676
722
558
802
732
712
740
724
824
750
750
758
748
784
690
746
758
852
794
824
780
864
840
634
928
774
770
846
782
778
796
812
760
810
760
828
790
666
688
904
714
718
630
720
678
752
718
742
744
724
768
746
664
706
752
726
718
686
694
716
746
754
780
700
802
818
794
726
728
800
820
794
832
766
790
774
600
554
826
756
770
834
792
764
724
756
782
754
682
656
716
714
714
772
722
738
768
856
798
778
762
708
806
516
572
720
786
766
770
702
696
690
706
718
636
752
748
792
768
720
720
914
776
828
606
762
502
802
776
696
724
744
730
704
634
702
800
804
834
794
776
512
592
770
790
716
506
508
804
810
818
792
824
832
762
762
578
532
744
804
724
780
800
840
784
816
814
764
816
770
768
656
922
718
752
800
808
580
656
768
802
746
668
750
568
748
776
732
728
790
530
840
820
812
772
830
784
734
724
802
538
580
694
790
788
542
792
752
768
512
760
724
768
838
752
888
782
788
796
742
732
674
682
718
682
690
794
828
896
802
830
802
800
756
662
674
600
716
742
766
668
742
738
810
754
698
720
734
800
736
712
684
690
626
660
642
686
730
778
866
812
852
646
522
836
788
784
704
732
758
780
804
682
770
780
808
666
868
802
802
834
836
512
760
742
816
756
770
752
794
868
802
744
748
778
766
776
732
750
628
562
790
772
728
784
688
518
748
792
844
764
750
712
750
762
774
734
770
798
770
694
732
736
734
664
648
904
666
708
742
724
738
756
804
712
704
712
700
690
636
688
706
580
748
686
688
698
746
876
708
742
788
790
746
728
760
754
734
502
598
566
668
768
700
744
758
758
746
802
752
714
704
718
734
778
776
768
516
790
760
752
774
746
804
748
704
720
634
768
732
772
646
780
774
722
734
796
820
850
552
770
694
678
796
746
704
726
514
562
794
694
668
808
668
686
908
770
736
768
734
754
782
744
566
764
672
802
732
790
860
840
600
942
790
794
742
692
748
656
704
676
706
882
736
664
738
702
802
734
668
626
570
708
806
830
834
892
812
832
604
526
792
746
732
724
646
660
684
674
852
822
858
902
864
836
804
822
742
740
764
760
748
808
820
804
806
852
798
788
764
704
728
710
694
742
746
748
810
780
656
634
690
646
650
620
662
686
688
746
740
776
804
714
728
700
716
690
710
658
634
682
672
676
730
680
724
738
764
734
740
742
702
728
672
678
660
652
730
748
788
754
826
824
762
772
772
780
808
788
746
808
564
764
770
792
760
822
598
544
742
750
744
796
782
736
772
810
832
790
782
806
778
750
782
750
782
768
702
664
768
786
764
710
774
776
798
714
730
736
748
698
720
802
784
714
732
696
712
696
702
700
756
776
862
784
770
834
848
722
754
716
752
684
686
716
528
592
660
742
762
776
740
730
842
800
716
646
750
564
588
636
622
598
670
694
648
698
654
626
616
630
648
1342
1236
836
504
668
600
582
630
740
616
586
800
592
632
598
644
628
612
648
652
618
660
568
572
626
536
574
556
604
592
622
564
606
556
600
634
616
616
572
612
584
616
616
660
674
770
698
734
682
682
706
712
708
668
634
626
644
698
658
682
660
610
622
688
700
770
730
704
690
668
730
866
646
622
628
706
586
996
844
740
774
758
830
806
776
754
744
756
754
734
730
732
776
768
782
772
814
820
832
800
770
766
782
798
732
746
822
818
756
752
740
746
708
636
712
748
784
760
782
760
698
718
646
696
690
662
708
734
768
812
762
784
794
776
730
748
738
750
814
708
770
674
676
770
800
792
816
818
848
792
520
594
730
698
724
668
662
710
770
830
802
818
784
766
796
736
742
734
780
742
682
702
762
756
734
654
734
668
672
656
708
782
752
704
742
794
786
828
786
772
736
734
698
672
652
644
600
642
702
772
818
810
838
786
816
502
750
696
740
748
812
770
782
778
806
754
778
764
760
768
714
756
828
756
602
664
680
560
636
654
716
730
782
808
816
766
766
784
782
772
532
608
714
788
848
822
790
800
832
552
652
652
748
832
846
786
790
766
844
828
668
532
736
502
794
828
816
690
512
502
524
690
722
674
640
728
698
728
788
826
790
764
698
752
786
814
750
742
708
826
744
730
780
734
844
830
834
532
708
738
756
732
668
732
758
780
852
846
824
514
818
614
676
626
764
754
784
726
732
722
812
826
832
870
804
850
784
792
740
848
814
810
796
778
854
782
730
772
818
846
822
844
812
902
810
778
768
756
770
682
672
700
738
806
766
798
844
798
870
782
786
814
780
710
696
818
778
818
780
816
804
762
774
782
816
774
726
768
772
760
756
726
786
806
830
768
784
802
868
768
748
654
628
678
698
758
752
740
656
768
724
748
790
792
738
732
796
756
790
742
794
770
746
654
666
674
682
796
802
824
828
840
514
602
568
828
812
530
782
768
824
846
834
854
704
646
688
716
768
868
834
754
716
750
678
712
702
672
654
714
756
776
766
738
636
646
630
624
616
634
602
626
610
600
628
610
674
624
674
672
654
668
688
786
782
736
720
660
668
676
720
760
862
826
812
790
756
710
700
700
748
794
802
908
832
832
826
852
792
770
772
784
714
702
744
758
806
794
738
788
804
808
806
768
816
802
786
828
784
742
726
818
748
664
668
676
710
772
784
834
820
830
830
804
752
774
752
818
796
716
690
720
718
802
812
722
704
768
768
792
752
756
738
808
796
808
756
764
840
816
790
854
812
750
856
786
730
784
800
816
738
862
808
798
812
788
808
542
654
808
766
782
750
786
784
760
776
762
732
670
662
724
724
702
738
764
764
786
704
652
662
716
726
706
686
682
698
718
784
752
780
698
686
680
692
712
764
764
820
822
748
786
784
776
826
794
808
728
780
830
828
762
682
668
712
750
802
840
796
804
732
730
812
784
748
784
806
786
826
770
704
672
736
750
788
782
738
798
804
816
798
822
726
700
684
742
760
712
698
738
718
710
730
638
670
716
712
728
630
694
618
672
648
652
632
554
628
604
612
650
610
668
634
638
632
652
628
600
624
630
700
722
772
808
820
802
766
788
776
772
720
782
750
728
734
720
714
768
714
726
718
702
734
726
744
768
760
728
682
682
722
722
680
700
758
758
752
692
674
670
668
672
720
702
784
834
834
858
804
810
788
788
696
724
744
726
770
742
820
816
768
796
740
780
790
732
764
782
842
774
814
736
694
694
754
676
774
762
770
750
782
724
728
648
662
610
624
628
616
576
606
596
586
666
852
870
860
856
604
694
804
836
786
718
750
742
750
702
720
680
726
682
784
764
780
794
796
682
656
642
630
618
632
698
674
684
686
662
640
602
646
606
606
602
578
560
598
564
676
730
780
768
768
734
734
780
744
714
768
754
714
670
612
666
658
756
756
858
866
874
834
842
810
768
756
800
818
750
754
806
882
810
674
776
752
514
782
720
772
832
830
768
828
834
850
768
752
770
858
816
746
780
844
824
758
768
800
864
796
762
836
816
758
726
802
808
814
756
774
806
784
754
702
768
768
756
714
710
792
788
782
730
720
766
814
844
734
774
762
768
720
650
708
694
666
670
668
758
712
726
748
696
718
738
736
758
716
692
752
734
750
686
668
756
780
780
784
752
774
812
724
756
730
822
768
718
688
750
746
684
684
738
748
792
778
802
834
746
738
716
668
672
680
742
772
708
768
806
810
714
674
666
664
674
754
770
726
746
800
842
794
802
796
822
804
744
750
810
814
768
736
776
786
760
736
832
826
808
732
762
782
788
838
806
854
862
828
756
822
792
868
800
766
834
798
744
768
846
820
738
754
826
792
800
736
768
802
800
736
800
832
794
764
806
822
744
732
734
764
764
794
750
758
784
746
692
758
788
738
732
724
740
740
702
716
716
734
714
700
694
740
776
756
730
728
758
738
652
634
700
688
672
668
678
690
676
708
764
768
736
766
754
762
704
688
696
744
712
720
768
786
716
654
674
660
678
674
664
708
692
752
768
790
776
850
832
782
768
802
734
694
692
718
768
860
776
802
802
734
702
724
772
786
732
736
758
754
754
718
730
778
724
670
682
768
726
732
722
760
768
758
726
746
742
740
722
766
810
736
726
688
712
724
714
668
710
768
782
788
730
772
790
788
714
714
768
820
796
760
792
832
742
768
762
750
726
782
810
772
720
724
744
758
668
748
748
742
734
684
752
756
760
692
738
736
626
768
712
744
714
668
750
754
734
668
706
722
748
718
730
772
768
704
710
702
742
738
638
708
648
666
682
630
696
674
674
682
692
712
704
728
710
744
622
650
674
688
578
664
672
718
754
842
734
764
780
800
782
742
738
778
752
758
758
782
802
786
738
722
780
736
748
742
740
798
716
734
798
794
718
750
768
778
692
710
744
758
740
696
756
810
786
720
700
816
756
684
772
780
770
720
746
804
798
780
722
740
744
688
664
692
718
668
696
690
732
740
688
724
736
724
648
668
698
686
694
648
732
744
754
712
676
658
686
654
704
680
# end time: 2014-03-04-01:29:37, 1393914577.66
