# R wave intervals in milliseconds per line
# start time: 2014-03-05-17:46:54, 1394059614.94
604
614
570
512
716
686
668
736
734
714
726
686
632
622
614
606
624
606
610
634
600
584
554
568
594
600
618
636
634
598
584
604
592
586
614
616
590
594
600
600
652
650
648
650
634
580
606
632
650
686
714
740
756
654
606
646
652
646
630
650
586
610
628
648
688
694
728
648
640
664
648
652
646
622
614
634
632
680
678
648
648
616
610
660
658
620
650
658
660
720
700
688
752
734
716
706
694
660
674
702
722
728
750
670
684
684
728
712
670
618
628
596
610
610
678
676
668
638
610
618
602
598
652
628
646
628
632
600
624
576
562
552
548
536
526
506
542
504
528
520
512
568
534
562
536
516
564
538
548
534
548
514
504
996
504
558
646
754
792
748
796
798
818
824
816
772
688
670
698
756
782
782
764
766
698
714
738
774
824
822
814
796
738
746
708
692
656
654
598
588
634
608
634
672
686
752
706
646
668
688
718
680
686
630
652
610
590
566
606
644
750
794
778
812
794
826
830
840
800
976
668
684
668
728
750
750
708
718
720
692
656
626
636
636
622
670
644
598
626
602
668
610
606
632
586
658
652
672
694
694
658
604
646
616
614
648
718
566
592
622
628
650
678
638
662
646
682
682
702
760
688
664
724
734
746
794
782
756
762
734
758
694
652
676
670
678
688
718
686
648
680
678
694
702
702
626
616
658
664
628
634
664
694
706
708
680
626
634
684
692
708
744
666
688
710
708
688
696
618
582
598
614
636
714
752
708
640
668
720
796
828
792
812
750
700
718
634
618
618
600
594
592
628
680
692
668
712
784
796
736
686
696
684
676
682
640
670
682
714
740
746
738
702
680
698
700
716
724
684
620
622
614
648
692
714
696
656
696
734
738
788
724
670
648
690
708
716
734
752
720
682
682
714
720
740
692
856
776
800
776
742
802
752
704
712
750
780
794
756
700
722
732
812
756
694
736
738
744
686
668
712
726
712
730
660
686
758
738
648
654
634
608
602
606
620
626
616
616
674
658
636
632
614
606
648
598
634
594
600
532
566
558
596
584
596
628
644
686
618
636
614
622
676
670
622
656
674
674
680
730
676
682
658
700
722
696
666
620
622
622
668
662
626
658
626
684
704
726
750
744
682
694
650
694
668
648
616
580
592
586
558
576
548
566
588
586
666
698
706
692
702
616
640
622
616
616
618
642
660
634
648
686
714
738
766
714
684
716
708
686
632
594
634
610
614
636
622
598
618
660
616
596
622
602
610
614
630
616
676
632
606
594
628
602
608
614
606
616
672
678
764
744
746
726
692
636
656
688
744
796
806
776
698
692
680
662
686
640
662
636
712
722
800
778
744
686
666
698
704
704
702
658
638
638
642
730
748
772
748
734
718
750
758
740
762
688
686
716
714
704
684
634
630
636
650
666
662
620
592
614
638
624
634
636
634
650
674
658
716
694
654
622
656
678
694
706
702
728
658
648
670
662
664
676
676
652
650
668
668
676
664
664
610
646
658
670
672
736
720
698
660
682
686
696
698
652
656
648
672
678
696
686
646
610
642
648
660
664
640
666
610
644
604
610
634
652
660
654
634
634
632
632
656
646
650
666
686
682
668
686
700
708
684
730
708
702
650
678
686
734
754
764
736
678
710
728
716
720
728
680
694
718
726
736
744
710
660
676
702
716
746
768
700
670
728
720
726
680
698
682
684
682
640
620
622
684
676
692
734
660
692
704
706
706
678
634
658
676
676
746
722
690
724
718
718
702
644
700
688
692
682
698
660
686
698
708
716
682
658
718
694
704
712
662
672
660
690
696
710
692
642
694
692
676
658
670
652
680
688
698
672
636
642
702
684
658
658
616
628
630
622
600
582
604
616
636
654
662
630
632
652
654
660
638
658
610
642
660
672
662
636
654
676
686
686
650
610
650
640
642
634
612
596
618
610
600
608
632
662
636
646
672
664
708
668
624
622
664
672
678
720
656
684
702
716
724
740
692
636
664
686
698
714
682
642
678
688
688
690
660
632
660
638
684
650
620
612
636
658
672
634
616
634
646
656
652
626
600
624
632
640
644
658
650
620
636
660
662
672
678
660
636
680
694
700
714
672
630
646
650
654
664
648
654
696
716
730
696
672
700
700
702
684
648
660
680
682
678
658
626
686
680
686
662
638
676
676
662
676
646
674
688
684
666
646
668
688
690
666
680
612
630
640
650
634
668
658
672
688
706
668
652
668
668
666
638
630
628
672
648
696
636
646
666
668
672
664
652
678
678
628
670
670
668
666
600
634
590
606
590
590
602
588
572
582
602
634
686
698
688
726
688
636
610
624
628
630
624
616
606
590
596
554
582
680
744
690
686
642
622
618
616
624
628
638
660
666
688
700
672
660
672
662
674
670
660
644
648
636
634
610
634
568
580
588
610
660
678
700
822
822
810
796
752
716
742
684
658
676
592
786
592
664
718
730
726
782
748
704
634
618
654
636
606
600
580
652
582
612
604
642
674
704
718
736
758
724
722
730
746
736
734
700
706
654
620
668
648
692
688
674
718
764
782
810
786
754
724
740
648
632
656
670
682
686
752
700
674
672
700
698
676
672
672
696
706
712
682
684
666
688
686
660
628
690
688
696
684
650
680
700
712
706
660
692
678
722
690
660
646
694
602
680
678
664
676
700
698
700
668
648
656
686
692
688
628
644
616
626
618
618
594
586
610
612
628
634
646
680
708
718
704
676
680
650
662
666
664
644
620
688
704
722
748
732
678
652
686
712
724
730
702
712
728
704
740
688
638
650
706
722
744
722
674
664
816
640
610
596
590
600
694
594
610
634
654
694
722
744
728
698
714
732
684
686
646
630
700
700
772
760
688
658
682
700
722
750
706
744
750
758
762
716
694
668
732
696
754
692
692
736
724
764
704
702
736
722
754
670
712
726
734
736
734
696
696
726
728
730
712
702
728
710
756
684
640
698
694
706
686
678
706
716
690
654
672
696
708
716
656
678
686
702
716
686
672
728
718
708
742
728
748
754
744
736
704
698
714
716
714
702
646
670
688
716
676
680
604
646
646
638
624
598
564
594
532
570
622
690
724
734
684
692
664
620
586
604
552
510
562
540
578
548
606
602
614
712
802
514
566
824
762
734
716
836
826
838
786
822
782
776
778
766
752
732
718
750
702
734
664
664
624
596
618
604
662
680
712
718
664
618
614
624
656
690
714
756
768
760
714
724
728
720
722
716
656
684
688
698
704
704
656
622
648
660
678
702
668
650
674
686
664
688
622
610
646
654
660
724
690
662
702
708
674
798
720
656
694
694
660
728
696
656
670
722
700
690
670
692
736
748
736
778
724
656
670
670
660
658
628
610
604
614
616
622
630
644
646
632
692
648
640
648
638
608
598
584
596
608
612
630
630
658
624
632
634
602
600
594
616
632
650
674
702
720
718
698
640
624
640
648
672
684
784
716
676
664
716
700
686
650
680
706
744
744
666
668
680
674
676
650
610
658
654
662
674
688
670
638
658
684
668
710
690
658
664
686
660
668
618
614
610
608
634
654
692
706
636
658
630
616
612
610
616
610
618
596
584
598
610
600
660
644
608
636
610
646
628
630
624
624
636
652
664
628
614
636
652
632
652
632
664
698
720
736
710
686
678
724
708
720
678
630
660
624
656
682
702
694
650
654
686
710
720
708
650
646
680
692
698
696
682
616
646
640
584
718
624
614
608
628
626
676
660
610
692
670
660
616
636
648
670
634
668
612
590
630
626
602
604
616
602
612
642
616
674
618
610
686
668
664
692
624
678
654
694
654
606
616
642
644
670
642
658
684
680
650
626
604
618
604
606
604
612
688
712
716
722
678
690
678
640
662
666
652
668
630
558
656
618
632
652
642
628
682
690
676
734
706
730
734
576
876
678
634
630
662
646
636
682
608
634
618
652
680
728
658
664
642
688
696
676
708
690
740
710
712
686
654
672
628
602
656
654
668
714
666
680
704
704
718
670
684
728
746
766
752
674
664
682
690
724
734
692
668
682
706
670
620
636
650
674
650
712
628
592
606
616
616
596
642
642
666
680
664
652
632
620
616
600
572
596
524
538
550
570
564
866
822
780
774
732
678
754
784
802
824
820
794
750
698
674
646
636
634
638
620
610
610
632
682
728
736
702
682
658
666
702
720
764
728
666
680
662
650
674
708
774
764
756
714
708
664
616
656
684
650
632
678
690
718
764
774
726
722
726
702
704
664
620
626
640
662
688
710
722
698
650
676
694
712
708
694
638
656
650
708
712
708
680
712
742
742
744
712
710
678
682
666
704
668
632
662
702
724
734
720
684
692
692
696
690
666
670
694
694
674
632
600
640
648
674
696
682
666
688
688
682
648
602
620
608
634
626
576
608
600
656
628
612
630
644
642
656
720
722
746
684
650
638
634
626
646
630
660
622
594
604
596
594
562
628
646
658
634
616
648
654
668
700
696
660
656
686
688
684
670
584
602
596
616
686
782
756
792
758
644
958
762
672
670
672
652
614
600
606
660
674
654
644
660
682
690
674
630
610
618
624
634
622
598
648
646
710
692
718
638
690
676
674
680
644
616
638
658
672
700
718
684
646
614
668
662
672
620
646
648
670
716
720
682
666
710
658
636
602
682
662
672
684
660
654
706
610
566
604
576
570
568
822
546
536
580
586
622
578
622
584
602
626
648
720
724
780
708
688
684
712
732
754
744
704
680
688
668
714
686
690
680
666
696
630
614
646
676
680
684
690
674
710
738
748
772
712
688
690
692
704
694
668
668
712
746
796
772
690
710
736
750
716
664
690
718
734
746
708
684
734
706
738
678
682
714
730
744
720
660
656
706
712
702
690
708
728
722
710
646
604
682
678
714
734
732
698
714
716
712
688
668
694
674
722
680
658
704
710
764
740
720
652
706
714
698
688
650
618
636
664
684
716
692
652
710
682
648
616
642
630
596
588
640
662
660
716
670
676
686
682
724
708
688
648
614
618
662
684
706
718
636
632
592
608
610
642
682
780
770
732
724
668
668
658
644
608
598
612
660
628
624
640
598
588
598
592
622
638
696
678
644
678
682
696
736
728
674
610
640
654
676
694
734
658
686
746
776
800
800
760
692
708
702
690
660
648
678
694
694
704
676
644
656
684
684
666
636
646
660
682
774
790
720
692
704
696
662
618
642
620
662
670
646
626
622
636
662
658
658
618
612
642
652
664
688
690
638
602
622
614
644
620
578
588
602
626
632
656
618
582
632
606
580
654
614
620
648
684
710
716
658
590
602
552
592
632
638
682
618
620
630
668
604
550
612
566
600
544
554
586
596
600
584
574
532
576
568
556
582
592
578
576
588
606
628
696
724
718
694
670
652
634
628
616
630
654
652
658
646
674
680
678
652
690
680
672
662
626
590
626
646
672
632
610
642
672
694
702
634
684
668
648
650
594
606
600
600
618
616
610
600
636
622
634
666
676
684
688
684
660
684
654
628
616
602
592
582
596
610
634
626
642
642
652
684
712
746
748
768
724
768
692
632
592
610
576
612
588
570
564
602
584
560
570
582
596
630
716
782
806
800
764
798
764
666
660
632
654
690
756
718
710
694
736
768
786
822
780
744
680
666
660
648
712
752
758
690
652
636
624
620
602
606
586
622
592
580
580
570
590
642
706
732
758
700
692
662
716
672
728
708
674
638
628
656
662
732
688
708
720
770
700
632
656
700
746
806
784
718
742
768
800
794
610
654
688
804
584
510
824
850
766
748
816
758
784
726
744
724
774
696
660
688
666
726
716
730
698
698
762
764
762
802
744
748
730
726
712
708
710
730
746
754
742
710
754
746
746
744
674
656
662
676
696
662
650
614
658
662
682
656
612
666
684
696
752
686
692
642
666
692
658
642
630
642
634
650
646
662
628
670
628
618
620
584
602
574
556
646
700
708
760
700
672
634
642
668
660
666
666
656
638
572
628
780
542
620
814
764
712
638
618
612
632
650
848
852
836
818
818
806
796
736
736
686
680
682
726
716
740
762
766
754
736
700
732
724
714
698
716
606
850
742
766
780
786
782
754
746
732
710
742
686
734
612
786
694
650
640
646
664
724
780
774
752
776
740
730
632
604
630
606
644
566
540
578
540
632
678
730
654
678
666
700
718
704
728
716
652
610
622
678
706
740
712
640
650
626
628
644
688
754
772
748
810
820
798
834
770
698
650
644
682
670
738
668
752
792
820
802
750
674
714
774
660
688
676
620
652
670
694
730
748
740
732
622
782
618
660
602
624
618
652
656
618
636
668
690
756
788
824
812
764
760
778
582
616
644
638
650
638
608
610
610
592
606
600
670
726
756
754
732
718
668
726
722
738
716
746
686
658
702
716
722
738
706
616
684
712
730
796
784
744
736
742
728
784
752
752
712
734
746
740
698
772
778
802
766
790
708
710
674
702
644
684
680
654
676
668
708
736
726
698
730
704
684
680
670
638
644
622
612
602
592
560
608
606
600
652
668
714
668
676
652
674
680
710
734
738
742
728
710
702
670
626
666
662
670
684
712
732
740
704
664
684
650
634
626
670
712
766
694
736
682
712
764
804
840
812
786
706
676
736
728
700
714
750
786
790
740
740
734
752
758
714
726
756
776
836
776
752
684
648
638
616
612
710
766
814
762
764
782
768
726
668
678
710
704
652
668
658
684
696
698
664
604
642
612
600
588
596
584
576
574
584
584
618
620
676
626
670
622
598
588
600
588
562
598
572
568
568
562
534
548
546
548
554
562
560
624
610
666
680
692
708
688
650
650
704
740
758
838
820
748
768
746
722
670
610
662
682
740
810
806
798
820
814
750
740
736
716
674
714
758
808
772
800
818
734
714
722
696
644
660
700
692
656
684
742
756
764
716
736
754
730
766
696
714
750
786
790
676
674
690
674
654
672
736
710
724
790
796
730
694
724
778
772
796
728
796
814
826
810
764
764
822
774
746
694
734
774
786
782
688
722
700
782
726
672
678
744
750
706
690
730
734
762
686
696
716
696
652
656
642
664
678
658
642
686
706
722
694
688
748
734
726
654
618
676
658
632
638
602
596
628
616
624
646
674
700
760
766
732
730
750
760
772
742
672
652
684
702
716
716
700
638
664
672
626
672
676
736
726
714
656
656
742
738
684
668
738
766
814
726
722
694
702
654
652
692
748
788
812
752
772
742
762
706
736
774
772
720
748
794
810
778
842
724
706
708
688
674
690
692
706
770
766
756
668
690
656
690
694
664
732
722
708
736
672
676
736
732
730
756
696
696
744
742
738
716
680
646
650
654
666
716
732
760
678
676
642
644
652
676
694
706
702
694
726
684
704
700
750
730
698
696
724
730
726
720
700
630
642
640
644
636
590
644
672
714
732
670
710
786
766
848
750
716
742
740
728
682
660
692
678
756
762
670
702
694
656
650
648
690
690
722
818
848
718
782
796
796
750
982
622
742
786
846
832
790
804
854
810
822
776
760
816
806
770
744
822
802
746
772
770
788
808
724
704
752
744
722
658
710
730
776
744
756
778
770
744
698
694
736
744
698
650
694
714
740
754
718
672
678
720
728
724
710
760
794
790
788
736
698
644
664
666
662
640
610
668
700
776
792
756
762
762
776
554
634
728
680
750
770
754
814
768
752
546
788
646
678
738
744
744
724
696
716
694
636
674
678
740
786
800
518
630
770
782
784
768
708
802
790
792
750
746
778
816
808
744
800
796
802
744
770
788
798
816
732
722
762
614
878
732
760
762
780
748
762
792
724
704
746
770
714
690
634
678
716
728
710
748
804
744
694
684
696
760
718
686
728
754
774
750
588
844
764
750
708
706
766
748
732
678
734
750
762
716
730
738
748
734
710
736
762
742
742
718
736
764
738
710
724
758
750
724
728
700
704
718
742
794
628
714
710
670
712
714
784
802
808
772
820
822
748
820
788
774
730
708
766
746
730
744
702
712
790
756
706
780
768
752
686
692
690
724
686
684
752
796
806
748
788
794
802
754
756
812
804
790
740
738
798
772
766
700
770
778
772
768
716
762
730
678
662
684
652
664
698
678
528
682
730
752
760
780
778
738
706
712
770
588
888
716
784
762
706
740
666
646
672
646
646
720
800
810
802
752
772
758
678
640
668
708
658
712
732
730
798
696
692
666
650
638
630
678
670
636
652
666
682
672
628
686
702
732
740
720
746
756
650
614
616
670
608
654
802
756
714
792
816
810
720
674
680
680
696
676
720
772
800
764
778
772
770
710
678
728
772
806
794
784
738
760
784
778
720
648
666
686
708
740
738
768
824
874
858
772
800
772
808
770
724
746
766
772
760
702
754
730
758
684
666
692
748
704
716
786
826
778
678
640
620
812
618
668
622
620
660
708
676
706
726
766
754
694
662
690
708
696
642
692
718
724
698
682
766
778
790
746
694
730
762
770
728
716
752
774
744
690
708
730
722
692
686
706
726
674
638
616
660
650
644
678
720
712
698
720
746
694
656
648
676
674
656
636
626
626
734
780
778
730
752
784
788
716
658
666
696
708
732
714
686
714
748
736
684
704
734
768
796
764
726
728
766
700
670
680
754
772
736
718
790
802
782
694
680
728
754
770
780
684
716
716
744
728
700
724
748
814
786
734
778
774
752
742
702
750
752
720
762
780
770
722
694
740
744
712
652
660
664
742
760
776
714
694
710
722
764
716
658
662
736
730
700
680
714
712
680
718
756
764
716
714
758
764
752
682
720
740
756
738
700
712
736
712
700
682
766
782
790
748
682
740
760
780
718
668
664
674
688
710
684
694
740
724
642
668
664
642
618
626
618
638
660
688
758
790
774
728
794
800
756
766
694
704
686
672
652
678
734
788
810
786
746
784
792
782
718
678
692
698
672
674
740
766
748
728
768
754
736
688
760
742
720
676
698
692
668
630
632
634
648
662
642
638
724
736
706
634
646
642
696
658
690
646
696
714
728
670
634
690
694
708
748
830
808
820
738
734
774
734
690
702
758
772
754
716
754
770
772
704
688
708
712
788
738
766
782
798
748
706
744
760
750
760
712
726
790
774
706
662
676
682
644
682
720
738
762
758
668
716
708
688
652
650
668
680
728
684
714
774
546
660
750
748
708
728
718
762
694
676
712
712
686
650
654
684
698
718
682
654
714
712
698
694
718
758
740
692
660
650
664
640
672
690
678
716
666
704
696
726
710
696
720
746
738
710
744
768
750
726
740
720
756
692
658
672
692
630
624
650
686
756
790
728
734
782
778
772
696
654
670
692
706
722
670
664
662
686
726
730
650
656
642
698
650
626
600
614
616
612
604
606
608
624
564
626
652
646
620
646
646
676
684
586
626
644
684
730
744
706
666
642
638
604
610
620
1108
736
912
584
630
658
676
672
760
774
798
792
820
836
788
780
838
832
810
832
856
864
840
786
784
802
786
714
768
764
798
726
750
822
828
798
814
804
796
740
780
790
776
778
766
780
836
780
800
816
778
772
840
796
732
750
750
736
694
724
752
728
704
746
766
774
772
724
766
750
724
720
782
772
724
764
760
758
788
702
658
744
730
688
700
750
752
736
776
788
764
684
752
742
730
698
664
734
754
716
670
682
716
680
650
670
678
648
678
744
774
764
750
828
822
772
702
730
696
696
616
608
656
658
726
696
742
814
806
504
786
780
798
790
750
800
808
792
700
736
696
752
668
720
678
734
664
660
656
672
678
688
666
706
712
714
680
644
732
614
716
708
694
738
764
746
748
698
736
766
790
790
772
822
812
814
768
788
850
826
782
780
804
796
770
732
786
776
720
738
768
780
766
712
752
770
738
682
716
742
714
712
684
690
688
688
650
820
696
694
674
688
710
706
662
678
694
550
654
758
572
688
640
578
604
674
504
554
592
604
604
664
604
600
616
586
614
578
572
582
604
566
566
608
622
520
652
668
532
806
828
810
752
756
724
672
702
700
684
686
694
690
684
664
658
664
698
666
644
622
622
630
652
672
690
724
748
748
708
644
680
658
646
654
602
614
624
652
678
620
646
666
722
754
728
732
714
718
684
634
612
626
618
640
614
600
596
660
696
728
736
748
714
728
698
746
686
668
702
694
756
746
698
714
694
734
692
690
710
780
772
756
704
720
776
768
750
674
664
718
652
684
652
684
692
768
762
708
714
732
704
666
640
646
670
680
698
684
674
720
666
598
614
620
582
640
600
624
646
658
680
660
680
678
642
700
632
578
622
622
650
652
624
674
730
778
696
694
694
680
676
700
652
624
610
600
566
552
586
538
564
646
668
708
660
666
622
658
692
712
844
838
834
802
772
752
730
706
612
636
598
550
622
652
754
814
844
796
702
704
670
638
646
586
628
596
556
596
616
662
788
768
818
736
762
714
646
668
650
674
672
670
716
714
656
596
630
622
638
626
708
716
714
718
682
684
696
686
694
646
612
674
634
694
670
660
662
714
678
606
584
608
618
620
606
606
642
684
722
702
740
752
752
764
732
690
706
688
686
654
608
606
642
604
674
620
610
620
618
624
642
710
632
624
594
632
652
676
750
720
720
664
688
614
664
626
634
614
632
660
756
796
820
804
806
822
826
820
822
796
744
748
676
710
680
598
610
608
622
604
662
708
764
808
696
654
728
702
690
728
750
712
738
774
730
774
746
682
664
678
656
690
628
670
686
740
786
810
800
814
788
756
770
760
770
724
680
668
676
682
720
704
784
802
750
736
764
736
686
710
732
730
676
688
712
732
762
714
668
736
736
734
668
648
672
698
728
710
666
712
724
726
694
662
698
718
740
708
692
648
696
718
736
714
702
722
724
754
688
642
712
696
718
734
644
710
690
770
746
686
712
734
736
672
636
646
620
590
606
600
574
588
610
634
654
638
610
650
632
682
680
656
650
640
628
564
572
596
556
554
530
608
666
714
752
774
814
824
808
848
854
826
770
790
760
806
756
734
682
664
630
676
682
694
762
826
832
896
840
828
806
798
782
782
756
730
680
638
656
706
710
764
826
796
792
712
722
738
726
740
708
716
672
664
658
630
606
678
622
646
652
648
630
688
638
710
716
718
688
670
626
632
616
618
622
630
618
612
568
582
602
616
658
760
784
794
802
786
698
666
684
678
662
660
666
658
648
672
710
714
768
708
702
746
728
726
654
676
666
688
698
710
722
702
636
640
664
596
616
612
648
720
826
854
852
890
832
860
760
750
770
728
720
662
636
646
636
646
676
692
688
750
796
770
782
790
782
758
692
690
662
714
700
694
626
642
626
654
664
760
744
688
738
770
816
820
744
740
734
762
698
608
630
632
656
692
696
712
664
702
712
706
670
694
634
630
654
668
650
654
648
676
704
730
736
708
644
648
654
648
618
654
616
602
648
638
618
600
640
624
614
602
620
608
568
596
584
614
580
606
578
638
626
606
636
658
616
584
602
570
596
600
636
678
692
700
672
612
662
650
670
662
696
734
736
750
762
752
748
714
662
630
620
620
632
680
680
672
652
602
620
594
584
606
590
596
610
634
646
644
646
598
624
608
616
650
714
734
742
732
708
686
670
654
640
702
748
784
804
746
696
682
658
638
656
708
732
678
706
768
800
816
738
676
724
692
680
616
660
686
708
722
618
698
684
674
770
706
660
670
690
716
726
698
720
718
720
702
730
698
696
730
718
712
648
724
708
754
698
638
664
658
654
668
708
668
660
592
664
704
552
646
648
640
612
646
598
598
610
600
608
638
652
682
678
672
668
688
716
728
692
694
738
728
754
754
708
622
602
598
582
584
574
562
582
632
758
792
840
872
876
860
828
860
850
808
712
670
660
730
756
764
770
696
702
714
734
742
688
656
702
722
740
732
712
698
760
728
694
730
748
772
776
732
730
740
736
686
732
720
790
772
776
748
758
758
744
686
652
672
712
716
646
600
608
616
680
696
702
676
664
720
706
704
674
624
628
670
632
684
630
586
630
604
616
624
598
566
604
592
596
588
578
580
602
550
526
556
562
540
558
586
734
754
542
550
570
582
602
590
608
682
780
858
862
866
878
860
848
820
790
754
708
708
734
750
806
790
786
752
784
804
802
784
760
726
746
760
704
736
744
766
784
842
750
730
768
770
748
768
756
734
782
696
672
682
734
678
650
634
662
676
666
628
668
654
646
688
650
692
658
616
656
610
600
582
566
598
534
532
570
582
634
684
706
726
688
700
718
736
746
728
688
730
778
796
786
812
666
662
654
628
674
794
758
698
750
824
812
746
698
742
746
666
636
632
656
680
662
596
694
684
722
678
684
632
720
720
734
786
726
630
618
626
624
648
618
590
594
638
646
666
# end time: 2014-03-05-18:49:14, 1394063354.08
