# R wave intervals in milliseconds per line
# start time: 2014-03-05-16:22:34, 1394054554.27
# Light muscle soreness and tired and yawning 
570
614
584
586
596
616
604
668
650
652
630
586
600
592
578
554
602
614
632
610
650
666
696
710
682
724
672
650
608
630
676
694
734
794
798
750
646
670
678
674
708
678
662
620
638
646
664
676
690
692
628
616
626
646
624
644
646
582
604
612
602
604
562
604
590
590
594
574
578
588
604
628
654
632
680
648
640
564
606
584
602
626
618
674
700
736
740
742
670
702
666
654
614
594
590
620
602
612
630
640
612
616
604
636
620
660
700
708
642
636
614
650
604
632
602
614
600
598
612
594
630
610
614
636
638
654
652
652
654
652
628
694
666
606
598
604
614
610
608
598
560
578
584
600
592
612
612
678
652
618
614
634
606
642
566
622
564
578
592
700
590
624
700
720
720
696
680
620
646
662
582
592
630
748
848
880
866
870
844
764
762
730
656
664
610
600
600
614
636
666
674
638
606
632
634
700
724
756
740
676
682
678
680
672
672
642
630
656
672
710
688
658
658
694
646
698
650
636
634
650
648
626
632
646
652
656
638
608
614
600
608
622
628
628
632
588
596
622
630
632
614
638
654
654
632
684
642
608
612
608
610
622
630
626
616
638
630
616
632
676
674
736
706
662
684
644
634
650
654
656
678
638
616
586
574
708
920
900
872
842
806
748
712
660
642
624
614
602
604
606
624
616
670
650
652
616
634
586
638
644
648
604
576
592
594
586
600
620
644
650
662
664
684
710
708
686
680
662
646
630
602
606
584
574
578
568
570
584
594
592
616
624
622
608
632
614
626
626
640
670
636
674
662
646
636
636
616
600
574
556
568
556
554
582
608
650
664
648
660
678
694
698
690
682
666
620
634
654
676
736
770
792
786
686
694
710
712
714
712
698
654
660
684
682
698
700
652
662
684
708
726
708
650
650
676
684
696
720
676
642
664
648
648
614
614
618
624
626
616
600
592
598
586
584
586
574
620
606
580
564
626
632
672
740
776
724
702
766
772
772
756
718
650
660
658
654
680
696
702
668
682
704
718
732
740
666
664
684
684
684
696
652
610
626
646
658
680
664
632
652
668
674
682
688
672
630
646
652
656
664
666
630
626
644
682
706
694
684
628
630
642
654
656
668
670
656
590
622
602
616
636
658
662
662
652
724
714
726
708
662
634
630
638
610
608
592
566
580
590
620
694
730
748
668
640
646
616
608
590
598
606
562
600
612
628
642
636
604
634
650
660
668
650
606
630
660
676
710
720
722
678
680
682
676
690
666
628
648
682
702
712
660
650
670
674
668
682
666
636
642
658
666
672
650
634
672
674
684
686
648
638
648
644
638
612
590
594
598
628
654
676
686
662
642
668
658
634
660
612
564
598
572
556
596
562
632
664
662
662
682
702
704
694
684
674
636
594
610
610
620
612
592
602
610
640
672
700
712
714
704
706
678
630
626
626
608
600
596
578
558
554
564
570
590
644
672
712
728
724
640
650
624
642
656
670
696
686
678
668
648
608
596
600
612
636
678
736
718
734
752
774
712
694
666
656
664
672
682
676
668
650
640
622
606
590
588
614
646
670
666
636
678
696
728
732
724
692
698
706
702
702
682
672
644
628
674
640
642
616
672
708
728
750
758
744
680
678
684
660
704
692
610
644
592
646
680
698
738
748
676
696
696
674
644
604
598
608
610
618
618
594
572
578
568
584
618
678
726
786
778
788
782
790
764
744
716
678
652
648
660
672
666
678
710
692
714
736
740
736
720
648
612
658
634
680
648
628
654
678
694
674
666
634
660
638
628
606
584
572
556
550
546
792
850
848
858
854
830
790
768
752
740
716
692
680
704
686
702
678
674
662
664
642
642
614
614
600
584
592
568
564
564
580
620
676
720
742
740
722
680
598
634
602
616
626
638
622
688
660
624
640
618
592
642
588
598
596
608
626
632
650
598
638
636
638
636
662
666
670
672
660
672
672
680
650
644
642
644
628
554
586
604
550
564
610
626
652
710
758
764
818
762
790
746
674
630
676
686
700
702
670
668
606
640
644
680
724
766
790
714
688
690
672
660
616
646
628
644
634
664
640
624
634
656
670
692
686
670
680
722
734
702
622
620
640
652
666
654
614
606
610
606
594
596
592
574
558
560
554
556
546
558
562
574
616
584
616
634
634
646
628
618
604
630
578
574
580
598
588
612
618
632
662
688
730
746
740
726
702
656
634
648
646
646
650
616
604
594
606
638
672
724
694
658
638
638
626
604
600
618
616
602
616
566
588
590
588
582
568
566
554
560
572
584
594
614
598
590
602
614
664
668
690
690
672
652
608
634
598
566
564
556
560
568
602
616
648
648
606
608
626
646
704
708
668
656
640
592
630
540
576
566
570
550
588
564
652
724
806
824
770
650
666
652
648
646
606
616
616
662
636
618
638
610
608
606
612
588
590
614
644
672
704
710
722
648
614
622
620
618
626
648
674
678
666
630
592
602
612
620
610
628
650
672
672
668
666
652
624
592
578
646
638
656
674
682
652
616
684
678
660
652
622
616
642
650
664
616
614
680
668
684
676
638
630
616
602
612
606
596
556
582
596
586
592
604
598
606
584
586
584
600
618
642
668
674
664
658
612
586
592
594
604
632
668
696
676
646
652
656
654
664
652
618
600
628
638
660
694
660
614
616
628
636
646
648
660
634
600
646
630
646
660
638
624
640
654
654
664
654
620
640
658
656
658
620
618
626
616
626
616
592
584
596
610
568
626
610
628
622
600
592
614
606
610
620
598
604
618
630
658
672
638
628
646
696
670
632
630
646
654
662
646
662
604
604
598
644
624
610
594
614
618
638
658
634
618
642
650
650
652
618
602
602
572
624
602
610
602
584
608
618
638
646
660
636
604
614
616
620
582
562
558
554
576
634
664
772
778
756
722
670
654
636
640
622
562
570
590
588
594
608
624
628
634
616
616
608
610
634
648
642
638
614
656
632
630
586
596
612
620
636
650
640
612
636
642
662
676
682
634
632
642
642
686
660
652
622
612
634
642
656
630
612
638
658
666
680
616
632
652
652
658
608
596
596
604
666
652
618
570
608
610
624
648
646
630
638
610
610
604
574
606
570
554
566
522
520
506
526
582
682
776
768
760
732
556
584
566
562
570
590
584
598
586
590
606
622
642
654
660
650
680
652
622
606
580
566
578
598
610
634
640
640
630
624
612
580
582
578
592
596
604
610
618
614
608
616
618
616
610
590
604
612
620
634
642
606
596
612
624
638
646
624
620
556
568
582
596
600
618
630
630
626
620
628
676
608
608
610
606
622
626
630
604
624
638
626
616
596
568
566
580
598
632
662
706
742
770
724
720
700
674
650
652
646
646
640
630
622
602
630
638
688
658
620
616
630
686
720
784
776
730
692
642
886
616
578
582
594
592
604
588
578
600
646
674
710
628
702
678
714
672
660
660
646
624
630
636
622
608
584
640
638
646
656
692
658
672
600
612
578
578
554
558
558
574
596
584
604
624
652
648
624
628
620
570
550
560
572
612
664
704
718
718
706
674
658
650
634
622
622
604
586
582
568
630
610
600
626
628
584
612
626
612
608
604
580
658
626
604
640
648
672
688
718
712
714
694
656
642
584
634
618
632
652
670
686
700
728
736
720
702
690
688
684
696
694
684
672
724
698
696
662
628
658
676
694
690
644
666
688
708
722
684
634
648
658
654
658
608
628
606
628
634
648
656
654
632
650
650
634
680
652
632
640
648
630
674
656
626
630
634
678
692
716
726
692
680
704
712
694
662
672
678
656
720
674
630
672
612
624
632
628
630
610
628
636
628
632
610
632
660
608
616
670
694
658
640
658
664
698
684
684
640
644
686
654
648
666
600
612
622
608
624
596
614
620
636
672
680
692
650
658
666
658
620
610
606
628
644
654
650
652
656
656
642
650
648
646
640
664
662
662
674
644
660
664
694
706
722
714
642
692
682
692
704
716
716
684
682
694
680
692
696
656
634
678
682
686
690
672
624
648
668
674
694
696
652
592
628
614
616
622
588
592
660
694
720
746
748
690
632
610
622
614
610
622
614
594
592
608
660
670
684
670
698
654
644
646
614
588
588
624
594
636
636
614
668
652
684
654
706
646
630
628
606
582
626
622
606
662
624
632
700
710
692
634
708
690
666
716
658
638
690
672
676
676
638
646
632
628
688
680
696
656
700
766
746
722
664
680
640
650
646
674
660
694
676
682
720
698
732
666
664
684
670
688
676
654
620
622
672
668
684
648
648
590
608
670
684
704
764
732
706
642
670
696
652
656
672
660
686
614
634
602
600
624
664
736
814
812
764
694
686
694
686
690
682
640
632
644
648
660
658
650
626
618
638
656
668
678
652
628
626
644
664
678
694
676
638
650
648
692
674
620
648
662
672
666
736
696
618
682
652
676
672
650
664
618
620
632
652
678
666
652
698
714
730
714
676
640
626
678
666
674
672
636
632
646
646
648
642
624
620
678
710
702
760
716
652
644
656
660
654
634
596
608
652
622
616
680
632
616
642
660
670
672
664
620
644
612
622
642
652
648
644
648
674
694
698
674
702
636
628
678
656
648
668
616
612
656
666
680
640
582
632
614
618
614
664
658
616
664
654
648
718
700
698
654
632
648
656
640
688
650
606
600
646
632
624
610
650
588
552
576
604
660
758
766
834
800
780
768
724
760
716
702
682
718
704
710
704
712
720
698
752
738
740
736
718
666
596
636
600
582
600
584
584
586
730
580
584
590
626
582
526
592
584
596
584
602
528
520
566
570
562
548
554
586
530
568
550
544
538
586
564
584
604
570
580
594
614
632
636
654
666
678
680
670
662
634
676
654
632
684
618
602
650
652
662
628
624
644
670
672
660
668
620
632
650
668
618
598
642
624
646
700
716
668
704
696
700
710
674
648
684
616
618
628
622
578
572
566
560
548
556
578
598
628
702
696
642
642
600
616
618
632
638
658
622
682
616
582
636
648
668
650
648
684
732
750
720
716
666
682
680
686
652
710
638
630
670
666
652
630
648
622
616
684
670
646
668
652
650
666
664
662
622
610
670
652
648
698
654
618
666
666
684
694
652
662
684
670
716
674
626
640
628
686
674
678
678
638
610
656
648
654
648
664
620
636
626
640
642
616
586
606
580
568
614
586
604
578
578
600
610
582
636
616
638
670
710
688
684
688
680
668
654
618
658
600
590
610
608
594
568
554
584
568
644
620
604
632
620
620
614
650
602
584
618
582
566
584
584
600
616
598
602
568
626
588
610
564
564
636
600
580
632
654
682
708
694
698
618
588
646
648
652
616
644
590
650
566
600
614
622
634
634
654
646
616
594
592
598
598
586
616
646
662
640
622
580
634
632
634
634
616
638
678
722
730
768
714
650
632
672
620
642
602
624
606
602
568
616
600
600
598
606
578
594
608
628
626
624
620
636
654
652
604
604
616
620
646
630
652
662
622
614
630
636
630
680
644
612
668
662
672
668
710
668
614
622
632
632
684
680
654
646
656
648
702
700
684
648
626
640
646
658
646
686
648
618
606
648
638
672
680
678
666
644
632
634
618
582
582
568
550
552
546
530
524
502
532
756
550
950
952
582
816
532
596
618
636
654
634
646
650
648
638
664
698
656
680
670
654
648
640
526
618
640
640
588
608
622
660
728
732
706
658
590
624
636
618
620
604
606
620
586
590
584
574
628
624
634
640
680
726
722
704
708
612
580
598
610
626
642
592
566
582
594
624
662
690
666
698
716
706
702
692
636
612
618
622
632
634
634
628
582
578
598
604
596
614
576
622
554
614
570
548
588
598
608
630
640
598
628
624
630
642
622
584
614
594
652
644
656
638
594
602
610
616
628
598
594
618
604
630
646
650
602
612
594
588
572
560
596
536
574
524
578
530
528
548
540
608
560
552
564
554
578
578
574
576
566
534
542
512
516
512
512
516
516
520
522
524
546
606
672
698
678
694
732
718
710
674
600
600
570
574
582
592
586
586
586
568
558
560
572
576
590
598
612
594
580
608
640
602
606
618
614
556
600
604
596
588
564
578
580
578
610
616
638
666
674
602
620
620
622
584
628
564
586
592
598
612
614
650
620
612
570
568
578
584
632
636
598
612
620
638
654
630
586
592
614
608
636
612
574
590
588
596
600
602
610
588
568
584
596
596
612
620
618
608
570
574
568
578
612
642
700
724
724
652
642
620
624
596
608
622
618
602
592
580
574
558
572
614
638
632
590
590
590
602
610
618
620
602
560
620
538
526
984
590
512
518
502
506
964
990
982
988
502
992
528
528
552
540
532
538
518
524
536
540
540
536
532
536
546
556
544
558
560
564
560
604
618
588
578
584
566
566
534
588
978
518
524
544
586
604
648
678
670
650
632
590
596
590
588
596
612
630
630
598
612
622
636
660
670
626
622
640
656
656
652
586
634
600
600
594
580
572
582
596
594
596
602
596
596
594
594
592
584
576
568
558
550
534
542
548
562
584
570
630
586
590
604
588
582
550
546
528
556
568
586
598
574
566
558
594
614
638
660
668
624
626
620
624
636
640
662
662
616
604
598
618
628
656
644
624
616
646
650
668
668
656
646
594
592
596
606
634
656
664
638
654
622
630
642
630
634
622
636
652
668
680
672
668
628
630
670
650
648
626
600
618
624
632
644
646
622
604
628
632
646
648
628
610
626
616
618
608
586
578
610
594
594
598
570
572
588
600
626
636
644
630
594
604
606
600
622
620
630
626
612
616
620
632
632
648
648
632
626
648
612
616
594
576
580
600
616
646
608
592
590
590
590
612
588
600
616
596
584
574
542
572
532
566
530
528
526
526
510
580
540
602
624
618
612
638
676
622
602
590
630
624
638
650
632
616
578
556
546
538
540
552
582
620
688
750
734
790
736
680
652
652
638
650
666
662
664
626
590
554
588
606
630
636
642
632
634
620
612
616
622
534
624
616
600
586
562
556
566
572
586
606
622
632
630
624
594
576
626
610
608
610
602
566
602
616
646
686
712
690
614
606
618
598
626
634
616
586
572
602
566
592
564
566
564
560
540
574
542
556
578
596
630
650
672
684
670
660
648
612
578
586
600
614
614
580
564
580
588
598
618
608
580
570
588
546
576
594
618
612
662
612
592
612
622
616
700
680
646
670
604
616
636
646
656
640
620
628
602
592
622
584
580
596
604
626
628
628
632
630
624
578
600
626
638
664
706
714
676
666
660
670
668
666
672
638
632
622
670
658
640
652
632
646
662
686
696
678
678
676
678
676
670
650
638
660
670
678
678
710
658
670
642
684
646
630
630
638
640
634
656
624
642
668
694
638
654
676
684
660
682
670
640
682
658
614
590
622
614
622
654
616
596
610
634
646
618
602
596
596
604
592
598
592
570
572
582
608
576
550
560
554
548
548
536
528
568
522
568
610
630
642
644
604
640
626
624
612
604
574
590
598
616
638
648
630
604
596
600
606
612
624
618
596
594
586
590
598
600
578
580
584
586
590
574
568
580
578
600
598
604
606
606
608
608
646
634
628
614
602
596
594
588
598
582
632
616
612
616
622
624
598
614
616
648
710
756
770
726
718
718
722
716
708
660
652
660
664
668
682
648
628
650
654
702
680
632
642
658
660
668
646
612
634
654
662
664
634
596
576
582
592
614
660
696
672
640
656
642
638
644
628
594
642
624
616
586
578
592
616
634
676
652
606
598
612
584
570
564
592
590
606
630
652
670
674
656
656
650
632
610
608
614
628
648
682
700
688
702
712
716
726
700
646
630
640
644
612
614
616
634
664
734
752
728
702
696
680
668
660
662
648
626
608
606
608
604
608
610
620
626
614
660
618
614
640
626
638
588
660
642
680
670
688
642
668
642
690
680
674
676
664
654
662
638
648
678
704
704
680
672
648
658
662
642
608
600
656
636
676
634
640
628
678
660
658
676
668
662
632
634
628
672
660
630
708
672
676
660
642
634
646
638
640
620
638
662
664
666
648
638
650
656
666
648
636
648
662
670
664
650
650
664
672
684
664
646
658
662
658
628
630
634
640
636
618
610
632
642
646
648
612
668
664
666
682
642
662
664
676
654
618
620
606
602
588
554
592
598
630
640
608
580
544
612
670
716
730
732
726
664
626
616
604
590
580
584
592
598
612
614
624
632
642
648
660
660
652
656
640
632
686
652
646
616
592
580
594
604
616
606
610
618
616
610
590
580
572
558
562
570
550
560
560
560
562
562
568
578
588
604
586
656
632
610
596
576
580
580
592
554
606
570
610
592
640
650
610
616
640
634
590
590
600
600
588
598
592
590
572
562
580
586
606
618
608
630
646
650
626
634
626
638
642
642
600
606
596
610
606
590
588
642
638
642
614
618
634
632
634
604
598
616
628
632
688
646
636
664
654
652
652
628
608
614
618
634
652
644
638
646
652
664
658
656
616
572
638
590
618
608
592
600
602
612
598
588
570
572
564
562
554
558
572
584
600
598
596
618
648
676
680
696
662
642
670
684
696
668
650
666
662
654
622
628
650
656
670
662
616
630
636
606
578
598
618
640
652
632
606
636
656
668
664
612
596
618
630
634
648
634
606
634
648
666
680
648
604
668
676
702
670
616
670
654
642
610
602
622
636
656
648
672
690
666
616
584
572
556
538
546
550
564
586
618
644
666
686
644
608
626
634
614
630
644
646
620
588
580
588
578
572
602
630
660
684
652
616
636
652
654
658
616
598
618
638
656
668
636
618
650
658
696
642
636
656
648
668
624
630
658
654
682
620
632
648
660
654
612
610
626
624
626
598
582
592
572
632
630
640
600
604
626
650
666
690
686
652
646
670
690
706
734
706
678
692
690
690
648
642
662
674
654
724
656
652
678
692
692
652
614
678
674
664
680
614
624
654
662
642
620
644
674
700
720
698
656
664
650
694
642
610
628
656
684
704
682
636
656
670
674
668
642
642
662
658
652
636
634
664
674
680
672
628
616
630
642
642
610
644
638
672
684
646
614
626
636
638
606
584
590
594
602
606
630
658
680
732
674
652
682
684
676
646
674
618
646
660
662
680
610
638
636
636
634
648
618
652
656
678
662
698
694
700
686
662
628
652
654
662
680
642
614
626
638
668
682
658
620
634
660
670
652
626
640
642
646
638
618
598
616
626
626
580
608
600
614
648
686
680
642
646
670
672
664
618
624
636
626
626
614
602
580
580
578
596
618
614
628
684
716
716
654
682
702
704
654
618
646
660
636
622
656
680
700
684
690
684
690
662
600
628
628
638
628
630
676
698
704
702
638
620
624
632
636
640
642
706
748
776
734
708
720
720
694
636
636
656
646
664
618
592
596
610
632
656
628
644
674
678
648
636
658
672
674
686
662
620
612
634
662
686
700
692
652
666
676
706
666
668
604
616
614
636
676
698
648
660
654
650
634
622
614
598
586
594
594
606
620
622
584
584
596
624
666
702
672
694
750
784
776
694
626
638
654
652
646
612
624
672
670
642
626
628
656
658
672
638
624
662
676
690
670
640
668
678
682
652
602
658
654
668
690
652
640
662
676
688
650
636
664
688
700
664
638
652
706
676
658
616
626
630
606
606
626
640
616
624
656
684
692
642
622
616
680
696
704
682
680
654
678
688
688
652
630
650
682
712
724
680
680
692
670
620
620
608
606
598
580
596
608
630
648
642
636
656
656
662
658
646
616
658
660
664
666
636
646
672
686
684
672
636
636
652
660
670
662
632
648
658
656
656
642
622
652
674
686
682
648
650
660
666
670
660
620
630
622
636
642
660
652
638
664
676
680
678
640
644
670
684
700
686
652
684
698
702
678
644
658
648
706
680
636
614
620
618
612
594
582
586
600
628
606
612
620
612
610
626
644
622
634
652
648
628
636
654
662
646
628
652
674
694
716
732
706
650
650
654
656
670
636
614
612
618
620
660
698
712
728
674
692
668
616
614
626
630
650
656
668
650
620
626
612
632
638
648
672
684
696
694
680
664
682
684
686
690
690
682
652
672
706
726
734
732
724
668
652
676
688
708
712
694
722
738
752
730
684
688
646
610
632
670
684
706
690
692
730
712
752
678
674
698
696
732
696
656
672
708
722
718
684
742
768
738
746
704
734
732
708
644
656
642
618
618
596
640
644
668
688
652
644
672
674
710
638
662
660
674
684
690
670
690
702
654
666
676
688
682
656
684
716
738
748
754
752
714
698
712
702
704
658
642
678
712
754
776
726
772
760
744
722
664
666
692
716
730
724
688
696
698
678
638
628
628
668
690
738
772
790
760
704
714
722
724
706
666
694
708
704
668
620
654
662
666
630
610
654
700
740
764
712
714
696
674
630
614
634
632
638
642
624
604
628
650
676
680
664
672
694
696
690
666
660
672
682
686
658
620
628
626
626
664
628
644
654
654
638
632
634
634
616
574
574
570
564
540
518
516
538
546
540
532
564
538
540
532
520
524
536
524
534
532
546
566
586
588
584
592
596
604
614
626
640
656
652
658
640
622
586
604
626
662
724
766
684
694
718
726
728
714
654
646
650
642
642
622
604
634
672
702
666
672
692
692
638
622
636
638
644
652
622
650
664
650
622
606
620
636
636
646
652
616
600
630
640
650
648
642
636
594
620
622
638
664
666
642
644
672
694
702
708
678
620
640
638
652
676
682
644
646
658
662
670
682
664
678
672
658
626
630
624
614
616
626
654
660
622
670
672
684
664
616
604
602
598
606
614
668
692
660
614
598
584
576
572
562
550
540
544
538
536
536
548
620
664
664
656
634
634
630
610
586
606
574
608
562
558
586
514
540
588
654
710
692
664
738
770
790
736
700
726
772
808
830
814
770
796
790
766
706
636
742
764
786
782
768
708
692
692
708
738
732
690
676
750
794
792
808
544
924
738
748
702
692
706
700
692
668
720
774
800
756
664
702
712
754
730
682
732
760
772
770
742
744
760
756
720
666
686
714
734
734
696
670
714
752
802
796
762
756
730
704
638
634
626
688
700
704
652
672
676
674
638
634
664
674
684
654
672
706
718
728
696
686
716
742
766
780
754
734
764
778
764
714
672
688
678
648
652
714
776
758
790
798
824
826
804
766
762
746
722
726
688
710
738
738
702
736
738
796
738
696
706
724
724
752
690
724
734
736
764
710
744
744
744
770
742
764
772
760
712
704
740
688
660
676
750
762
718
672
652
638
622
626
666
624
684
720
760
748
702
720
732
732
712
684
674
718
736
760
734
726
756
758
762
736
712
730
726
772
712
762
760
786
780
730
744
748
746
784
746
710
726
796
746
694
704
712
710
690
644
648
670
708
742
718
738
758
736
782
732
706
734
746
746
754
702
724
728
740
752
744
678
750
746
780
726
680
704
720
750
788
758
754
754
744
720
696
722
722
724
714
682
710
740
778
750
710
770
754
732
680
716
708
772
734
700
718
730
742
728
706
730
756
782
758
742
758
756
748
700
726
740
744
688
662
688
666
656
692
774
784
832
778
794
718
714
724
750
740
738
688
722
736
802
776
738
738
720
722
706
676
726
770
794
786
728
734
768
780
736
704
744
758
784
798
734
730
740
766
776
752
704
766
764
774
740
734
758
764
748
708
712
736
760
750
718
752
732
688
628
656
636
616
576
602
622
600
640
686
652
634
726
714
766
766
796
766
762
760
792
778
764
660
668
652
674
674
656
670
744
824
850
862
822
756
790
758
764
768
742
688
714
768
802
768
692
712
696
690
662
648
740
772
800
776
784
806
800
782
720
692
670
694
706
742
720
766
766
778
762
710
698
712
714
722
694
724
738
816
762
734
742
790
782
740
738
794
780
752
696
756
746
756
730
732
712
784
744
692
710
766
736
752
744
740
766
758
684
688
676
660
660
610
638
642
712
706
690
712
736
724
726
696
742
714
786
720
730
732
746
738
694
706
718
732
698
682
710
716
736
684
740
722
728
726
676
680
696
704
674
674
670
738
724
720
734
802
784
738
768
752
722
732
668
686
710
704
678
654
712
686
684
632
602
590
608
608
814
816
768
808
744
750
754
736
738
740
744
724
706
688
688
686
686
684
718
694
672
668
694
702
686
676
692
700
704
702
712
706
702
672
672
632
622
640
634
596
656
666
678
670
702
724
718
698
668
670
688
700
702
700
674
698
704
714
702
652
636
656
690
702
718
664
636
652
644
710
692
694
654
648
654
666
640
620
652
642
620
638
614
632
642
660
666
638
634
668
688
674
686
642
654
646
622
620
634
650
678
692
658
694
676
666
716
700
640
686
674
670
704
658
708
658
648
672
688
680
672
648
678
716
740
754
702
658
716
704
636
646
614
632
626
650
694
724
730
700
720
698
660
630
634
626
614
626
624
614
644
636
604
618
658
648
646
644
648
638
632
620
618
604
596
594
586
584
566
564
556
570
598
638
662
656
692
692
710
704
710
660
680
706
692
688
646
604
620
646
684
714
672
624
608
650
636
666
682
648
602
618
626
660
692
730
736
770
790
800
734
698
666
678
682
664
684
728
706
658
684
704
724
676
656
654
670
662
672
624
626
690
678
694
726
748
764
712
674
700
728
750
752
714
626
666
640
626
660
670
670
642
660
684
672
668
694
722
742
716
654
618
630
616
604
598
592
646
714
788
796
748
774
780
772
734
676
708
750
758
770
734
752
764
734
680
648
698
754
816
756
708
696
674
664
636
604
600
616
608
608
610
612
622
616
606
616
618
610
594
582
568
562
558
550
548
546
568
574
610
576
584
624
660
708
756
814
770
770
648
658
630
574
566
584
600
632
652
648
640
630
596
564
604
580
562
554
530
522
528
520
534
548
596
600
612
598
596
566
608
558
560
560
528
564
544
580
510
510
528
518
518
534
578
680
752
770
792
790
756
696
638
676
718
718
700
706
694
642
652
588
576
580
578
578
580
574
576
566
560
558
552
548
558
582
594
604
552
578
558
546
554
570
590
620
654
694
714
704
694
666
650
668
732
792
778
754
720
674
644
628
620
616
624
626
636
624
624
642
668
684
678
662
646
664
608
610
604
598
580
586
578
580
562
540
566
564
582
594
596
584
590
612
632
642
640
602
620
618
618
612
644
650
656
678
636
634
654
602
658
604
590
636
644
642
648
624
614
620
612
600
632
596
602
570
618
582
566
554
564
554
512
568
580
552
594
548
570
568
548
552
558
584
630
680
682
632
608
616
624
644
660
682
720
730
712
722
700
680
666
650
630
600
600
606
608
618
600
596
608
616
628
618
604
610
610
608
596
598
604
616
606
608
596
576
588
590
560
614
614
626
648
636
636
654
654
658
632
606
630
638
636
648
608
608
616
616
626
634
684
642
634
622
634
600
592
578
562
564
554
534
572
592
608
566
574
564
600
568
596
622
644
682
722
744
770
756
702
680
682
688
718
690
730
718
722
710
692
680
644
616
632
636
646
666
650
618
640
652
670
682
658
646
674
678
676
640
632
656
666
676
634
638
650
664
660
656
648
558
786
618
580
632
592
534
618
588
592
588
604
650
704
582
596
608
602
590
578
530
574
546
550
552
548
542
542
542
532
530
538
528
538
548
540
578
580
620
508
540
566
582
590
602
620
642
674
700
718
654
638
672
608
606
594
594
614
632
640
614
632
638
640
644
642
628
632
658
680
708
702
682
692
704
704
704
654
650
700
678
676
662
604
600
608
614
628
624
670
736
782
794
750
742
742
728
694
638
628
648
654
660
650
608
622
632
648
656
660
642
668
662
658
636
626
636
628
632
622
626
606
588
606
594
570
568
566
544
558
566
580
610
596
596
586
600
612
620
632
646
648
666
670
672
664
586
612
596
606
598
626
700
760
744
750
696
642
682
664
660
650
632
594
604
602
610
604
604
592
570
556
578
598
638
664
678
688
650
626
644
658
732
724
726
650
640
630
616
602
600
586
574
558
560
516
534
534
544
538
554
548
542
564
588
626
652
672
666
638
618
564
570
548
552
552
818
580
594
644
628
626
622
620
620
602
578
612
590
576
578
584
600
620
620
634
630
606
580
614
598
628
654
700
740
762
764
750
752
766
766
766
758
750
744
744
736
688
674
666
614
626
578
596
592
606
642
654
636
656
690
712
728
682
638
680
674
676
662
618
632
654
664
678
690
654
660
646
656
642
654
620
630
666
700
730
704
714
684
668
674
638
652
640
644
682
680
652
642
668
678
680
656
640
656
668
634
660
606
636
630
620
586
580
604
598
560
606
570
582
606
600
576
586
594
588
576
580
578
560
552
558
562
576
594
616
608
626
634
646
658
632
598
586
596
612
648
620
594
600
570
596
522
514
568
524
506
556
540
558
584
572
624
600
592
576
604
610
608
626
560
746
570
572
574
584
598
632
620
632
614
614
606
634
584
630
582
612
594
578
562
562
558
560
556
570
568
610
674
804
820
822
804
756
806
742
696
636
612
650
534
582
566
560
552
568
520
568
542
542
542
536
574
530
540
578
560
574
578
558
564
560
588
624
676
716
706
650
662
634
640
642
636
674
626
620
626
676
670
644
630
658
672
688
678
644
638
648
652
654
640
636
626
616
598
586
580
564
546
546
536
530
524
526
520
530
582
640
690
690
580
584
588
592
588
592
602
602
612
622
602
574
600
592
608
584
558
572
594
640
676
694
708
684
652
666
686
690
700
690
660
646
608
588
608
604
674
714
736
748
700
658
672
672
674
674
686
654
612
620
674
676
700
714
658
650
662
714
704
704
668
696
692
694
708
716
698
642
646
650
648
656
662
664
640
648
608
610
614
630
660
692
712
716
702
692
658
638
620
602
592
582
548
614
588
604
620
622
624
626
592
578
598
576
588
602
600
664
680
698
698
698
694
692
628
628
622
640
680
732
762
768
764
700
738
726
706
686
660
670
580
618
624
640
658
726
720
680
640
664
674
692
714
712
684
652
668
668
662
658
636
622
652
640
700
692
662
608
614
618
614
626
652
656
642
644
660
668
668
672
662
620
610
650
640
636
642
618
602
626
624
612
594
610
642
628
598
634
630
648
660
670
638
592
620
622
636
660
664
650
620
630
640
652
658
684
624
632
640
648
662
664
666
626
618
628
614
614
612
602
592
588
606
626
636
632
618
668
662
654
630
646
608
638
632
694
666
634
632
658
664
678
660
592
622
588
598
578
590
580
600
604
622
618
616
616
634
628
636
646
644
630
594
660
628
652
668
696
688
680
728
750
738
748
698
696
714
736
724
712
630
636
630
648
650
642
616
638
660
684
674
688
648
670
660
704
690
624
592
592
592
584
620
666
708
724
706
642
620
684
516
580
568
598
602
602
608
614
606
596
606
618
628
648
626
596
610
564
560
598
544
576
570
564
562
558
560
562
576
582
600
628
636
628
584
580
586
606
640
678
688
700
668
646
636
610
610
612
612
578
534
564
554
562
574
626
702
800
820
780
806
814
802
762
718
750
720
694
718
666
654
678
702
712
710
672
648
680
724
746
746
722
652
626
640
648
668
666
736
658
650
670
680
686
684
626
606
634
626
656
704
734
674
624
666
666
654
642
654
596
592
638
618
# end time: 2014-03-05-17:36:30, 1394058990.38
