# R wave intervals in milliseconds per line
# start time: 2014-03-27-06:39:57, 1395916797.5
746
638
718
790
778
720
680
712
768
750
682
638
642
642
674
720
720
784
752
710
698
704
702
650
584
628
614
658
716
734
750
796
774
794
808
794
770
702
662
714
698
716
656
614
652
712
750
722
740
738
750
762
758
812
718
714
736
764
786
772
698
650
690
710
818
764
768
698
718
726
658
700
714
796
768
708
682
706
726
758
762
814
768
798
838
816
862
764
752
760
766
746
698
732
830
852
836
788
828
826
878
806
802
794
812
758
734
684
724
780
840
840
802
752
764
780
806
790
770
802
780
764
640
602
578
742
792
854
816
784
750
718
720
714
682
636
752
664
746
804
818
732
786
744
770
690
672
720
784
820
802
798
752
752
714
732
714
670
670
632
648
680
690
704
762
844
844
804
776
786
794
782
772
712
726
704
726
752
778
738
652
658
606
636
714
768
818
830
782
720
720
784
780
784
800
796
752
702
714
758
808
846
858
846
804
836
800
780
836
780
722
700
# end time: 2014-03-27-06:42:37, 1395916957.67
