# R wave intervals in milliseconds per line
# start time: 2014-03-22-20:03:43, 1395533023.54
572
628
604
636
668
630
616
748
598
564
548
550
552
584
658
730
830
800
834
528
600
532
634
734
798
770
602
534
832
670
646
732
746
788
704
830
898
850
834
836
816
802
732
716
720
748
832
812
706
670
686
748
760
748
682
638
678
678
692
692
628
700
714
708
696
648
684
676
690
706
630
730
738
814
684
834
746
786
784
816
804
746
788
608
996
794
712
768
784
786
702
726
704
718
736
664
750
742
742
750
680
620
694
704
716
730
676
694
768
772
762
712
738
750
746
686
734
738
728
730
720
784
816
762
720
738
758
756
734
682
716
732
732
704
668
662
692
696
796
786
764
702
694
708
696
756
618
858
752
784
780
728
664
708
706
744
740
696
670
744
754
784
752
650
702
666
650
644
622
614
576
608
634
644
752
854
880
818
816
814
856
776
754
744
758
788
736
704
650
686
714
726
734
796
694
658
728
690
706
738
812
824
816
792
760
796
724
748
724
726
716
730
704
664
636
648
670
770
818
536
638
696
702
718
682
666
702
750
766
786
818
796
716
670
646
714
672
720
796
834
798
800
766
772
700
700
646
670
696
754
794
798
734
702
636
852
682
670
644
682
742
702
712
714
778
752
702
764
716
734
718
698
672
654
670
674
754
732
686
650
648
632
648
652
648
668
584
646
638
694
702
726
698
674
722
678
654
682
646
650
682
686
716
700
686
730
802
786
764
714
740
770
728
780
748
690
712
652
648
664
696
708
814
764
674
692
722
764
862
790
698
684
732
732
748
670
734
768
812
824
798
830
772
778
732
680
622
664
650
658
642
734
816
822
830
806
764
764
690
662
722
710
670
632
684
704
746
860
858
634
830
698
690
698
712
724
768
784
736
736
744
762
736
748
720
732
694
674
710
672
784
612
628
628
684
802
916
846
608
1032
816
746
720
658
622
670
700
718
694
704
696
708
698
722
730
840
792
722
646
696
706
710
694
700
638
662
672
712
650
670
670
744
722
702
666
650
712
704
714
788
762
704
680
746
570
734
780
750
700
756
794
684
690
696
538
650
646
670
666
646
672
618
678
654
668
796
604
610
656
628
684
706
632
650
684
734
720
718
660
650
668
856
688
672
608
664
640
672
664
632
656
658
670
700
726
700
678
734
746
722
790
724
778
702
772
724
700
740
664
668
656
694
700
714
666
716
742
744
768
702
694
768
702
734
674
638
672
718
688
784
696
636
702
694
724
738
672
630
684
650
676
646
634
650
644
660
624
650
606
606
676
622
624
698
752
764
752
762
668
630
668
654
662
684
742
782
790
786
726
676
664
694
710
718
740
720
610
688
674
666
670
648
712
758
760
746
686
678
676
612
672
682
800
850
836
784
826
824
860
754
680
834
724
744
808
810
752
774
796
754
692
630
618
666
578
720
780
802
824
830
886
844
818
788
726
724
658
670
738
758
782
778
778
756
722
748
722
708
692
670
660
696
658
724
728
740
798
808
778
736
690
732
720
716
702
712
700
764
744
738
684
712
722
726
732
748
700
674
698
702
714
678
634
690
712
744
738
686
684
712
704
728
676
640
620
612
604
608
606
642
652
644
682
742
738
746
684
650
714
720
710
680
646
680
710
734
690
692
640
666
706
710
728
668
644
628
620
632
612
694
700
698
726
658
656
658
654
654
706
732
736
732
700
752
752
684
692
712
744
754
736
688
726
726
724
696
652
664
660
648
608
620
668
626
660
712
676
634
664
662
676
644
620
670
628
618
634
612
616
614
652
654
606
586
626
632
654
676
668
672
674
684
702
712
712
702
662
654
646
642
664
696
704
732
710
736
794
776
752
694
690
748
754
772
678
696
660
712
776
740
678
682
692
740
724
650
656
664
638
622
722
744
690
708
672
698
686
728
694
652
644
646
616
624
662
672
734
680
664
680
692
722
722
702
664
668
686
682
700
660
656
688
662
730
660
676
720
724
712
662
670
684
674
700
650
668
694
690
710
678
694
720
732
730
672
702
702
708
704
692
664
662
680
678
646
630
684
708
738
754
730
732
766
792
726
674
720
730
710
674
684
676
658
718
686
680
652
662
688
718
638
680
680
728
662
692
684
674
632
648
624
636
652
670
704
710
740
760
666
880
774
696
708
690
604
662
602
576
602
612
666
708
718
738
696
706
738
708
656
650
674
702
704
758
710
692
724
756
738
680
686
698
708
760
690
666
702
686
720
668
658
666
658
716
676
640
702
704
714
682
622
746
618
676
650
672
702
738
742
712
654
692
664
738
656
624
638
646
644
608
658
638
646
622
638
654
662
672
710
640
652
706
710
714
690
652
676
690
688
668
646
678
678
754
712
660
674
676
684
690
732
630
602
654
658
650
682
654
678
706
706
658
588
644
626
582
646
562
608
576
622
582
582
546
576
552
602
548
528
548
536
538
534
520
532
534
554
580
628
638
690
712
710
684
734
706
690
718
698
684
674
658
678
660
668
670
656
638
648
672
672
704
726
682
692
738
708
648
674
678
674
678
664
690
722
752
756
740
746
718
692
642
678
648
642
674
736
700
686
882
788
740
728
730
722
688
680
652
708
718
784
730
784
766
754
710
758
712
714
716
700
702
738
752
760
752
746
768
750
722
726
726
698
742
662
674
688
702
718
714
720
712
776
732
706
730
724
698
740
748
744
746
782
736
758
778
730
678
638
626
640
668
720
724
746
768
812
748
740
770
712
698
702
684
686
728
726
720
684
696
690
750
706
716
714
764
722
788
730
716
768
710
692
694
686
644
658
646
680
702
710
698
630
702
662
682
690
668
680
614
642
636
626
648
652
684
608
826
732
688
660
648
634
704
704
746
732
776
740
762
792
766
744
730
732
736
720
670
650
676
610
560
576
628
616
666
660
656
626
626
626
630
620
630
630
620
622
626
604
600
600
600
598
600
612
594
642
700
634
562
604
592
600
610
618
612
664
652
642
626
658
652
690
670
636
700
708
686
706
506
580
616
604
580
610
672
632
620
694
814
654
634
670
692
654
652
664
652
704
706
670
692
714
742
746
742
694
784
822
844
800
696
752
732
726
678
730
738
830
826
756
682
632
678
682
710
754
710
720
704
692
686
670
652
646
646
668
660
660
616
564
706
752
804
706
682
700
778
764
704
702
708
656
708
696
708
728
744
746
748
692
668
688
654
632
658
654
670
658
642
658
684
716
738
718
710
748
772
790
790
750
674
698
714
728
692
646
702
712
734
748
694
678
714
716
698
678
688
702
686
680
626
602
614
596
570
620
620
668
750
756
744
754
746
784
724
702
654
656
610
634
608
590
630
628
706
744
716
682
748
752
748
684
636
628
634
624
622
646
668
684
660
624
598
634
624
660
702
752
790
800
812
710
650
686
674
662
686
728
750
738
680
630
624
588
640
650
662
672
652
662
664
676
636
662
670
698
736
758
716
682
688
682
664
642
672
690
762
774
696
700
668
664
734
686
666
630
682
680
668
556
690
746
596
572
606
588
616
636
622
658
606
638
640
648
710
696
796
772
742
720
666
682
656
736
734
738
768
744
700
692
666
670
658
732
754
788
800
742
780
730
736
748
712
678
688
636
646
676
720
814
794
772
718
734
720
700
714
652
662
668
734
726
678
682
682
678
638
652
628
640
686
676
700
716
736
732
706
628
680
654
644
680
652
626
660
666
696
660
646
674
642
682
656
648
680
690
640
646
558
648
602
580
586
582
588
624
670
670
668
646
650
670
664
680
620
648
650
648
640
662
618
596
618
726
740
756
734
726
788
780
738
730
718
766
774
696
794
784
796
804
854
786
812
736
692
672
676
742
816
850
838
778
770
752
784
818
778
720
702
694
688
718
734
762
752
686
646
654
630
674
662
678
672
654
650
712
766
738
746
770
738
744
816
752
730
716
702
712
724
788
838
772
732
716
686
700
714
718
718
702
792
812
778
754
752
718
806
744
762
784
708
682
722
694
640
658
644
656
660
722
682
686
696
684
786
566
606
614
606
616
576
586
598
602
618
650
668
718
732
728
686
674
614
680
616
626
598
552
558
586
600
616
634
668
660
710
650
716
696
682
652
666
646
618
614
638
576
596
748
546
580
610
590
608
626
680
770
840
612
970
780
730
762
800
802
722
680
818
774
788
758
696
706
748
716
736
716
684
682
666
658
622
602
608
630
696
768
796
712
794
786
800
852
842
878
794
754
680
700
662
642
662
634
616
674
686
768
882
870
824
796
804
866
810
858
818
746
724
762
778
858
844
690
768
736
752
632
892
742
712
656
848
700
722
822
754
640
722
744
798
842
744
762
772
810
818
840
818
738
812
784
782
762
686
684
726
698
698
834
842
856
792
842
796
802
764
702
734
788
812
838
682
932
802
798
722
730
746
788
680
686
700
686
646
670
648
702
646
618
616
630
618
634
648
670
682
674
628
680
672
646
634
612
606
618
652
726
706
710
740
762
720
698
712
706
688
674
702
692
734
746
680
650
684
718
772
790
842
796
782
730
754
782
788
784
704
740
750
786
792
782
730
730
780
796
808
770
682
742
708
700
666
630
630
632
640
634
662
670
730
794
808
806
684
702
686
704
722
728
698
714
700
658
628
650
620
1292
776
768
566
582
600
588
596
618
660
714
716
690
720
734
746
806
730
714
652
662
626
626
634
634
668
652
746
746
760
722
752
766
736
772
726
678
648
666
746
782
824
792
680
684
692
722
780
810
824
824
782
824
802
786
742
660
646
652
698
702
700
662
698
686
688
746
836
918
922
888
856
702
748
750
786
832
846
810
754
808
798
862
824
762
758
750
742
798
784
744
708
768
830
862
820
750
768
788
802
728
700
642
658
680
696
678
728
706
780
788
832
830
772
716
702
728
762
790
804
764
686
746
782
802
804
822
744
730
770
798
840
820
810
714
722
752
728
718
702
778
848
860
868
842
856
824
746
746
766
754
716
748
788
750
666
738
726
718
682
712
772
818
796
718
766
802
800
756
676
750
770
780
726
708
720
700
732
658
644
686
710
764
726
648
686
720
744
736
730
684
670
718
756
840
834
800
782
816
798
836
724
658
718
716
722
702
696
678
732
744
746
654
680
636
634
624
592
648
668
732
660
674
664
658
658
666
694
742
766
800
844
698
928
820
810
776
628
836
684
640
622
618
660
778
890
886
874
626
696
846
828
556
724
682
760
764
744
656
660
648
700
688
680
654
642
636
646
626
642
710
782
794
772
760
686
718
718
718
714
684
638
696
678
684
702
680
702
714
736
716
654
672
642
682
698
714
688
702
698
714
600
622
666
636
650
610
664
652
616
588
626
586
624
562
538
564
580
570
614
514
574
578
562
856
528
518
584
602
624
604
568
580
558
598
526
540
580
612
634
672
778
814
748
962
866
848
836
816
782
730
702
674
728
722
746
742
722
664
618
614
624
626
662
726
782
754
780
754
778
770
752
750
690
724
736
744
808
780
782
734
728
818
802
784
812
788
812
802
820
786
564
590
782
822
840
752
766
782
852
764
692
682
694
660
662
664
690
796
864
856
762
768
782
756
730
736
698
768
780
776
728
698
678
708
728
766
802
880
874
802
788
794
786
714
744
684
698
690
704
706
684
660
646
664
686
714
716
714
718
730
686
740
740
768
772
778
766
748
744
726
734
732
746
752
736
734
716
682
650
644
676
730
868
830
764
756
798
800
746
784
772
706
722
688
684
700
746
750
768
794
846
808
752
752
822
814
802
870
818
812
824
788
840
812
746
794
792
814
740
686
650
742
780
808
788
768
792
828
862
838
534
690
732
762
776
816
784
786
776
742
758
726
586
912
758
660
678
672
712
692
662
672
644
702
696
698
690
656
670
630
650
692
762
834
808
798
864
852
810
724
712
684
730
812
776
736
722
700
748
770
798
768
708
724
744
756
764
736
748
776
780
726
764
756
730
728
724
740
778
794
790
828
820
796
756
774
778
834
828
808
784
710
726
694
732
668
702
696
698
754
814
818
796
842
848
846
800
720
684
680
736
808
870
814
858
838
818
818
746
750
796
804
800
720
680
730
764
802
840
846
788
682
698
700
792
840
674
518
864
856
816
818
846
826
816
730
784
774
862
844
802
788
800
850
812
798
750
778
802
822
800
734
708
718
748
758
760
742
766
746
734
782
812
808
798
726
778
766
780
744
750
768
780
786
788
744
766
806
794
844
760
832
806
796
764
762
758
746
696
688
754
830
816
756
798
874
874
798
788
762
796
742
766
692
654
764
770
778
534
652
778
782
720
738
740
694
718
626
642
612
608
604
598
572
616
614
658
688
708
736
734
702
700
686
656
720
700
718
750
752
504
622
674
672
710
720
768
748
732
736
738
728
788
694
684
700
672
656
676
644
654
648
648
656
730
736
662
654
630
622
640
616
630
716
812
772
796
730
770
796
822
772
848
816
544
726
834
890
854
828
814
870
872
880
876
862
878
852
818
790
812
786
776
740
704
684
642
656
704
766
852
886
892
840
786
714
712
756
792
738
766
736
786
840
844
766
782
718
762
724
766
782
740
756
748
756
764
784
788
780
760
738
718
752
748
768
766
784
744
702
680
622
646
618
618
604
688
580
602
594
584
584
580
570
568
534
580
552
558
570
586
598
598
608
632
622
558
592
580
630
598
588
588
598
592
590
596
616
630
696
674
710
752
762
694
750
756
794
802
718
798
800
828
774
744
780
810
794
782
814
826
746
730
798
818
752
706
730
732
780
834
858
758
828
834
822
730
714
752
778
728
742
800
832
766
790
840
768
768
786
776
694
744
752
788
756
736
758
762
748
712
694
692
694
650
658
628
670
598
664
650
634
616
662
634
656
646
668
646
682
740
764
782
794
756
688
680
728
702
696
698
774
782
736
730
736
812
818
726
696
728
732
780
718
702
708
688
718
736
712
736
714
686
734
748
714
690
716
742
740
676
742
740
700
678
704
694
680
704
692
672
708
658
706
740
724
708
696
738
700
778
744
720
696
732
692
670
688
654
644
636
604
644
618
618
644
648
614
646
672
676
696
746
690
696
724
730
714
734
712
748
818
786
734
764
782
832
720
684
664
712
774
774
778
854
874
748
694
700
690
618
636
630
632
658
698
708
798
864
732
734
762
758
696
690
678
744
776
746
698
718
748
784
830
758
810
850
816
748
782
822
818
726
726
758
828
546
632
736
668
686
766
776
764
730
788
824
770
696
696
686
696
694
706
720
714
696
728
668
708
646
688
638
626
666
700
752
720
746
688
646
666
650
712
702
756
796
772
766
722
710
712
730
720
700
732
800
748
766
814
852
834
784
726
726
804
786
706
748
768
788
768
694
774
766
808
716
540
672
766
766
706
760
816
738
680
780
764
710
656
722
736
812
766
634
922
810
704
766
702
668
672
670
638
714
778
750
726
644
920
858
766
726
744
770
780
692
722
684
694
664
656
656
682
628
680
720
774
804
726
722
770
802
750
700
758
772
734
696
718
752
734
680
718
734
750
698
718
754
792
772
700
716
800
798
750
716
772
782
752
718
692
724
718
708
688
666
624
658
630
646
636
698
692
666
678
668
648
640
764
690
668
684
704
718
732
730
672
686
724
726
692
674
744
750
754
708
652
788
762
736
734
678
506
586
582
666
670
674
674
648
650
674
654
628
664
648
610
612
668
684
674
686
748
750
758
710
798
782
732
758
722
902
770
790
800
800
736
742
788
758
778
792
800
748
722
800
814
730
752
842
838
764
778
800
812
772
726
770
730
700
770
722
842
844
838
824
844
822
502
578
664
840
510
684
706
746
786
792
694
696
702
730
764
724
748
800
768
752
748
784
816
796
740
692
750
756
760
798
734
722
780
784
716
704
752
730
692
726
734
722
710
658
668
738
760
706
728
720
788
780
766
734
748
712
676
678
636
642
632
662
700
738
754
856
864
808
714
770
752
744
682
718
750
766
784
726
722
752
762
838
754
694
702
732
756
728
764
808
794
782
716
750
758
676
702
672
630
692
638
612
614
608
600
598
594
580
638
606
620
634
600
588
578
610
626
634
652
746
752
730
724
710
760
754
788
754
712
734
732
734
736
702
696
770
764
768
732
754
716
718
786
794
818
834
738
724
612
840
750
708
764
788
780
762
708
726
736
696
706
706
736
744
748
652
696
680
642
614
650
626
658
686
732
760
820
826
808
804
760
706
746
740
742
770
786
732
698
700
720
736
736
702
670
728
712
772
698
676
736
770
754
746
680
642
646
626
620
642
726
710
690
670
696
722
802
814
736
720
728
702
714
710
694
668
714
714
820
766
734
774
748
580
910
702
716
752
754
716
718
698
800
786
778
690
682
748
716
710
668
690
702
726
692
680
700
720
712
688
650
734
706
672
608
630
626
640
630
624
614
650
806
640
624
882
654
666
654
632
692
672
638
696
704
716
704
764
712
668
652
732
730
738
740
692
692
698
734
704
680
700
778
760
702
720
704
764
734
680
658
652
634
628
618
640
704
704
700
716
654
678
626
612
618
616
590
590
622
604
596
616
588
624
592
598
610
588
642
624
632
602
598
638
608
666
640
636
616
598
610
594
586
614
630
660
684
734
730
702
668
686
702
712
706
680
648
656
688
686
702
684
650
706
712
726
724
678
686
696
700
668
636
648
640
654
714
754
696
746
736
718
752
686
688
680
740
740
716
702
758
774
772
710
768
780
800
790
748
772
760
786
778
774
730
770
748
808
792
800
752
750
778
748
714
640
628
670
680
770
812
820
748
772
730
770
714
696
716
702
716
684
636
664
674
712
746
750
718
704
722
682
698
622
610
624
622
672
714
802
800
720
760
720
686
618
646
630
622
614
650
666
820
820
834
828
856
832
818
816
776
786
766
792
760
804
768
746
688
950
602
674
726
742
822
874
650
672
782
850
856
514
636
606
674
618
630
688
702
770
792
840
766
778
784
770
600
848
700
736
750
714
714
704
708
764
712
714
644
644
682
580
582
622
794
654
614
660
620
626
642
620
622
640
686
756
824
824
850
802
682
766
652
648
684
710
710
796
724
660
716
690
696
740
812
712
952
784
752
802
760
698
678
672
736
736
800
810
784
774
766
812
782
766
740
696
650
666
656
618
654
638
652
704
722
792
788
808
806
684
768
678
676
688
716
696
708
636
722
734
758
778
702
696
716
720
716
664
646
676
700
700
714
666
716
700
698
664
684
686
720
696
638
648
712
720
724
662
664
654
656
702
684
718
722
694
686
712
716
722
712
712
632
708
696
714
724
696
708
694
736
714
684
734
738
740
700
684
700
676
660
704
672
638
634
656
688
708
760
712
748
752
768
770
682
712
656
648
700
668
626
636
624
608
642
746
778
768
702
794
798
772
750
706
644
668
666
664
656
644
706
730
836
826
834
820
800
788
762
822
782
828
782
738
760
754
738
754
758
764
716
704
698
768
762
704
678
718
734
748
718
654
654
674
664
652
632
652
708
748
836
796
732
738
718
776
732
670
696
738
780
816
784
758
782
844
822
762
782
766
758
742
750
742
756
836
818
768
782
794
738
734
720
732
798
720
730
784
798
772
702
678
750
746
738
684
704
662
684
704
712
746
702
718
766
752
812
766
686
702
700
690
658
684
678
718
722
738
660
668
652
730
734
756
728
698
716
686
662
644
658
684
720
734
794
736
700
720
714
766
700
648
622
626
652
662
688
738
754
822
866
772
698
702
674
708
726
732
682
652
668
666
672
668
742
738
692
718
686
700
694
672
652
664
682
704
714
712
674
648
684
682
670
646
668
600
616
618
640
668
658
700
762
770
716
758
758
720
718
746
740
674
634
690
714
750
786
766
782
814
786
766
722
698
780
772
766
780
722
742
786
798
754
754
822
832
792
746
814
774
798
746
754
762
760
654
854
758
664
684
722
704
758
770
698
678
668
702
734
754
714
664
734
722
680
662
652
666
668
670
678
674
696
654
710
680
654
652
630
666
656
666
636
674
674
678
682
684
700
686
652
662
712
690
712
700
694
754
696
756
654
648
666
698
730
754
758
712
690
708
736
678
654
700
746
780
770
704
718
722
720
690
636
694
706
738
762
746
734
734
744
740
722
722
672
688
730
746
686
730
778
810
844
834
782
792
776
816
782
734
734
760
754
768
732
736
768
768
780
768
748
800
758
644
828
750
750
720
710
720
704
670
614
646
648
680
712
696
714
804
812
768
698
718
732
714
686
652
662
676
694
698
718
698
732
750
736
686
752
710
782
702
678
702
700
670
628
684
686
650
680
670
680
652
632
630
622
678
608
712
714
712
686
662
658
718
688
684
696
664
672
688
692
680
668
692
712
724
718
674
736
# end time: 2014-03-22-20:57:55, 1395536275.66
