# R wave intervals in milliseconds per line
# start time: 2014-03-03-19:35:57, 1393893357.32
694
680
616
664
676
752
802
808
788
892
860
840
782
782
710
774
784
830
856
858
850
840
730
724
716
734
736
800
752
748
738
664
668
666
752
762
784
772
722
774
774
774
750
694
700
750
722
680
684
730
760
784
778
700
724
718
704
742
680
690
718
742
766
720
716
742
756
742
694
662
696
648
716
702
670
700
726
696
676
672
672
722
764
816
834
792
790
792
802
782
752
716
732
760
790
760
722
742
762
752
792
762
708
758
750
764
788
724
714
750
762
788
768
684
670
688
734
782
818
830
808
768
812
782
766
706
728
770
786
754
710
778
768
774
708
678
664
682
656
662
666
724
788
844
844
834
758
682
694
684
684
662
622
620
624
650
670
730
714
756
774
748
816
756
704
692
712
754
776
766
746
708
722
750
768
784
706
668
658
648
650
662
688
716
734
714
694
692
678
766
786
752
738
754
758
756
744
704
656
660
686
694
720
740
758
706
694
718
734
746
740
726
744
758
762
726
724
752
752
740
710
686
724
740
738
720
706
746
762
774
722
702
716
700
664
684
722
732
748
716
684
716
706
678
656
648
670
728
768
792
764
738
762
762
766
744
762
760
792
