# R wave intervals in milliseconds per line
# start time: 2014-04-14-20:58:57, 1397523537.21
526
654
712
668
684
908
544
634
568
566
584
586
584
612
894
784
616
634
648
652
682
652
646
686
730
768
814
754
750
780
782
722
696
668
734
732
700
664
652
664
650
734
768
768
764
718
732
716
602
876
724
510
560
512
800
750
772
776
750
528
666
698
668
618
664
684
734
684
668
712
716
700
670
712
686
766
766
738
632
814
716
750
632
868
666
672
584
748
802
748
800
798
804
796
736
750
750
786
762
766
718
704
728
736
750
748
750
762
754
764
722
736
744
734
720
714
732
752
798
782
752
734
714
652
648
648
650
704
732
782
784
750
704
728
724
754
726
764
734
712
720
700
714
670
714
718
748
752
952
598
716
670
744
698
790
778
730
788
754
796
750
684
726
714
770
646
770
764
780
750
668
716
750
722
764
502
764
766
730
720
702
728
758
760
704
680
718
750
516
602
562
824
780
746
686
688
664
682
736
744
752
760
726
690
702
678
752
504
594
648
754
650
794
684
790
528
768
592
608
550
586
684
512
526
640
732
538
718
504
578
746
536
788
744
652
644
712
546
810
550
622
700
748
640
668
714
718
698
514
528
624
538
512
634
702
568
798
768
770
764
752
530
600
504
530
622
772
790
508
504
608
772
764
514
508
612
770
794
518
526
626
530
802
522
610
514
742
524
574
802
530
514
628
758
536
510
630
512
734
514
564
754
802
772
772
520
522
630
550
818
540
624
520
534
634
730
780
540
522
644
536
816
576
640
502
532
622
770
542
508
630
512
506
616
532
816
534
618
632
696
782
676
636
708
750
736
734
654
646
654
742
736
534
754
504
566
748
516
800
800
802
532
622
796
748
694
708
698
724
530
768
768
798
516
608
762
802
746
774
742
782
682
758
778
726
764
634
780
724
526
784
734
732
686
652
670
694
718
520
596
516
518
636
698
664
670
652
690
758
746
580
504
654
532
800
784
524
610
748
726
792
658
508
768
518
590
544
820
536
616
512
524
622
778
764
796
530
808
778
732
526
576
774
528
518
628
670
698
674
630
666
716
504
802
778
768
536
616
774
508
802
732
736
750
700
696
718
766
506
600
512
784
516
594
506
764
786
772
750
764
510
600
788
534
786
718
700
666
666
686
712
680
704
720
766
750
512
580
682
530
778
530
594
758
674
514
764
720
746
636
600
600
634
736
536
618
526
532
636
802
534
516
640
790
668
722
738
686
682
670
804
670
548
808
754
732
722
748
718
716
700
686
698
664
616
618
654
668
680
720
748
780
516
618
654
794
748
704
670
648
584
622
628
636
756
738
782
782
790
502
732
746
716
702
688
676
652
616
634
664
702
734
722
728
526
580
762
794
750
724
744
754
716
692
786
744
786
734
748
756
764
632
836
672
690
742
716
680
706
746
722
694
782
752
782
734
654
650
746
722
716
722
730
750
750
734
664
666
638
632
700
668
928
676
668
748
768
748
768
818
834
788
710
700
710
710
710
686
666
684
716
682
682
702
770
800
776
754
702
766
634
652
538
636
660
736
830
772
534
780
830
788
780
714
706
696
614
852
686
650
678
670
698
652
714
640
708
522
602
678
634
502
750
746
734
678
672
702
748
518
600
800
780
518
802
768
716
714
682
650
618
632
650
686
684
512
566
698
656
646
700
716
752
698
574
646
648
742
794
866
834
800
698
706
894
684
736
702
668
700
670
664
714
716
734
718
702
696
700
734
732
734
718
698
668
764
752
504
576
710
706
646
734
662
618
684
700
702
750
800
554
632
544
736
682
542
588
642
710
696
726
652
648
684
762
780
754
776
756
754
778
750
670
746
714
506
768
764
748
768
506
596
696
754
618
660
640
684
764
830
788
802
798
750
518
790
704
802
716
684
700
718
764
702
714
754
764
504
602
762
564
766
802
764
756
610
768
684
700
688
678
648
668
684
702
732
734
686
612
634
732
768
526
606
784
550
832
554
614
792
790
720
564
504
664
700
644
620
648
686
564
604
666
564
834
502
600
772
786
786
518
782
516
604
700
798
698
724
744
514
720
698
716
740
764
782
710
708
524
588
778
788
738
712
748
754
516
730
750
770
766
798
750
750
752
780
706
774
804
502
586
550
730
850
534
586
744
618
636
634
660
688
650
664
802
532
810
842
770
516
802
506
614
708
634
668
662
636
734
700
700
684
650
698
718
530
602
772
536
762
732
734
680
616
568
602
548
634
698
504
570
768
796
780
750
784
734
754
764
796
748
726
776
502
518
614
518
804
520
610
694
786
754
762
750
748
760
794
820
746
754
774
724
748
694
788
802
504
710
766
772
780
736
556
594
696
654
714
700
670
712
616
644
632
600
600
758
536
698
750
634
634
632
636
630
620
662
602
580
572
630
518
584
584
584
618
746
722
744
668
636
634
650
714
682
752
716
734
730
636
682
650
670
638
660
650
668
764
788
800
800
848
850
754
802
512
744
714
716
728
742
782
762
750
802
798
772
766
682
888
706
502
554
746
506
736
534
580
782
754
644
676
792
714
540
688
732
780
766
738
748
770
762
750
768
784
752
646
618
650
648
750
832
808
858
852
670
646
802
746
756
754
512
798
504
706
700
710
720
732
766
714
734
654
760
502
586
716
632
660
672
734
662
554
634
556
648
664
636
676
640
562
788
762
752
762
756
748
752
648
750
732
718
730
734
702
682
680
670
736
736
732
712
702
732
666
650
686
766
764
736
736
748
800
764
704
714
716
732
686
668
678
668
700
768
732
720
766
796
738
750
568
558
674
522
642
670
670
798
750
814
536
636
682
666
716
762
506
780
784
736
716
684
732
732
766
736
684
666
684
698
750
502
604
528
512
770
734
684
800
660
622
674
634
694
668
724
516
612
802
798
540
644
778
502
768
750
750
766
734
750
732
652
616
614
600
640
508
556
764
754
532
816
522
612
802
796
772
740
730
742
748
702
770
666
664
732
800
816
752
798
768
816
782
802
802
798
782
800
734
734
718
780
704
548
796
572
724
660
670
678
702
732
750
770
682
700
714
686
682
634
682
700
736
764
752
766
700
716
750
736
712
670
750
750
786
796
770
802
796
752
718
634
682
630
672
696
700
684
752
770
726
722
698
734
698
682
650
670
668
512
568
670
650
718
750
704
730
734
782
752
764
788
812
788
766
698
914
566
796
756
564
830
784
510
608
754
566
826
516
600
688
722
738
708
748
752
652
794
756
780
748
700
754
730
782
604
636
684
694
698
702
634
650
700
782
780
790
802
948
684
690
562
710
670
630
620
650
698
734
750
748
754
884
852
830
598
856
678
750
512
562
678
682
618
664
698
668
630
670
710
678
660
638
778
752
782
518
782
784
648
570
812
704
738
774
758
504
680
718
716
734
748
734
690
728
752
768
780
754
744
800
784
734
752
736
692
636
662
598
784
504
542
638
686
780
780
748
778
694
682
752
714
504
748
730
766
786
502
600
728
724
796
698
750
716
784
750
766
638
794
754
746
768
672
790
504
754
666
732
732
752
714
666
734
750
686
664
682
666
684
702
682
720
748
730
754
680
718
734
784
782
800
770
816
648
954
780
766
782
784
782
784
750
768
820
848
782
766
782
820
784
748
768
798
834
784
770
796
816
804
748
768
818
846
822
794
790
782
750
698
686
748
784
832
752
798
784
818
816
750
782
514
560
762
782
636
764
732
784
670
666
716
700
666
514
750
718
502
584
796
786
698
750
750
716
652
652
680
734
800
786
732
742
788
518
800
512
604
684
516
786
502
584
798
668
742
788
506
814
768
520
594
518
770
780
780
786
784
752
734
764
768
800
766
786
814
832
752
736
764
752
720
730
766
770
762
706
714
700
698
684
716
734
684
736
784
748
716
750
736
782
754
746
764
772
748
750
716
736
766
752
732
752
764
784
768
736
778
516
570
634
722
744
786
782
750
700
520
800
768
748
700
716
702
668
648
686
714
700
684
602
652
680
602
678
638
648
684
720
748
702
666
634
652
684
696
718
706
664
726
704
632
666
630
606
632
550
600
534
816
536
604
794
502
784
504
590
736
774
770
708
518
754
762
784
524
610
784
832
820
832
816
796
786
736
762
738
800
782
766
688
698
716
734
798
770
748
750
766
724
646
670
694
698
736
704
728
754
766
766
716
716
700
718
682
668
688
728
700
586
852
716
638
772
726
632
694
700
698
674
630
668
640
710
624
632
628
600
770
796
552
816
836
816
764
584
768
714
734
750
786
530
782
834
816
786
714
732
716
720
748
774
694
702
764
816
518
612
774
808
886
624
710
734
822
618
518
502
762
760
802
814
796
790
746
750
752
800
750
686
744
768
770
720
744
772
746
700
722
778
784
736
748
782
786
710
720
754
734
794
692
730
768
786
748
734
732
776
756
684
714
740
780
766
702
716
766
750
688
646
620
696
682
684
620
646
698
646
672
680
690
680
648
698
736
702
784
716
664
656
664
714
750
702
698
738
794
824
818
778
754
784
764
702
668
648
704
746
800
804
768
812
802
798
784
688
700
666
664
634
686
766
834
818
782
784
866
834
798
570
626
640
736
746
718
752
730
618
684
698
700
736
734
646
652
684
702
730
670
616
668
664
688
666
632
680
# end time: 2014-04-14-21:22:36, 1397524956.89
