# R wave intervals in milliseconds per line
# start time: 2014-04-03-10:06:19, 1396533979.15
614
622
646
766
698
714
718
676
688
604
616
602
566
570
582
626
704
788
634
816
664
668
666
652
732
704
656
624
650
666
680
678
692
648
614
654
666
666
710
690
586
628
642
664
612
596
580
644
636
628
668
640
666
680
614
722
704
672
704
600
650
668
594
602
614
640
646
726
716
654
590
634
676
712
710
634
680
708
712
710
650
676
638
710
644
688
764
750
688
754
762
816
788
714
782
692
692
688
666
780
580
636
652
748
762
716
710
712
806
798
794
758
668
698
700
696
784
740
680
808
802
792
642
934
700
718
730
736
750
750
722
606
906
760
676
648
730
720
764
750
670
712
710
724
688
664
700
716
738
720
658
702
684
690
696
672
646
696
736
676
694
746
770
786
694
518
966
662
586
622
620
594
604
634
652
684
712
684
706
712
714
654
602
618
624
622
636
618
590
624
636
646
640
614
610
606
606
616
648
660
650
672
698
704
664
622
676
664
682
712
668
650
700
736
768
760
698
710
728
714
662
616
614
612
644
686
738
776
782
776
704
690
712
706
730
718
668
654
702
702
778
750
730
662
686
702
714
720
716
646
672
704
718
720
678
662
692
704
698
664
624
676
700
724
686
666
720
720
716
656
618
626
624
628
608
612
626
628
660
730
776
804
792
706
640
650
682
674
670
624
626
636
656
648
640
650
646
608
634
642
646
652
642
652
654
648
622
630
666
662
706
720
692
632
650
702
680
690
644
650
660
668
678
644
616
600
656
650
672
628
618
684
698
718
694
676
630
652
614
600
594
594
602
620
662
680
658
682
664
682
702
800
810
800
782
706
652
650
678
658
622
622
640
636
664
698
602
670
628
698
698
688
672
666
654
644
626
590
580
588
596
632
654
678
692
692
644
670
648
668
634
672
684
712
644
622
692
684
648
618
608
614
622
676
718
748
734
658
672
684
696
698
702
702
688
678
678
652
628
654
632
620
630
664
658
622
654
686
722
708
648
662
678
686
650
622
634
670
700
728
666
644
672
690
692
742
744
750
688
634
722
692
664
698
650
602
608
606
620
646
678
710
666
636
648
750
804
796
824
680
726
742
740
750
738
710
700
688
668
630
664
698
740
788
766
716
752
760
748
674
662
682
694
720
734
670
636
636
664
688
662
650
680
734
772
758
706
764
782
772
708
676
718
712
706
670
632
672
702
740
756
682
692
762
798
794
694
672
706
704
750
692
732
750
742
734
684
634
674
710
728
708
678
732
768
794
760
706
742
748
728
670
700
726
752
744
684
706
748
768
748
674
690
708
712
666
626
656
700
712
674
646
672
700
714
710
660
648
686
700
702
646
674
706
724
666
634
610
632
652
682
672
634
642
676
702
716
688
654
686
690
698
696
656
700
724
726
664
690
700
720
720
690
634
664
680
700
726
706
676
716
732
730
728
674
670
688
680
682
646
678
712
738
744
682
732
758
754
734
708
712
722
710
696
650
678
694
702
692
652
664
684
690
704
688
642
678
696
718
716
688
692
708
704
662
634
658
634
628
638
672
694
656
698
702
702
700
624
638
638
670
718
708
706
770
794
804
756
716
730
734
700
634
648
662
688
704
718
720
718
700
682
666
656
646
620
608
662
732
810
788
724
768
778
702
656
704
708
710
658
682
716
732
718
664
696
718
732
734
672
654
696
698
710
672
662
694
702
712
670
650
686
698
710
708
662
696
714
722
694
646
650
674
674
664
630
626
624
654
656
672
760
786
740
714
746
744
742
708
674
708
736
758
766
740
696
738
744
752
704
654
690
712
728
702
674
714
734
740
692
660
690
682
722
636
654
682
702
716
664
656
690
692
682
640
630
670
696
718
746
736
676
684
700
694
710
680
678
710
726
738
732
698
742
736
734
704
678
710
718
726
710
654
692
708
718
720
674
672
702
706
700
658
674
704
726
710
654
672
700
696
696
668
716
742
720
680
722
722
698
646
644
668
680
660
632
666
704
684
634
616
646
664
686
690
656
654
684
688
696
646
606
610
610
624
620
638
716
778
788
792
710
712
728
720
700
660
610
680
700
728
746
768
708
652
692
690
666
684
648
684
708
730
750
702
654
690
706
714
722
680
692
736
744
754
658
694
722
732
716
674
728
754
776
732
654
702
726
732
696
644
634
662
664
696
702
678
702
726
726
714
664
682
704
710
706
670
700
728
728
688
646
690
702
720
664
634
600
592
692
728
704
684
668
690
706
704
700
658
666
672
674
686
694
662
640
678
688
708
720
724
732
726
722
706
706
706
706
712
720
724
680
642
652
678
690
722
728
670
640
684
688
698
688
650
648
656
672
684
690
664
628
642
658
674
690
698
682
634
646
662
666
670
644
634
678
710
724
720
674
700
704
696
680
636
628
646
656
668
650
620
654
670
676
640
616
648
664
672
678
664
660
676
678
672
648
616
626
640
644
634
626
624
640
634
622
644
660
678
680
652
660
684
696
706
690
650
686
702
722
674
654
696
704
702
652
678
708
726
738
724
670
698
706
716
728
678
616
658
674
688
704
714
696
676
626
606
618
648
720
782
796
766
720
784
766
754
700
562
724
722
716
730
712
648
646
664
666
668
652
608
620
654
682
740
770
724
670
704
718
734
702
676
704
722
736
748
748
680
670
704
728
752
778
782
700
738
756
740
698
638
662
676
700
726
750
692
688
720
736
738
722
672
634
664
672
668
648
684
718
756
726
666
630
666
696
714
692
638
650
660
652
660
642
622
658
668
680
706
716
678
638
670
688
690
686
648
634
624
628
634
654
706
778
784
762
770
784
780
752
730
696
654
666
674
684
698
664
650
696
722
758
760
728
670
672
684
698
710
682
638
644
682
690
702
710
656
628
632
654
666
668
638
618
660
686
716
718
718
668
614
644
646
654
624
610
612
656
722
810
824
816
802
710
672
712
706
696
674
644
644
658
676
674
730
766
740
692
718
708
698
696
642
636
668
682
706
708
682
732
764
770
728
666
682
720
732
732
668
670
690
688
674
686
660
642
660
678
680
670
640
648
634
646
592
612
596
632
680
748
802
740
786
826
826
832
804
706
710
706
710
706
656
686
702
730
746
698
652
670
666
666
696
720
656
658
642
684
696
728
754
746
672
738
750
756
770
754
718
754
760
758
746
744
668
712
742
796
798
750
728
758
776
776
748
694
740
774
774
742
684
726
702
832
754
690
710
736
744
674
626
668
690
696
648
638
672
730
778
728
670
696
724
746
756
692
630
700
708
728
740
698
768
818
824
814
782
758
716
674
708
734
778
794
722
748
754
748
670
662
742
728
732
680
684
726
744
768
710
664
706
720
734
676
652
712
726
766
762
760
674
680
708
712
722
674
708
764
726
688
684
706
678
650
690
710
730
708
648
666
698
732
758
710
702
744
740
694
674
678
704
714
686
712
760
780
792
764
684
682
688
686
690
698
762
800
820
780
746
772
784
776
700
662
700
718
726
696
724
758
778
762
676
720
704
676
654
682
754
746
638
784
694
732
712
694
716
684
664
620
672
558
586
544
650
768
786
832
852
880
886
874
898
860
832
800
782
770
756
720
772
700
748
744
772
764
698
726
696
650
672
662
698
704
732
678
616
672
682
672
660
688
722
732
696
680
716
742
742
714
650
688
702
716
726
690
692
736
760
736
674
678
718
724
668
688
678
670
642
682
708
714
714
648
630
664
668
684
682
626
638
658
672
652
620
624
632
708
776
818
812
734
702
710
716
722
756
770
710
778
778
772
722
668
722
710
702
718
724
714
658
616
624
618
706
742
792
770
732
704
734
786
808
776
740
738
668
664
694
702
652
632
652
666
692
734
814
848
822
732
718
768
742
710
656
638
638
670
732
786
816
806
720
666
684
660
688
748
776
732
674
674
668
650
668
700
640
598
614
640
664
726
782
736
680
664
700
706
694
666
622
608
594
608
636
692
776
816
774
684
726
698
708
670
690
662
684
704
668
630
610
622
646
684
756
838
816
794
810
810
790
770
678
670
624
980
590
1914
