# R wave intervals in milliseconds per line
# start time: 2014-03-20-21:48:04, 1395366484.42
536
600
546
580
570
602
582
620
558
610
612
612
666
718
640
502
712
656
682
658
636
650
714
506
514
640
512
616
744
794
532
628
780
776
766
740
746
686
650
710
758
800
816
780
768
796
772
732
536
814
688
668
832
754
806
786
736
748
688
678
736
766
702
700
732
754
502
596
766
772
510
726
726
716
502
570
508
820
836
504
660
752
514
674
624
668
722
776
770
700
716
750
700
668
600
632
634
668
718
748
766
754
514
598
690
794
674
740
726
768
802
788
550
786
746
656
650
628
670
832
850
552
666
702
800
818
780
752
782
668
898
754
714
766
600
698
756
548
826
738
734
832
740
746
748
766
724
644
664
702
754
802
796
800
782
522
618
684
690
728
748
740
768
794
770
764
696
704
700
694
702
736
750
790
774
760
758
784
758
738
600
914
748
572
640
556
728
650
686
752
776
774
768
782
784
730
714
722
740
722
732
706
734
700
732
732
670
630
602
600
600
634
722
508
594
800
720
788
758
744
724
698
684
876
606
594
668
730
768
752
634
900
632
764
640
662
600
634
584
734
550
712
854
600
802
788
668
642
666
658
678
746
756
764
722
756
954
728
676
672
648
630
680
712
756
838
792
780
804
784
502
590
764
762
708
752
716
746
770
780
766
800
508
790
692
744
634
690
646
674
602
642
700
780
648
660
734
608
550
648
560
634
516
584
576
600
568
576
690
710
726
668
700
664
626
600
824
582
658
728
572
570
654
678
712
774
752
734
702
690
722
734
758
612
866
702
682
688
664
734
750
730
758
802
756
742
746
784
770
700
634
666
668
658
630
596
582
666
710
750
522
804
782
768
512
594
650
630
666
630
640
638
656
682
734
754
706
756
616
622
646
698
684
718
784
798
750
800
560
652
702
728
712
670
772
566
734
658
698
728
920
568
800
764
736
550
814
586
660
688
668
728
730
690
618
600
676
692
758
790
782
570
714
742
766
788
746
714
778
732
732
714
698
764
612
684
838
656
654
648
670
502
574
572
660
640
626
620
598
594
858
674
694
744
722
728
718
504
592
614
550
648
780
832
822
802
816
768
722
782
822
812
786
814
534
614
812
742
744
702
724
744
736
730
778
816
790
752
774
782
770
748
702
684
762
742
730
748
714
740
760
792
522
720
714
710
610
786
750
748
808
754
818
798
776
734
762
690
666
658
700
840
808
908
872
844
718
692
662
684
746
782
784
812
772
832
798
788
748
516
624
724
722
734
722
726
712
756
722
722
702
750
762
726
778
734
738
772
720
718
714
716
754
528
568
734
506
780
762
706
710
744
712
724
768
758
718
744
746
772
788
748
762
816
800
782
772
802
808
804
752
766
762
752
708
748
700
702
630
596
608
614
684
658
682
706
744
768
762
758
748
764
772
756
766
736
710
702
702
656
616
634
628
630
736
666
720
724
740
768
734
746
702
688
614
650
616
782
840
528
800
742
744
712
782
670
686
762
738
786
734
702
778
798
600
568
612
552
602
536
600
582
586
696
674
698
740
752
710
712
736
712
710
694
694
648
666
714
708
714
720
764
736
712
700
634
600
624
572
538
618
598
636
646
634
610
766
692
668
708
634
600
614
620
578
568
590
600
586
616
676
660
658
588
660
668
708
800
774
736
732
712
670
700
700
736
700
654
644
652
618
668
732
756
680
864
772
762
704
764
696
708
732
698
636
666
684
716
538
586
710
676
682
620
574
662
720
692
504
736
734
734
666
610
624
632
716
770
782
552
796
780
778
814
590
746
698
596
636
714
758
780
832
788
770
820
788
736
778
750
732
726
762
736
578
866
544
582
504
812
558
758
734
756
618
706
678
636
712
754
562
930
656
720
726
920
702
552
614
600
758
708
700
718
714
702
724
694
708
726
744
756
656
668
690
658
688
714
764
750
786
504
602
690
708
748
720
700
754
634
502
746
828
534
590
514
506
612
510
770
502
762
502
604
694
694
710
700
772
774
754
748
752
766
754
756
624
634
686
712
736
732
726
734
708
766
734
758
698
598
900
778
758
754
748
534
680
732
770
754
750
764
768
754
756
782
778
800
766
734
712
712
674
754
634
632
708
728
690
648
682
708
702
702
624
576
666
628
608
678
584
602
640
678
756
780
782
516
570
672
706
740
668
650
700
658
726
714
766
768
704
732
766
758
772
708
734
742
716
716
584
780
632
700
726
708
732
686
702
680
632
650
666
684
590
730
694
736
754
754
744
766
766
730
650
622
664
698
636
698
636
666
666
700
528
584
738
742
708
750
672
758
744
724
710
668
652
750
584
648
836
532
668
694
708
642
828
556
644
560
682
560
770
628
758
536
574
790
762
512
756
746
698
668
666
642
682
696
704
676
634
688
634
618
628
586
586
556
572
618
634
516
584
530
604
520
552
514
548
822
710
586
942
508
568
530
528
544
796
518
586
734
552
506
778
514
586
514
516
562
584
516
510
536
746
572
782
666
552
750
746
638
896
528
524
534
528
524
520
614
898
548
550
850
516
584
746
522
796
532
672
732
534
528
542
526
838
542
600
672
766
740
714
700
696
642
640
646
574
538
552
552
584
634
796
776
798
826
840
832
506
572
678
652
726
588
584
534
550
650
664
636
680
686
694
704
668
660
562
608
586
604
614
734
700
764
732
504
592
710
870
676
678
626
582
650
582
622
646
712
708
712
756
668
602
630
550
616
518
564
732
790
526
576
570
648
586
632
566
766
698
540
764
770
732
734
724
692
696
752
736
792
790
784
568
610
740
796
780
734
772
772
774
840
800
780
662
766
652
668
660
678
648
652
766
724
738
756
754
738
724
680
692
642
658
536
634
690
640
746
656
630
632
684
692
668
736
634
528
722
660
678
644
606
628
600
594
590
614
640
630
664
634
668
720
686
718
676
696
720
706
720
716
708
716
700
774
642
634
698
670
692
674
652
682
700
700
734
712
676
654
680
722
586
860
580
566
588
592
590
620
622
714
648
652
566
604
594
586
584
670
586
608
544
578
550
568
648
646
772
574
626
534
592
572
602
596
634
552
848
734
704
740
544
782
628
536
636
732
562
562
670
512
788
802
766
776
802
538
578
784
778
606
628
738
768
836
684
668
734
722
762
744
738
752
742
734
734
776
700
866
780
712
508
588
646
774
676
700
700
694
740
734
700
700
700
732
728
640
576
570
606
548
700
732
668
766
696
698
704
722
728
668
646
666
648
640
572
568
656
668
544
854
712
734
736
768
766
736
744
724
700
716
686
696
684
704
772
678
632
718
730
720
762
704
730
704
614
612
656
680
720
722
696
802
660
638
666
634
668
692
668
620
652
694
688
748
698
666
670
680
656
600
668
640
604
634
574
570
610
558
532
554
516
618
512
514
556
502
534
532
536
532
534
586
780
538
510
572
566
612
622
614
614
584
672
530
544
588
584
584
634
694
724
794
640
638
780
744
802
752
734
768
730
724
740
724
916
642
638
728
508
572
572
572
668
650
672
654
688
726
718
742
674
670
716
682
696
658
736
732
516
658
728
740
546
832
656
650
616
710
694
508
602
692
704
734
752
748
738
762
724
742
734
766
760
674
534
512
654
602
600
636
670
758
788
682
768
768
750
744
656
634
652
648
650
674
700
750
682
720
684
732
722
656
676
526
702
644
722
518
648
614
758
714
560
758
698
698
756
678
754
708
660
728
736
720
726
754
790
740
788
774
770
656
776
758
660
754
718
734
742
646
666
812
604
794
700
750
696
778
768
768
776
724
784
706
794
726
788
708
780
786
656
504
788
788
802
800
768
764
768
732
700
734
750
746
690
716
772
760
700
704
564
832
700
646
662
692
750
696
686
718
716
694
688
690
704
688
728
676
700
694
722
638
634
668
634
666
666
636
702
700
726
690
682
698
672
802
566
936
698
576
576
618
608
682
518
780
784
556
666
740
596
778
726
700
694
770
720
738
780
574
768
684
718
702
652
648
684
700
616
612
594
612
614
620
700
730
770
800
780
750
724
690
680
692
638
698
540
714
712
710
734
668
664
700
718
754
798
828
852
822
788
812
824
704
640
666
684
716
788
784
754
774
772
752
708
702
732
808
826
832
850
842
810
766
766
698
620
638
668
676
800
792
798
862
518
584
522
512
590
576
566
540
590
544
620
608
580
626
652
618
652
518
584
582
618
602
514
568
598
610
616
640
650
610
626
642
640
706
602
582
642
706
682
678
634
634
666
718
718
758
702
720
764
756
762
734
734
702
712
678
670
684
700
710
682
672
710
732
736
664
684
704
724
664
726
700
694
662
676
638
598
666
646
640
624
632
672
692
762
730
684
744
740
734
734
676
624
574
540
628
692
766
782
786
800
806
586
678
752
806
584
724
694
712
678
926
716
722
726
760
664
690
698
722
746
714
560
730
718
926
568
702
932
568
748
756
664
770
694
564
776
766
834
798
766
736
700
700
728
750
750
672
692
704
750
772
792
756
768
504
582
728
734
700
784
700
700
652
708
908
566
670
830
736
730
764
758
676
686
716
566
726
626
766
514
762
756
770
810
522
612
684
520
796
786
770
748
534
712
702
784
768
772
774
786
602
670
596
562
694
526
534
648
712
770
536
574
788
590
776
824
680
552
548
586
666
664
730
648
672
854
776
820
826
830
686
720
506
760
768
794
774
732
782
754
768
734
748
778
742
802
526
756
758
790
784
762
640
752
666
766
620
772
708
674
594
590
610
584
716
786
778
802
712
700
778
624
600
586
800
636
664
666
772
530
514
638
504
796
524
610
684
516
764
766
772
738
752
780
780
756
768
776
750
742
768
802
800
822
800
510
792
734
732
734
734
766
734
724
756
770
772
544
634
628
744
768
568
612
754
554
770
768
664
712
748
752
652
752
712
758
744
728
656
692
730
698
666
652
750
696
772
658
504
752
712
686
692
694
708
666
656
654
506
586
620
758
722
674
676
650
588
646
604
762
640
520
706
692
636
674
610
646
744
600
644
666
670
674
756
740
504
748
624
674
668
684
638
764
546
638
616
590
644
670
662
656
646
634
666
686
650
682
650
704
700
702
742
686
708
766
702
728
696
708
702
734
732
726
700
720
744
710
730
728
730
770
708
602
666
660
702
682
730
626
658
668
674
712
736
718
718
716
700
694
696
686
690
702
722
738
744
768
732
778
724
684
736
730
738
534
646
690
742
602
934
768
702
734
754
768
744
750
764
714
778
728
700
752
746
788
578
656
638
664
650
748
668
648
592
600
592
542
716
542
566
548
578
574
600
566
602
550
550
560
672
516
562
556
600
622
666
516
738
716
664
684
648
744
798
822
828
808
742
602
668
622
614
632
700
774
806
812
774
818
818
824
704
670
700
628
572
664
650
656
670
710
740
522
760
514
622
778
716
730
708
674
660
676
692
724
534
866
686
724
746
760
706
750
726
714
722
674
726
750
678
752
648
700
728
716
726
702
700
714
686
698
696
732
760
766
746
710
752
746
792
734
786
778
688
684
736
692
682
656
734
798
750
584
584
700
684
800
730
734
724
526
746
740
600
852
630
620
640
534
578
636
750
798
618
972
790
800
798
746
768
756
746
720
730
772
780
766
800
772
748
746
704
720
732
730
782
782
744
728
754
750
752
782
740
750
706
612
690
732
728
550
820
736
772
670
658
692
584
642
694
770
518
564
668
610
692
654
734
790
564
598
712
788
846
788
532
668
514
628
544
642
686
688
718
744
772
800
792
766
742
782
746
756
646
666
736
712
680
656
620
654
724
506
592
524
788
744
520
598
750
668
664
634
668
700
702
600
936
784
502
766
596
598
690
660
656
670
622
596
616
686
780
770
802
764
762
774
748
680
606
700
700
748
712
574
680
686
732
776
788
536
590
678
762
534
602
702
518
744
516
768
748
670
716
750
718
790
778
772
830
770
718
738
730
734
694
742
610
930
764
798
768
790
744
782
804
804
780
702
738
730
682
698
700
734
752
682
732
768
714
646
672
698
688
760
702
794
768
758
712
734
778
754
724
666
730
748
568
592
606
786
824
736
706
718
768
716
732
700
710
684
672
726
700
734
698
690
650
598
676
738
720
686
636
630
608
658
686
702
730
710
742
692
704
720
710
678
688
656
676
720
748
772
794
790
800
788
682
820
726
740
780
756
776
776
792
752
612
698
702
750
762
762
744
772
762
702
736
728
730
750
734
714
720
728
722
680
700
752
782
774
632
710
738
600
866
732
736
754
746
700
730
750
744
704
924
744
688
680
704
710
658
660
668
712
678
726
706
704
724
748
740
696
700
716
704
668
600
682
772
834
612
756
600
770
734
798
674
726
860
576
680
706
750
714
922
752
702
714
684
714
634
668
648
780
804
724
710
810
790
696
698
672
758
842
652
528
798
520
628
772
706
728
934
674
656
682
782
702
706
626
644
686
668
646
654
668
702
696
730
734
674
666
676
724
600
800
672
632
614
718
534
680
702
788
774
568
830
718
754
764
756
778
798
774
730
734
764
766
744
758
800
758
736
738
696
694
722
722
748
730
730
758
744
724
714
742
774
736
898
694
688
734
702
698
734
770
714
702
738
712
692
574
652
566
596
668
680
656
726
800
802
610
622
630
742
808
782
538
608
698
762
706
804
830
832
800
856
838
506
656
548
594
780
766
790
726
738
670
644
864
728
746
772
700
736
750
664
738
696
668
750
752
806
800
830
818
824
724
706
710
708
684
692
660
708
746
760
534
624
680
732
744
750
758
772
778
696
732
734
756
676
726
712
758
744
796
752
742
762
728
798
748
758
772
510
676
668
784
786
766
756
784
782
748
666
684
684
760
760
702
810
836
604
638
606
600
614
586
620
612
630
738
802
782
782
814
786
802
664
568
700
738
762
768
784
748
700
684
674
674
746
788
804
772
774
778
738
768
730
670
682
658
636
756
790
832
530
606
692
556
794
762
698
728
732
510
726
542
634
2002
1158
704
700
662
650
604
602
590
610
628
640
740
678
692
758
808
822
814
728
770
738
# end time: 2014-03-20-22:24:00, 1395368640.42
