# R wave intervals in milliseconds per line
# start time: 2014-03-06-20:15:38, 1394154938.16
720
736
752
708
678
680
738
736
774
788
764
698
690
698
722
750
784
804
816
774
728
726
778
762
768
770
728
700
708
726
740
760
826
818
812
774
738
718
700
702
708
734
726
746
734
734
698
672
692
696
676
744
790
808
800
808
796
788
726
720
740
766
778
722
718
748
778
786
776
808
820
820
788
788
790
786
760
750
768
774
726
678
726
758
750
748
710
758
768
722
670
664
648
682
688
764
760
726
734
760
762
776
762
752
700
694
696
664
648
688
734
706
654
702
750
792
828
820
774
768
768
766
764
758
734
752
776
802
830
820
808
812
824
754
706
680
776
792
812
798
744
728
702
710
758
792
768
718
744
752
760
776
734
690
712
736
798
810
798
768
778
774
738
748
740
768
802
820
792
800
814
808
816
740
752
762
798
802
772
766
808
816
816
786
800
784
764
766
698
720
748
784
816
816
776
742
760
758
774
768
756
796
776
784
742
692
680
672
702
744
748
718
758
786
812
806
774
742
764
766
754
752
712
680
654
698
706
744
812
796
738
752
776
810
832
770
746
764
758
758
750
712
716
738
744
750
716
712
710
742
758
728
712
728
764
738
688
692
760
784
776
786
758
792
786
764
710
726
738
752
730
744
766
760
734
712
736
754
704
656
674
714
754
798
808
802
756
764
722
732
744
742
718
688
674
668
730
746
796
800
790
768
792
816
798
796
768
774
782
802
806
790
794
842
802
742
744
768
778
756
754
766
774
792
804
772
786
780
686
682
692
718
706
692
772
788
814
818
768
748
734
730
734
724
702
726
762
786
784
748
744
754
776
782
714
712
668
664
656
692
754
796
794
770
822
784
768
748
720
708
736
760
748
776
800
856
832
800
768
786
784
784
760
736
730
722
766
820
842
802
790
844
810
766
732
760
792
800
766
726
676
708
768
810
796
750
772
778
764
772
724
682
620
646
670
764
742
728
772
802
808
782
750
770
774
776
776
758
780
788
802
750
666
658
680
746
784
820
836
826
816
808
860
810
756
720
716
746
836
878
896
880
852
822
850
830
808
756
772
820
872
898
880
928
922
920
894
904
898
886
866
848
868
836
762
816
814
796
794
800
816
858
778
876
904
896
848
840
602
670
638
660
670
678
642
584
614
730
532
960
934
930
914
938
906
834
768
698
756
842
830
834
828
840
818
764
696
664
614
698
688
684
718
698
710
666
688
684
728
718
750
712
682
662
640
616
616
608
612
614
618
684
666
656
706
694
686
650
630
618
620
622
632
646
634
680
648
674
708
732
754
720
640
598
584
596
612
654
702
642
600
696
684
664
672
674
726
756
768
766
714
634
590
710
706
682
634
584
698
710
778
816
804
760
716
700
580
594
582
642
662
698
698
688
708
744
796
822
830
844
858
842
804
774
784
790
778
758
724
696
666
658
692
698
714
712
698
658
734
752
768
786
796
790
798
792
786
790
756
736
702
712
784
822
820
810
814
772
748
796
774
774
736
712
788
800
844
868
850
868
840
840
844
810
760
802
824
806
810
856
864
860
824
850
848
842
798
806
820
828
760
736
778
802
782
758
786
846
828
782
764
780
832
808
746
752
750
784
742
688
686
698
710
702
722
714
752
662
648
714
742
732
660
648
646
632
618
622
670
700
754
778
794
786
738
734
754
772
788
766
710
744
736
812
774
794
792
798
780
712
676
706
726
758
780
740
702
754
790
816
834
802
728
760
732
752
728
728
816
822
832
778
782
848
820
876
818
712
742
756
778
810
806
768
790
808
820
782
740
746
760
744
764
692
712
760
790
760
724
666
626
644
708
774
830
860
764
696
670
660
636
670
634
650
644
628
588
596
606
606
654
662
684
682
658
640
648
562
552
580
596
584
604
582
566
582
596
612
676
682
666
646
646
640
626
620
640
660
632
658
676
666
714
750
790
772
762
754
746
692
700
706
690
636
646
674
692
728
686
702
758
714
674
632
672
728
796
830
772
728
736
776
766
758
786
828
828
806
798
828
800
784
838
764
728
726
756
716
760
808
842
806
824
838
852
808
790
866
864
842
846
872
884
832
812
874
830
784
824
860
816
854
886
848
810
838
772
724
720
698
782
800
784
742
688
698
818
836
830
808
868
850
828
786
824
864
856
804
822
898
874
884
858
866
854
792
796
816
870
794
726
700
726
736
702
704
694
806
802
796
834
828
786
744
748
748
698
640
698
708
718
758
758
762
820
836
794
784
800
846
830
764
780
762
758
754
782
852
860
820
776
828
810
748
758
812
746
786
834
860
832
774
784
786
760
688
688
718
760
774
746
782
804
780
732
760
766
754
708
746
802
834
828
782
796
804
768
716
768
800
818
806
792
820
790
696
756
790
840
862
810
852
880
848
846
844
810
820
828
834
830
816
844
866
830
824
838
802
772
808
822
800
824
852
812
794
830
824
754
818
808
808
772
774
796
806
776
798
834
820
746
714
750
768
728
746
770
816
846
820
748
784
800
794
706
750
676
670
724
770
840
814
848
864
832
788
810
872
826
822
788
812
850
840
882
886
854
858
834
754
746
782
830
812
810
880
836
770
790
830
780
756
770
822
844
780
832
842
828
802
718
726
756
838
810
826
848
846
784
790
798
736
688
698
756
838
868
842
822
844
860
850
788
742
754
768
756
756
834
842
812
788
818
828
778
742
764
796
814
770
732
750
710
666
644
696
758
796
778
794
820
818
774
778
816
806
748
678
670
730
824
898
862
890
802
800
796
802
744
788
808
836
802
822
826
832
808
794
836
846
778
740
790
808
822
768
794
770
718
734
750
706
710
736
788
800
850
874
868
798
756
758
764
744
706
658
646
634
632
702
642
634
702
786
824
840
836
808
764
766
790
802
836
814
774
760
798
818
822
764
704
644
652
680
778
830
826
806
828
848
830
812
796
804
786
752
748
766
756
698
672
732
736
758
788
794
830
850
854
796
816
810
804
752
760
810
854
858
860
878
830
828
784
812
766
748
694
700
730
714
748
836
842
836
866
858
842
812
732
758
806
872
840
828
876
902
870
888
904
906
850
862
874
850
768
782
822
836
832
858
878
870
840
862
890
876
774
756
758
762
714
662
646
660
674
772
826
782
806
836
846
790
786
822
822
786
762
794
800
770
726
768
772
718
698
750
806
820
782
762
822
844
828
802
806
800
764
744
768
788
786
772
806
824
808
758
770
788
790
738
726
754
726
686
642
676
742
790
788
756
804
806
782
744
776
778
752
690
708
738
774
738
750
788
802
744
666
626
604
674
798
844
856
834
840
822
752
744
726
702
684
678
712
756
748
716
682
656
670
720
758
772
762
750
774
786
814
816
814
828
798
778
754
764
798
826
840
802
738
720
730
752
740
780
800
784
722
702
748
794
796
736
766
792
784
718
682
684
732
738
746
800
836
852
812
790
808
808
814
794
802
826
842
810
802
852
864
826
814
846
832
800
794
826
898
888
826
850
860
860
822
824
834
806
724
732
750
734
696
732
778
820
762
772
808
812
768
758
790
790
748
752
794
788
726
736
742
710
716
750
766
752
722
810
808
774
772
782
784
802
772
756
778
782
764
738
772
804
806
762
790
788
736
710
740
762
768
736
748
762
764
720
696
726
738
692
672
686
722
674
658
664
652
636
674
734
724
730
668
668
692
694
688
700
730
756
774
796
736
712
728
760
764
716
658
654
672
684
708
696
722
712
670
642
622
636
686
726
710
738
772
798
806
762
738
708
686
622
778
826
830
834
752
748
784
808
846
792
790
812
822
798
792
822
820
820
742
782
822
794
808
846
810
772
800
834
810
816
854
848
758
744
754
732
684
718
778
826
826
854
854
856
822
824
856
844
748
708
720
742
812
846
834
782
796
808
742
722
690
664
690
696
676
680
662
698
744
680
670
670
700
726
718
674
692
728
782
820
842
816
822
824
816
816
772
760
784
808
812
796
802
818
824
804
808
800
790
758
754
762
770
738
734
764
792
808
774
788
786
762
736
752
768
754
748
780
806
782
778
794
790
760
756
776
788
752
768
804
812
770
796
764
740
698
714
746
776
804
732
672
662
684
706
732
702
656
672
646
654
652
608
622
608
596
578
582
566
576
542
538
550
538
544
548
566
598
638
708
760
784
770
758
790
824
822
826
804
778
786
814
822
828
842
850
836
838
834
806
798
806
832
846
834
832
836
838
800
778
788
804
808
798
804
812
804
822
840
842
850
804
820
806
782
786
816
786
782
824
834
854
822
844
858
848
830
830
836
818
798
810
826
810
816
816
790
810
788
792
816
816
798
738
718
744
782
742
742
790
816
818
780
796
794
774
746
720
756
776
766
756
786
806
806
776
796
816
814
792
784
792
780
764
786
794
790
760
816
754
764
800
822
828
800
768
758
734
728
696
752
810
850
830
828
880
834
800
790
784
788
756
738
764
800
816
786
778
794
726
698
676
678
764
842
856
852
840
816
852
802
784
796
818
810
770
802
818
822
830
804
814
824
810
772
786
804
818
786
810
804
812
764
782
790
802
804
768
804
794
838
822
798
790
764
742
768
788
832
848
840
818
812
838
832
792
834
852
794
744
722
750
764
802
808
808
776
742
730
738
758
774
760
824
788
834
782
766
778
788
802
762
752
700
696
706
704
740
768
778
770
764
758
770
778
758
758
792
794
756
736
694
690
710
706
742
714
714
664
646
700
668
714
750
780
768
702
652
618
642
878
910
890
874
842
814
806
822
818
844
864
850
854
854
834
822
800
780
758
746
746
726
718
684
670
694
732
762
732
762
762
770
766
780
770
750
720
716
718
730
744
764
762
776
772
770
742
690
674
696
748
780
804
798
816
832
830
790
796
814
800
754
716
724
758
788
796
758
704
684
702
738
792
804
800
754
752
776
798
820
826
828
836
830
816
794
740
724
746
778
784
782
804
816
822
808
778
772
770
766
764
776
788
784
780
738
692
674
666
654
702
778
822
802
832
850
848
788
708
716
734
772
806
834
822
830
796
738
734
738
788
788
820
846
850
832
844
838
826
814
780
754
760
722
684
676
718
748
790
806
812
814
798
784
754
742
704
704
744
806
840
784
772
798
818
840
852
852
836
828
834
826
792
794
820
846
850
830
812
828
832
822
788
812
824
814
734
766
778
792
780
768
782
798
798
754
782
820
808
744
702
728
762
774
768
764
790
800
770
718
758
774
780
778
776
790
790
788
772
744
760
776
754
770
808
816
798
770
776
786
786
776
736
764
800
826
824
808
768
792
796
804
812
810
812
822
790
778
796
820
830
824
788
816
832
838
804
794
810
794
800
784
802
774
682
716
712
716
710
734
802
792
792
770
764
756
770
764
774
796
810
836
792
852
838
848
800
756
730
710
672
758
810
826
824
856
864
852
838
822
846
820
800
820
800
808
734
746
836
832
872
850
872
872
862
824
832
796
740
706
688
692
720
726
676
694
736
750
736
704
712
734
754
800
816
804
796
820
820
818
802
780
800
818
806
796
756
780
792
810
796
736
746
752
774
796
776
786
790
776
756
778
716
696
718
762
800
788
784
808
828
848
824
796
818
828
824
796
764
800
826
798
782
870
882
882
854
834
818
808
764
786
828
824
794
852
848
848
798
792
766
770
800
862
830
856
864
834
824
834
818
850
844
860
850
800
752
776
826
870
880
858
886
878
850
828
854
858
846
788
800
772
794
808
816
786
792
828
806
712
730
754
810
864
876
830
826
824
766
770
774
792
766
750
778
798
796
778
754
720
686
664
738
756
778
804
844
868
842
800
804
826
826
820
794
790
816
814
774
810
792
802
786
748
810
814
818
770
804
818
804
764
772
808
818
820
778
734
762
790
802
798
806
814
816
770
730
760
782
802
768
720
664
626
550
706
800
818
800
796
784
774
776
772
764
756
756
752
748
746
716
722
754
790
808
810
826
800
788
762
712
686
708
710
692
700
700
752
802
828
840
846
844
814
834
774
752
756
770
786
794
784
788
792
778
740
752
772
798
804
786
816
816
812
760
780
758
728
692
722
760
788
778
736
756
790
810
810
768
730
744
736
736
762
728
768
784
796
778
772
798
812
792
802
818
826
830
818
788
760
784
790
804
804
776
774
792
806
808
804
768
720
782
760
786
782
748
762
746
758
764
734
736
748
706
658
658
690
748
812
852
804
690
666
654
652
666
692
738
738
692
698
746
678
674
730
706
748
764
764
772
828
802
800
758
802
776
758
742
688
680
686
750
756
724
696
728
754
810
792
758
800
806
810
758
738
744
758
726
670
704
742
754
746
688
728
742
736
742
700
716
750
760
758
722
796
810
812
804
790
806
788
782
778
756
742
724
684
710
716
738
726
758
782
794
782
742
764
772
774
748
708
702
740
786
812
802
764
782
788
778
734
716
734
746
756
758
734
752
754
758
726
730
746
764
754
736
756
758
740
696
694
652
692
682
720
744
712
732
750
764
766
716
706
710
654
638
658
706
716
786
808
866
788
822
822
854
832
796
794
710
682
662
650
704
688
742
770
768
780
744
708
664
692
660
700
680
696
738
746
744
726
716
670
660
698
692
768
840
850
848
854
802
796
844
814
786
748
764
776
726
694
736
780
812
778
774
744
754
806
828
754
784
814
816
746
750
766
834
808
778
766
812
810
790
768
808
826
804
738
780
810
830
810
778
798
794
842
786
758
802
806
794
736
732
760
682
624
630
636
642
632
696
788
744
768
780
754
782
798
810
806
748
758
772
770
704
690
702
798
848
866
826
818
842
850
826
808
832
856
870
854
810
832
840
856
830
848
874
888
860
830
850
848
830
780
818
854
864
810
830
856
848
816
752
714
742
798
834
834
866
852
860
850
814
818
812
782
754
680
664
678
750
846
796
814
854
844
812
788
812
864
846
792
778
780
846
822
792
726
738
746
828
824
886
834
818
836
850
774
748
784
810
794
806
838
858
864
852
840
844
838
810
798
814
810
828
788
732
732
740
806
816
850
858
864
828
858
810
784
758
764
728
658
626
620
662
726
766
820
844
894
850
808
814
818
814
754
704
672
704
740
782
808
788
782
806
808
780
708
678
660
684
754
818
856
870
844
824
820
798
730
678
646
696
702
778
824
840
844
816
786
796
782
754
710
716
740
756
790
766
740
772
770
806
776
774
794
796
776
736
738
758
756
734
680
730
720
690
694
720
748
756
740
752
770
760
704
760
780
794
766
732
744
710
674
692
718
686
582
578
696
738
728
752
762
772
780
768
742
698
640
652
680
694
698
738
764
792
810
776
780
776
766
754
752
770
778
760
778
792
772
754
766
706
684
690
684
684
692
694
764
766
780
804
800
802
790
782
782
748
732
714
760
674
660
640
646
684
722
780
810
804
766
768
766
756
716
708
718
726
718
686
728
738
752
730
724
740
750
744
716
738
744
748
708
774
788
768
756
768
764
740
724
758
772
752
740
780
778
744
750
772
772
712
710
724
732
714
700
710
688
652
688
720
744
746
730
756
776
768
738
742
742
708
686
652
696
742
778
770
806
818
768
670
676
694
720
760
790
798
776
782
792
794
776
790
784
752
764
706
762
794
816
804
834
848
842
794
782
774
758
730
686
716
756
790
784
814
832
786
682
678
656
644
696
752
732
764
828
874
896
886
828
834
844
774
780
750
808
776
770
778
790
724
742
684
696
712
672
668
742
784
804
770
800
842
840
802
766
772
762
758
726
674
664
692
696
792
736
716
716
756
698
696
720
676
658
672
688
730
756
740
662
736
722
692
640
638
636
650
652
666
676
680
656
644
592
600
642
620
610
614
622
638
640
662
684
686
676
680
690
704
682
716
752
768
788
790
776
732
710
700
692
706
700
696
702
650
640
622
606
664
702
766
726
758
782
778
808
828
834
830
828
832
844
824
768
842
848
854
852
844
788
752
760
776
770
796
832
820
760
738
732
790
814
802
800
820
810
762
810
832
826
844
826
842
826
772
726
750
790
838
836
804
788
778
786
826
826
878
848
796
780
776
764
756
756
798
822
838
832
840
844
834
790
806
826
838
828
812
828
812
802
768
730
724
752
776
804
824
824
800
760
748
716
692
736
818
868
860
876
874
826
768
778
794
798
862
852
850
854
838
810
770
798
822
836
826
852
872
866
840
836
844
826
778
786
804
804
788
812
850
866
870
822
818
814
826
810
804
864
826
742
764
538
502
610
640
700
724
700
754
744
752
722
768
762
726
752
714
706
754
722
682
690
670
638
658
766
828
812
814
584
754
762
808
860
868
886
828
850
666
1104
882
792
726
784
816
802
836
882
924
806
832
882
812
752
780
806
722
732
748
788
772
854
848
902
860
858
848
822
840
840
878
828
862
828
798
850
838
804
572
720
746
788
812
814
834
806
850
846
762
750
734
690
740
786
748
722
806
826
768
598
702
634
792
754
712
738
764
694
736
792
786
786
780
792
658
826
812
824
782
694
698
662
644
642
672
708
658
564
706
526
584
628
692
642
814
848
848
854
818
784
748
768
788
790
740
780
784
766
792
792
710
792
708
778
640
700
734
738
732
706
698
726
730
776
700
728
758
790
742
824
794
778
798
744
784
804
900
884
820
860
808
822
794
708
700
722
680
668
652
770
788
772
782
682
972
844
874
876
706
878
792
734
742
806
834
824
820
856
852
668
992
852
842
624
696
788
840
838
858
786
922
850
842
844
820
894
838
778
778
828
612
742
738
838
878
750
924
772
812
808
782
794
796
806
814
800
818
762
680
674
680
722
772
712
724
762
772
732
682
718
768
790
808
770
762
762
772
754
770
754
748
744
648
612
636
658
696
778
800
792
738
724
# end time: 2014-03-06-21:05:29, 1394157929.14
