# R wave intervals in milliseconds per line
# start time: 2014-03-16-05:23:17, 1394961797.93
568
574
570
578
584
572
582
580
582
598
576
590
594
578
584
562
560
572
578
584
594
594
600
596
592
590
584
576
576
572
558
554
568
584
602
616
628
630
608
594
600
598
594
590
588
568
566
576
580
590
608
612
596
594
600
602
600
592
576
566
576
570
572
572
574
566
560
570
580
582
592
580
570
572
576
578
582
586
582
570
574
580
574
582
578
562
566
572
578
588
586
580
574
588
590
596
602
588
578
584
592
606
610
606
594
590
594
592
598
606
596
582
586
590
588
588
582
570
572
558
564
562
566
572
568
566
578
582
588
586
570
552
572
572
560
562
560
560
552
542
556
566
582
600
598
582
582
592
592
596
602
594
570
584
594
594
580
570
568
570
586
608
624
616
616
616
616
616
598
580
596
596
598
600
600
610
606
620
604
608
594
594
606
608
610
612
612
608
596
586
584
598
604
606
620
604
592
598
610
628
642
648
650
658
618
598
566
580
578
568
570
560
556
550
558
552
554
564
576
584
594
574
572
586
590
590
598
602
594
588
604
614
630
630
608
588
588
596
608
624
638
616
598
604
608
606
600
582
574
586
598
602
612
592
592
602
606
608
594
572
572
584
592
602
606
598
602
612
614
614
598
578
574
582
580
584
570
562
568
582
588
592
584
588
604
610
608
608
582
586
588
588
594
586
572
576
592
584
592
586
578
568
574
578
576
584
580
568
570
578
580
588
590
576
574
586
592
596
598
582
580
578
578
578
578
584
584
592
592
586
580
586
590
598
598
588
578
582
586
586
586
586
578
566
570
578
586
592
594
586
576
578
572
566
568
578
572
570
570
580
582
580
562
572
580
588
594
588
574
582
596
596
600
576
572
580
592
606
624
612
604
604
608
614
624
630
590
580
576
576
572
572
584
568
576
564
544
546
558
556
556
568
570
568
574
592
620
656
678
682
668
660
624
598
596
594
602
600
608
612
614
626
618
580
576
586
594
614
608
602
606
600
756
738
724
724
706
694
680
650
642
606
608
620
650
650
642
616
612
622
622
622
616
608
610
616
618
622
614
616
622
628
636
640
638
634
626
626
624
606
598
592
616
616
608
594
582
578
582
582
590
600
604
624
650
638
714
678
654
640
626
616
600
598
584
580
582
586
586
602
616
600
584
604
624
642
654
608
588
592
604
632
656
680
684
646
622
634
644
648
654
658
624
616
632
646
660
662
668
658
618
626
636
642
648
652
652
624
626
656
674
688
694
656
640
660
666
664
658
626
608
608
618
622
630
640
622
612
620
638
638
638
642
620
604
618
626
626
624
620
600
596
614
628
634
644
632
604
616
626
620
616
614
598
588
604
616
622
630
628
612
618
630
632
630
628
606
600
624
612
608
618
604
580
594
608
614
614
602
588
596
604
606
604
584
580
598
618
622
610
604
620
630
624
612
588
590
598
602
594
574
580
598
618
630
638
608
602
606
600
600
598
586
592
590
586
584
582
600
592
584
584
608
610
618
626
606
596
606
610
614
606
594
620
630
634
624
592
604
618
616
614
598
592
608
604
606
592
594
608
618
630
616
590
600
618
604
596
584
584
580
550
568
576
604
578
600
576
574
568
582
580
592
584
582
584
596
598
602
618
636
626
626
644
638
614
616
616
618
614
608
592
574
578
584
586
588
598
604
586
586
602
606
600
596
588
574
592
596
602
602
584
574
592
602
598
620
596
576
582
578
588
594
590
572
582
592
602
592
598
606
620
648
646
648
670
664
656
624
606
612
618
616
626
606
614
630
636
632
626
616
620
626
614
598
600
602
620
638
646
650
654
646
640
626
606
606
602
594
600
630
670
714
768
770
722
678
688
670
638
614
602
604
600
612
594
598
586
602
620
646
680
678
650
668
676
678
656
628
600
614
624
640
662
670
652
660
670
672
660
628
608
608
616
604
592
584
592
618
628
632
614
616
636
650
658
636
620
640
654
660
664
638
636
644
646
628
616
644
676
726
738
686
600
632
648
646
632
624
592
596
588
582
588
620
694
784
814
792
746
720
734
708
658
682
612
604
614
646
682
724
752
714
716
726
696
690
614
668
650
646
648
668
686
698
688
648
648
656
658
660
672
620
628
658
656
646
626
640
664
676
642
624
632
646
656
640
654
646
648
636
604
578
590
602
606
622
636
612
624
654
680
648
668
692
704
700
668
634
654
664
670
674
642
636
650
662
670
670
644
656
632
652
646
608
610
638
640
654
654
632
616
626
636
650
658
648
656
666
688
688
682
658
660
672
680
682
686
662
640
650
658
666
672
652
636
656
652
664
626
622
634
646
648
634
608
612
624
622
616
564
590
578
592
580
580
558
558
580
604
632
656
648
620
604
614
614
626
646
618
608
624
640
644
634
636
650
658
672
678
668
650
652
626
592
632
650
666
682
686
666
644
656
664
658
634
696
666
688
700
708
698
652
642
674
656
634
614
618
632
650
670
652
656
644
712
650
622
628
620
624
660
690
664
664
686
696
662
618
636
650
644
634
604
628
646
660
636
646
624
710
696
696
662
648
656
656
646
620
626
618
628
654
676
652
664
688
696
656
702
650
666
666
648
644
658
666
672
660
646
644
662
674
658
650
672
698
692
646
626
634
634
652
644
644
670
696
708
670
656
676
668
650
624
614
632
648
658
640
626
632
658
660
662
630
620
642
626
626
644
614
602
614
566
568
612
640
668
684
628
604
606
598
614
618
662
676
738
756
772
714
712
726
704
706
696
722
662
618
632
610
604
658
642
628
630
650
684
696
688
672
676
632
638
644
634
622
610
582
604
554
532
544
550
560
592
714
778
788
788
732
704
724
690
654
700
610
626
630
634
662
706
738
678
648
698
690
688
662
690
572
610
618
594
634
620
628
666
690
740
764
754
724
708
568
652
648
642
644
632
620
646
600
588
620
624
646
666
636
626
624
630
652
656
658
730
666
646
662
660
668
662
662
644
626
630
634
630
608
646
610
620
622
620
634
696
694
658
626
636
648
650
652
644
624
610
626
636
642
654
664
632
626
632
594
658
616
622
636
612
620
610
630
628
666
608
648
648
664
660
650
616
628
662
662
682
686
646
650
622
640
662
668
630
618
630
628
612
574
606
600
628
650
672
664
610
624
636
642
620
632
630
614
614
624
634
642
648
636
654
610
600
606
598
586
560
576
566
574
586
600
622
642
664
694
694
684
662
620
676
632
618
624
646
646
678
686
722
734
700
694
684
682
650
606
656
634
636
620
600
588
606
616
610
594
612
648
692
718
712
692
674
688
694
690
670
646
660
618
596
592
580
574
588
590
632
696
758
790
800
784
754
734
702
680
662
668
626
582
628
652
674
672
638
628
634
642
636
658
648
656
670
666
652
634
598
600
584
570
564
556
568
614
648
654
694
688
664
682
656
656
640
636
634
610
600
626
620
626
642
654
678
680
674
668
654
638
622
622
634
628
620
628
606
616
608
594
608
604
612
612
630
634
624
604
604
622
634
654
662
670
658
606
640
636
630
642
638
626
620
640
658
678
668
628
644
634
674
638
626
642
624
628
640
640
626
626
650
654
652
632
626
646
658
648
672
604
664
640
632
638
628
612
624
634
648
648
624
630
648
618
592
612
596
614
594
584
564
522
658
570
606
624
606
604
594
610
628
650
658
666
650
646
624
610
606
598
576
570
560
582
614
700
776
824
810
810
816
758
504
634
606
642
620
676
624
630
648
660
662
664
646
634
622
616
616
584
622
618
624
636
648
650
648
648
640
640
674
632
682
626
642
672
590
614
572
576
608
634
686
710
690
686
704
722
608
890
724
654
716
530
616
636
666
694
702
696
660
682
678
686
710
698
656
650
642
712
676
690
710
666
618
684
676
680
682
662
652
626
646
590
632
606
618
628
678
624
602
626
634
632
610
612
626
630
614
608
652
636
628
650
668
646
652
658
684
706
694
690
660
652
662
676
684
674
644
646
652
664
662
680
718
718
722
710
676
654
662
674
634
626
618
662
670
690
710
684
688
604
630
644
670
684
670
674
702
710
678
704
680
676
736
678
654
682
686
696
654
624
638
642
674
686
692
648
612
646
662
668
652
618
654
632
612
642
672
672
644
656
640
672
628
706
652
626
630
638
642
658
702
742
722
668
684
688
686
692
654
654
640
650
648
582
602
620
680
680
650
620
618
610
640
642
662
690
714
732
752
742
686
730
708
690
662
792
654
652
650
658
694
718
698
664
662
676
644
674
634
576
622
616
656
680
672
640
640
654
668
680
688
696
678
630
608
626
638
678
702
750
696
660
640
648
640
652
690
698
668
668
672
692
696
686
654
636
628
634
632
642
666
660
656
682
708
690
650
624
688
670
676
702
710
702
734
668
638
632
638
648
666
712
758
804
804
810
746
700
700
590
668
798
706
666
712
718
734
718
672
658
672
672
678
688
674
652
670
672
700
684
666
676
686
674
644
618
630
648
686
720
718
678
638
666
714
680
664
632
652
674
676
652
632
644
656
684
660
636
636
648
656
680
658
634
636
642
684
658
660
680
650
636
642
636
604
606
624
640
620
688
712
746
726
712
656
690
672
660
650
674
698
706
690
688
706
722
746
736
712
704
696
670
684
606
628
602
624
668
726
722
718
738
764
762
686
672
690
688
660
626
636
666
692
704
688
714
712
728
678
636
648
616
622
588
620
586
640
586
568
616
636
680
706
702
674
700
692
662
676
608
632
622
610
598
616
618
632
664
686
704
674
688
614
632
616
586
598
610
556
642
700
732
708
712
702
796
768
810
622
778
538
622
644
646
630
610
708
698
552
780
782
790
718
774
666
660
664
626
590
590
610
636
658
722
756
708
692
714
728
738
722
670
654
668
660
626
610
670
618
640
678
702
712
652
640
650
660
680
698
672
642
702
688
702
678
628
634
650
660
696
710
666
642
658
668
680
698
712
678
676
684
668
648
640
680
642
646
670
586
626
530
562
576
556
572
622
702
744
720
610
636
624
680
588
638
612
548
598
566
592
548
564
568
558
560
546
530
574
532
578
632
608
590
580
602
572
620
588
632
612
636
658
680
682
662
638
632
614
616
622
626
640
646
650
640
636
598
634
610
612
640
642
668
694
698
676
642
682
628
608
632
598
626
612
614
646
630
602
608
638
704
794
744
660
722
768
750
652
696
674
658
710
714
734
710
722
742
722
720
662
624
628
634
660
692
722
702
688
640
616
642
642
668
686
676
686
712
754
764
772
720
742
728
708
660
656
664
670
686
654
640
680
664
686
700
710
712
666
644
654
656
658
668
670
642
646
642
632
700
656
646
614
594
604
626
654
690
706
706
674
634
654
658
644
650
568
616
600
618
672
746
744
740
716
694
680
670
656
640
710
752
594
592
614
626
690
670
676
636
650
624
644
620
594
570
576
592
620
674
734
742
798
848
798
720
722
722
726
666
656
680
682
674
680
750
756
762
684
670
690
662
654
666
644
646
626
646
634
626
622
614
598
598
580
590
532
560
550
588
542
554
592
622
642
652
680
702
648
642
610
592
594
610
642
626
656
628
632
660
678
682
714
636
600
612
622
660
706
752
780
764
726
696
682
680
708
734
732
694
674
680
678
676
672
650
656
678
710
710
696
646
654
654
660
658
604
592
630
624
638
610
616
624
612
606
600
594
574
574
554
584
520
526
550
548
566
562
568
582
618
608
658
668
698
720
750
772
810
794
728
718
686
682
680
666
662
688
726
764
782
796
776
752
708
738
696
664
650
652
674
682
706
692
688
680
668
656
648
634
614
610
594
586
574
602
518
562
558
572
598
614
614
594
592
618
638
638
660
676
694
688
672
658
664
664
658
728
702
658
618
622
620
660
684
716
750
832
700
666
706
692
676
662
730
732
744
722
752
718
650
706
680
694
702
672
670
632
674
662
692
678
678
710
722
704
662
662
674
720
734
682
654
712
752
770
700
714
736
700
748
664
656
712
704
686
694
656
694
712
752
732
706
730
726
766
686
652
716
720
680
636
694
692
746
680
690
700
708
724
652
652
684
684
656
630
672
700
724
678
678
704
778
740
678
706
712
664
652
682
704
696
664
698
710
732
694
704
720
730
690
640
642
664
684
708
680
752
760
780
726
696
746
728
676
652
724
702
690
658
636
656
672
678
664
630
616
616
610
614
618
628
626
616
696
744
802
808
734
734
734
724
744
702
670
662
728
706
666
684
724
752
748
668
696
706
734
754
764
728
768
788
846
762
746
748
744
692
634
688
680
708
732
680
640
664
702
730
732
680
696
710
716
660
650
676
688
686
652
658
696
716
802
772
678
722
684
724
706
708
692
728
712
662
662
650
656
700
732
730
670
644
668
698
682
668
698
726
716
678
662
658
656
660
654
638
646
696
692
684
636
626
628
604
616
622
636
598
682
656
648
638
622
588
610
588
584
592
588
598
580
576
574
582
568
562
556
556
540
582
654
652
772
566
712
782
806
542
672
600
654
646
662
664
674
728
740
762
748
716
704
716
764
700
664
682
706
740
778
794
764
704
718
720
716
638
648
646
714
700
744
730
678
670
696
712
720
680
652
726
722
706
656
656
678
692
702
688
668
660
662
656
654
668
676
630
614
636
648
670
716
740
698
690
714
722
698
638
672
690
740
806
830
764
772
788
764
742
654
710
682
668
698
628
624
690
774
842
774
792
814
778
710
624
668
670
672
670
664
668
650
646
602
594
596
592
568
572
536
646
874
882
870
888
912
750
1100
910
874
800
830
770
728
742
720
722
706
674
676
694
648
654
668
680
674
648
636
652
674
718
740
740
716
704
714
668
720
662
716
696
670
662
690
668
706
680
668
676
676
658
642
644
622
660
600
628
600
580
580
576
592
636
628
660
658
628
612
668
654
630
642
644
636
636
636
# end time: 2014-03-16-05:56:05, 1394963765.26
