# R wave intervals in milliseconds per line
# start time: 2014-03-22-17:29:53, 1395523793.09
568
574
554
530
592
538
554
562
544
524
584
548
534
832
736
524
528
992
554
578
576
540
550
552
576
572
632
546
608
614
550
598
582
564
602
562
574
518
562
522
546
530
598
556
546
572
568
636
674
600
614
660
612
616
660
596
598
616
604
618
622
578
602
602
612
598
614
604
526
620
574
606
578
544
616
564
562
562
544
570
600
550
562
556
552
548
610
616
604
596
562
556
534
570
560
582
570
560
556
550
570
598
592
558
598
618
634
644
620
664
586
560
646
624
650
690
730
674
722
716
730
712
654
640
602
628
622
644
646
686
606
632
614
648
678
722
724
674
664
602
616
636
646
676
690
654
592
604
610
596
592
650
616
598
584
616
622
626
644
646
616
670
658
616
624
636
626
680
658
650
616
570
616
620
634
666
678
698
648
614
626
634
698
666
716
654
628
652
668
692
688
664
686
630
690
680
670
664
614
634
614
622
634
626
602
620
654
666
686
672
680
624
648
654
666
658
634
624
642
654
676
658
626
638
654
668
690
700
694
694
722
702
650
590
590
616
590
612
608
600
626
648
668
680
664
610
678
680
680
648
662
656
646
702
686
652
660
634
652
668
688
686
652
648
684
686
690
688
624
668
666
672
680
654
650
668
668
648
610
610
672
636
692
652
596
622
624
608
600
574
582
620
604
616
628
638
608
600
618
616
606
620
592
582
582
580
560
592
598
594
592
630
618
604
578
590
612
612
644
664
658
702
690
736
718
720
716
680
644
664
666
660
720
710
680
654
670
674
672
676
660
610
590
606
616
634
652
652
630
610
622
642
646
672
690
692
644
698
696
692
684
644
658
654
648
648
614
594
596
592
634
602
582
578
586
608
600
616
634
646
636
664
618
636
648
648
646
636
604
594
600
616
624
650
646
668
650
664
682
700
674
646
618
628
604
618
604
656
650
616
640
624
658
670
698
688
636
594
646
642
674
692
672
642
650
674
670
724
702
666
624
632
640
644
656
664
634
646
672
662
618
584
590
608
610
608
616
608
606
586
606
584
596
606
596
598
608
626
646
668
684
678
690
670
652
652
690
656
620
636
606
610
622
636
644
678
694
686
684
614
634
616
618
632
658
656
658
658
654
630
606
638
632
648
670
688
670
652
684
666
704
658
676
640
658
654
654
662
618
598
618
618
640
680
660
660
682
702
710
658
668
680
684
662
658
632
646
652
656
614
592
588
596
598
604
598
600
634
668
706
706
670
676
648
668
664
652
680
636
650
652
656
632
606
602
624
604
596
584
596
602
608
594
604
616
628
628
636
612
616
642
618
644
640
632
600
624
620
618
626
614
594
558
584
602
558
562
570
554
556
594
538
546
614
636
674
702
724
740
738
692
666
720
654
654
628
638
652
666
668
674
648
668
686
700
700
706
668
648
676
686
708
714
660
648
676
690
686
642
594
638
644
650
666
652
630
604
604
618
624
628
626
576
594
608
584
596
626
630
656
614
668
662
626
586
606
600
602
578
574
596
544
586
614
548
548
576
576
604
620
628
644
648
644
596
620
584
596
638
666
688
684
652
614
600
648
640
652
662
642
600
604
612
630
636
654
688
706
660
680
696
676
714
650
652
662
672
674
648
626
634
618
672
662
630
610
620
638
620
668
636
632
642
660
646
620
616
626
608
598
622
592
608
634
646
660
640
648
676
670
682
676
634
614
666
648
656
648
632
640
664
660
652
604
582
602
586
550
594
596
592
576
604
576
558
588
530
572
508
656
716
752
718
782
758
736
722
694
662
620
652
608
598
586
584
596
602
668
674
676
692
660
614
612
628
644
664
682
760
748
734
684
684
688
664
710
644
650
630
628
632
634
628
594
614
624
620
676
624
640
686
670
678
680
664
612
666
660
670
674
662
686
676
686
674
678
642
638
630
676
652
630
598
602
612
606
584
572
598
614
586
620
606
620
618
604
598
600
618
596
636
602
596
612
624
624
636
638
620
622
640
648
630
622
596
628
562
558
576
584
576
618
606
622
636
656
674
704
734
764
760
738
724
692
718
678
634
636
646
640
666
696
704
656
612
632
630
632
658
682
684
664
680
676
646
700
652
620
622
638
654
670
658
698
670
634
626
652
642
696
684
682
634
686
682
686
688
670
636
648
658
668
636
594
612
602
600
590
590
604
620
622
640
668
686
700
674
666
678
666
630
622
638
630
648
650
616
652
660
684
696
700
642
642
656
646
632
608
604
630
624
676
666
632
614
634
652
664
666
672
648
604
656
650
650
634
606
612
676
672
680
674
664
698
644
658
662
640
698
638
654
662
732
730
702
736
762
748
716
690
626
666
654
650
666
684
694
658
644
664
660
660
634
618
638
658
668
678
664
634
634
640
610
626
634
628
604
590
608
570
548
586
558
592
536
556
592
594
606
588
572
584
590
566
584
560
554
584
564
594
632
652
774
750
748
720
714
716
650
652
616
638
538
630
592
588
614
596
582
614
606
578
562
590
592
604
602
626
616
650
644
648
634
614
620
634
620
674
646
630
656
588
570
576
600
586
652
712
736
672
678
690
710
704
700
682
648
604
608
626
624
644
638
676
622
622
634
640
630
682
650
630
628
636
620
616
598
584
584
632
632
648
652
652
620
600
618
630
640
618
644
618
636
632
628
600
574
614
616
630
652
664
646
606
620
632
630
626
604
620
608
616
628
640
630
682
666
654
596
626
628
582
544
586
572
580
582
582
602
630
678
728
746
698
600
644
630
626
648
602
594
566
628
640
690
748
766
716
642
632
628
626
606
660
644
714
686
672
704
636
628
654
668
668
680
684
660
664
694
694
696
668
672
602
604
620
626
648
668
648
618
688
698
714
706
660
628
652
652
648
640
616
584
600
596
594
606
570
564
580
612
678
750
778
754
686
714
730
724
704
660
672
626
638
636
630
628
638
634
624
640
648
664
676
680
630
588
612
560
608
752
826
818
826
834
838
814
740
704
700
698
700
698
694
696
698
690
682
662
656
628
610
622
638
648
662
672
680
692
688
670
620
596
648
630
616
652
654
668
660
636
622
622
632
638
642
626
668
642
604
646
640
642
636
670
646
670
656
668
666
632
634
642
632
626
616
610
606
564
616
614
642
644
710
696
686
616
660
636
646
642
648
650
650
628
620
638
622
624
602
582
586
588
584
588
604
630
642
636
670
704
730
744
724
658
644
708
694
704
710
678
656
666
668
670
612
670
678
680
702
672
642
668
672
676
650
614
640
652
664
646
614
610
666
648
648
616
628
642
652
632
648
632
656
650
702
656
632
642
650
656
636
614
640
648
638
630
650
662
638
658
664
660
624
608
614
606
616
602
592
604
594
582
600
614
600
642
586
582
574
566
558
560
562
568
582
580
564
578
588
586
602
608
602
578
600
622
622
638
640
588
570
626
562
608
576
592
564
568
560
578
582
592
604
620
630
640
636
610
634
612
662
620
600
606
626
706
722
750
746
696
666
668
714
680
678
684
646
624
642
658
634
618
660
690
714
724
704
640
600
650
628
640
626
598
632
654
668
648
636
626
636
632
632
574
568
636
660
704
736
742
738
694
636
648
656
660
680
702
688
676
706
714
702
730
674
694
706
718
730
732
680
680
698
694
702
670
632
662
686
712
732
702
662
692
700
696
668
624
646
634
680
682
652
640
702
686
688
660
640
660
666
668
640
656
682
692
718
678
684
706
712
710
666
612
630
652
662
672
650
672
704
712
710
682
684
686
670
644
650
602
630
648
684
692
668
712
740
776
752
654
642
656
662
670
658
638
686
676
720
680
652
612
594
604
604
616
636
636
616
642
662
656
652
640
644
580
570
586
604
580
628
716
762
774
722
718
728
726
708
668
616
638
652
666
692
704
690
630
670
646
620
610
632
650
688
690
688
738
766
762
752
670
624
630
654
674
698
658
662
698
698
748
686
642
710
712
690
648
644
664
656
656
628
610
632
644
664
696
672
678
710
724
736
740
732
716
682
622
648
644
648
640
624
624
620
620
606
594
570
566
564
618
614
620
592
658
652
670
690
700
702
676
626
640
606
604
628
660
680
712
730
688
658
642
702
674
672
662
620
614
610
572
548
602
556
564
566
550
550
522
524
534
514
538
520
536
528
526
526
508
514
512
518
524
542
548
556
564
562
580
582
572
582
566
560
574
612
652
720
750
682
732
764
774
728
656
632
630
684
708
726
690
676
674
686
664
626
600
588
568
558
588
618
660
668
660
664
636
638
600
626
618
636
666
686
708
692
732
694
688
678
668
672
684
680
690
712
704
726
740
738
720
694
642
628
644
656
682
704
670
656
668
668
646
622
600
616
644
672
682
668
614
648
650
668
668
650
618
618
674
674
684
674
692
680
724
684
644
648
664
670
686
656
688
684
684
718
664
678
686
688
654
608
602
642
638
646
644
644
662
684
666
624
684
680
690
688
636
680
648
656
654
644
624
668
652
652
660
676
650
696
698
718
724
692
672
616
664
666
682
702
712
688
646
692
688
692
626
626
626
620
626
600
592
612
626
602
616
580
828
570
570
568
576
548
598
596
620
662
668
722
702
708
696
678
642
680
648
660
676
690
714
734
732
734
718
700
692
664
674
670
674
678
650
664
626
636
624
636
608
586
598
620
646
658
666
674
642
624
602
598
584
588
600
592
588
610
618
626
642
644
620
604
664
668
674
672
704
660
640
656
668
666
668
668
670
678
696
692
676
720
696
708
712
712
706
696
748
720
696
676
644
638
628
676
634
672
652
648
606
634
606
608
606
610
592
586
600
622
640
680
684
696
714
666
658
662
658
640
674
620
670
672
690
710
684
650
670
690
694
682
654
666
640
620
652
630
646
646
640
612
596
628
592
574
570
614
540
560
550
566
552
564
556
570
574
588
604
614
616
614
620
616
616
614
618
594
632
628
644
706
680
730
682
652
664
666
654
696
648
620
678
658
662
640
656
672
670
636
636
668
692
690
698
714
704
646
674
662
614
636
616
632
650
660
670
646
654
640
654
636
688
676
664
650
678
660
662
678
688
682
700
686
666
702
690
666
670
666
680
670
698
670
666
702
530
1826
1186
712
786
602
562
574
596
522
562
536
514
528
548
576
614
666
704
724
752
748
740
722
692
688
702
722
738
726
756
770
778
782
724
678
678
676
668
642
658
686
710
692
670
676
678
690
646
646
636
636
650
662
678
646
656
674
678
700
682
672
674
650
648
646
624
638
642
654
660
636
668
714
742
768
746
740
702
660
650
620
620
610
610
614
596
610
610
596
610
596
596
594
606
594
598
602
602
612
622
638
658
668
656
662
692
694
664
650
650
658
662
660
644
666
666
638
626
634
622
622
606
586
606
636
672
676
676
660
630
642
658
666
684
684
674
682
670
692
680
684
706
722
732
730
680
648
640
630
624
620
614
628
668
702
748
766
784
768
706
662
662
656
626
622
658
702
764
788
730
684
704
712
720
716
690
680
700
700
716
718
698
662
670
668
636
612
612
616
634
654
674
642
638
658
674
696
696
696
726
740
728
722
704
676
692
708
710
710
670
670
688
696
682
654
672
688
700
686
660
688
708
720
684
668
684
696
692
684
658
664
640
656
664
672
658
640
660
680
682
646
640
644
630
614
594
582
590
622
658
684
706
718
712
702
720
724
718
700
668
680
708
732
750
694
684
714
704
684
648
646
624
628
606
602
628
652
658
682
732
764
764
736
736
748
746
738
700
672
696
736
772
800
794
774
738
750
746
744
702
672
700
708
686
648
658
670
676
650
650
682
704
720
686
680
708
726
736
692
658
682
696
714
734
710
664
666
688
702
732
746
698
700
728
732
720
682
686
708
712
706
682
694
736
760
754
712
728
754
762
766
716
694
718
724
728
666
670
672
702
650
646
658
648
616
618
616
618
624
632
612
606
628
668
670
702
712
708
702
708
688
682
674
672
640
636
670
690
706
706
664
652
692
718
662
654
600
646
630
602
606
620
618
618
612
620
640
656
656
656
626
608
598
592
646
664
722
750
748
778
786
740
710
686
712
728
734
708
670
698
720
740
750
712
654
658
678
694
684
640
658
642
626
632
646
604
592
600
684
876
832
808
802
784
760
754
742
724
684
644
628
634
642
660
686
712
754
792
820
824
798
794
772
746
724
710
698
686
682
682
678
686
708
728
742
744
708
714
712
708
662
638
656
672
674
686
650
662
696
706
708
668
688
706
694
650
650
648
632
612
612
634
648
664
662
650
678
680
690
690
658
660
670
676
654
640
664
694
724
752
744
718
734
730
720
690
638
644
654
672
694
708
712
750
770
770
758
734
744
738
740
724
696
710
712
718
696
678
710
722
720
702
664
676
682
672
630
622
646
660
652
632
654
688
696
702
660
628
684
656
612
640
640
668
694
694
636
636
646
652
624
626
654
670
658
616
676
668
678
664
644
670
688
686
628
616
590
622
600
588
572
578
562
570
548
562
542
544
514
548
538
542
530
982
540
520
550
562
592
616
636
626
662
706
734
748
714
640
622
644
670
658
638
648
700
744
720
656
660
660
680
680
670
680
706
732
754
782
790
708
710
744
734
712
684
678
656
624
652
698
756
820
800
724
712
746
776
800
768
742
776
780
762
754
722
690
722
756
778
742
694
698
700
706
714
670
654
662
654
636
620
596
628
628
658
672
668
716
682
630
658
642
638
630
638
628
618
634
626
606
624
630
694
696
698
672
666
668
664
632
630
644
664
688
656
676
634
654
700
738
770
784
784
744
708
678
656
624
676
672
684
666
644
676
698
724
730
722
704
710
718
730
740
738
732
716
680
708
650
628
646
678
700
748
702
646
636
640
694
742
764
726
682
706
726
742
742
748
734
714
738
746
744
740
712
736
754
764
778
772
722
712
716
688
664
668
640
616
612
648
690
710
760
778
776
768
760
700
680
654
696
680
706
742
778
790
796
786
770
740
702
702
708
692
666
706
670
670
672
664
682
692
704
688
698
700
688
684
682
682
688
700
710
718
716
690
656
662
632
654
644
674
704
740
746
750
798
804
800
788
762
728
740
734
718
688
646
610
640
638
646
670
670
644
660
726
752
806
818
800
750
752
748
748
732
704
720
754
782
804
760
746
758
780
794
756
750
760
758
756
722
710
674
662
700
670
682
632
650
664
630
622
652
634
690
696
724
730
710
726
696
722
728
728
746
724
716
720
726
720
682
656
646
636
638
672
736
776
760
774
760
716
714
720
688
692
706
698
700
670
636
660
644
648
684
722
718
694
706
732
746
744
736
704
694
700
680
660
648
644
656
710
774
768
748
756
734
672
650
654
654
670
728
730
746
732
688
648
652
646
650
688
712
716
728
774
780
798
752
736
720
680
672
660
646
652
718
788
820
774
730
710
734
736
732
724
712
680
668
668
668
662
662
654
654
664
652
714
718
712
692
708
718
720
706
722
728
724
714
694
690
698
702
692
654
674
706
726
748
752
726
668
684
710
746
758
756
714
708
708
704
688
652
670
694
698
700
696
672
698
698
682
644
640
630
652
680
694
690
740
728
710
672
612
618
620
620
630
628
626
620
636
648
636
612
652
694
726
748
752
696
652
704
692
698
680
656
700
738
754
722
756
802
792
744
706
740
746
736
690
672
658
712
742
734
708
730
744
744
714
686
716
732
728
704
678
696
704
714
728
712
742
746
750
740
702
700
720
704
664
678
672
674
664
646
614
612
600
580
588
598
626
678
726
772
800
778
760
790
692
638
646
642
648
644
630
632
642
640
652
674
694
706
716
694
656
650
636
632
644
646
688
748
782
788
760
766
708
728
722
714
684
652
672
716
766
778
772
728
710
740
746
760
732
710
742
748
732
670
666
668
648
624
648
666
654
658
700
744
768
770
772
738
728
732
720
674
682
722
774
802
820
818
798
730
738
754
758
744
710
666
684
700
708
712
668
676
716
740
732
672
648
642
652
658
654
678
692
712
706
690
690
758
748
750
722
714
726
730
728
684
684
702
718
728
696
728
752
740
674
726
738
738
698
672
692
712
712
668
718
724
704
736
690
714
746
746
694
646
696
696
724
722
690
770
782
756
700
712
716
700
716
652
716
698
752
720
712
744
744
670
692
696
692
700
698
666
648
658
662
670
656
646
684
690
702
674
632
594
610
760
840
816
800
772
758
754
738
722
710
698
674
660
648
644
650
670
690
714
700
748
724
708
702
700
688
678
666
662
656
646
670
698
688
728
656
642
700
690
688
690
694
682
630
680
666
660
648
650
648
630
664
620
624
640
652
652
668
656
638
652
670
670
660
632
632
656
676
706
730
718
736
752
752
744
706
662
682
672
670
640
592
640
644
644
660
674
638
650
676
682
692
706
710
672
674
696
706
718
732
744
738
702
682
708
698
720
662
656
668
654
692
682
668
650
662
672
672
666
642
612
614
632
646
658
672
666
642
658
684
688
710
710
690
704
716
706
672
640
654
668
678
650
630
626
628
632
658
650
644
698
708
708
710
680
648
678
668
718
694
654
676
662
716
714
698
670
704
718
712
674
680
744
722
732
690
674
670
714
674
686
740
770
750
682
678
696
694
686
644
648
680
678
752
730
730
678
674
674
726
704
692
650
704
714
726
732
706
692
708
708
688
664
632
620
612
590
620
604
600
596
598
606
604
602
606
618
628
622
584
628
602
602
626
652
662
652
630
618
618
614
618
620
634
598
570
630
636
618
696
682
700
702
682
700
704
734
762
736
684
748
750
750
702
698
682
704
714
736
684
732
766
788
730
746
736
718
660
652
650
670
680
650
682
728
794
828
822
782
792
788
778
766
760
794
810
818
794
746
746
740
720
682
672
736
770
848
800
736
732
754
762
758
724
670
674
700
706
692
656
656
700
754
780
750
702
722
732
716
712
660
644
662
668
680
668
678
722
734
746
720
716
740
744
732
692
714
726
738
696
670
696
688
662
662
692
716
728
692
718
728
790
756
718
652
662
682
684
676
682
730
768
790
748
736
744
744
728
694
696
696
694
646
630
660
670
680
650
620
680
672
688
664
688
718
736
744
734
696
692
712
712
716
708
668
704
700
686
710
720
714
696
702
690
636
658
680
672
626
670
702
736
750
718
680
708
698
764
748
766
746
712
716
728
728
742
736
722
738
736
732
688
668
670
672
660
624
618
620
608
596
602
564
542
560
548
550
580
620
680
746
774
794
778
750
732
720
702
700
698
700
720
736
746
734
732
736
730
694
634
618
630
604
620
650
748
776
784
736
694
706
714
688
730
712
658
626
648
682
692
680
750
676
648
712
684
692
696
656
630
642
668
682
704
668
680
706
716
704
708
714
720
724
694
654
682
702
710
668
632
624
620
598
584
578
604
632
700
748
720
708
688
670
644
634
634
594
556
690
644
618
598
602
588
588
570
574
574
580
588
608
620
604
658
656
662
658
658
646
636
630
644
646
654
644
632
616
608
672
684
704
714
702
672
642
640
634
674
670
694
658
620
606
666
658
642
658
632
618
620
634
618
606
596
598
624
656
646
672
624
610
638
644
644
696
642
654
680
706
706
670
630
614
672
654
632
582
728
706
720
734
708
650
652
662
664
672
688
672
648
658
718
722
656
718
698
748
720
674
708
722
722
724
684
692
698
700
716
698
716
774
810
808
712
760
752
684
670
680
686
732
696
658
692
704
708
690
662
708
722
716
686
668
690
706
658
638
644
666
664
674
738
768
784
764
708
708
718
720
724
672
688
668
650
634
624
612
622
608
584
604
622
648
644
666
644
628
628
634
636
598
554
636
630
628
596
608
636
682
760
800
812
816
814
774
712
674
706
702
722
714
664
670
728
772
798
780
716
726
756
760
746
668
714
694
640
652
674
714
720
680
704
736
746
688
678
694
670
668
642
678
706
726
696
726
766
824
724
722
748
746
686
694
680
652
682
698
696
666
656
702
724
790
748
694
710
724
724
706
678
702
714
720
700
700
714
664
670
654
622
630
652
686
732
760
696
734
690
682
656
616
618
640
640
654
718
772
794
790
730
750
726
722
652
644
716
716
740
740
718
672
676
710
702
776
756
742
710
728
738
730
726
696
686
700
714
740
754
712
692
712
736
734
716
666
666
696
722
734
710
672
704
710
670
636
658
664
644
626
642
684
692
672
666
688
768
758
776
720
678
736
700
664
680
716
744
728
690
710
706
688
646
634
642
630
670
736
772
790
842
826
806
718
670
722
672
664
650
692
724
690
664
706
746
740
668
722
738
754
732
680
686
724
740
750
730
682
712
728
728
736
702
668
704
744
772
784
714
740
736
744
740
740
688
718
742
758
750
696
692
732
738
726
690
712
742
754
732
672
652
678
712
732
720
684
706
740
748
752
704
690
720
728
740
714
672
670
686
712
740
708
676
686
722
766
772
746
710
720
690
690
734
768
736
716
718
736
714
750
786
762
742
756
776
772
724
728
760
774
708
720
644
686
704
722
758
736
720
682
708
740
736
770
686
688
704
682
686
696
712
752
768
772
712
668
664
670
686
702
670
686
728
730
732
690
690
720
740
750
688
656
710
718
736
740
708
700
736
744
730
688
682
696
698
658
634
612
628
656
684
702
670
686
738
760
778
748
698
726
732
712
656
650
658
672
682
694
732
678
670
716
688
670
654
638
632
628
596
644
632
652
676
678
752
768
774
780
740
746
768
756
814
796
770
728
788
772
778
734
756
794
808
770
732
778
800
810
724
670
684
704
706
666
646
660
690
742
744
696
700
732
750
722
690
684
708
718
704
674
676
714
728
730
702
668
668
690
712
684
638
680
684
670
684
718
692
720
750
750
806
764
712
714
718
706
674
664
696
792
790
748
780
784
848
770
746
818
828
826
778
728
760
782
770
718
734
788
796
808
720
794
778
774
736
690
712
732
752
740
696
718
760
766
732
744
774
780
734
708
734
740
742
706
688
720
748
766
716
712
732
740
704
646
660
670
684
660
656
664
662
736
744
766
742
762
770
774
724
712
746
750
802
778
766
724
676
690
710
740
754
720
676
692
676
654
618
608
616
642
686
680
710
700
734
722
668
662
666
652
634
656
680
690
682
720
746
728
664
726
696
738
670
656
682
690
680
658
664
734
736
708
718
700
704
706
648
718
708
716
720
676
684
718
734
744
700
732
716
710
722
716
688
626
692
716
712
696
670
702
698
644
624
652
640
658
678
634
676
704
734
750
728
660
644
660
688
672
694
686
750
752
796
712
688
724
680
702
712
724
712
702
734
766
710
694
696
706
730
712
722
740
714
776
746
774
790
768
704
678
706
724
742
750
722
658
644
664
680
630
598
626
604
618
588
632
616
580
600
546
594
596
576
576
566
550
540
550
564
548
618
580
570
572
576
578
586
584
600
600
610
622
624
638
664
672
640
664
672
738
734
754
770
774
780
772
756
750
742
740
728
706
670
644
632
626
626
626
624
622
612
602
588
578
568
558
570
608
608
582
602
628
638
668
704
706
730
694
714
686
668
712
674
660
672
668
644
626
644
608
610
602
592
558
602
550
586
566
536
532
522
518
520
516
508
514
514
520
550
552
602
568
562
562
832
502
528
568
542
568
562
566
582
594
592
588
594
606
606
616
620
626
626
614
610
606
614
638
708
748
756
714
704
698
666
616
608
614
590
586
594
626
670
712
710
658
626
634
618
624
636
614
636
606
604
600
612
612
612
606
608
608
620
626
696
670
676
648
632
648
664
670
662
664
622
602
656
658
676
696
722
696
692
698
700
700
708
672
674
656
676
698
744
762
740
692
690
750
728
720
682
662
632
646
632
636
648
650
636
636
662
682
702
708
706
658
662
664
630
598
626
584
582
552
586
568
558
586
642
724
778
788
768
748
716
676
638
614
630
574
568
572
604
592
588
558
552
538
584
564
576
592
636
702
766
786
780
776
762
736
720
658
624
602
604
624
670
722
708
632
660
638
650
676
706
728
720
686
682
684
686
670
636
612
590
586
578
574
568
556
574
634
628
620
616
592
580
596
586
594
614
642
652
632
680
666
616
638
614
618
606
678
716
792
812
808
804
754
772
718
690
672
660
654
682
682
684
682
682
678
680
678
664
632
610
614
640
672
728
750
762
746
692
676
684
682
690
692
684
660
684
708
714
718
652
696
686
708
714
706
686
706
726
738
742
728
746
730
736
704
648
634
656
644
682
644
624
612
618
650
676
762
730
752
696
688
668
658
630
594
652
634
648
658
666
646
656
666
666
662
640
596
646
630
610
586
570
582
558
562
574
596
602
632
662
682
704
696
672
666
638
600
576
628
546
538
560
574
604
622
610
604
590
588
596
616
666
720
728
728
764
738
786
766
724
702
684
632
596
616
652
712
734
702
680
682
742
794
816
804
792
726
628
662
624
610
624
648
668
698
752
786
782
766
732
780
750
730
766
680
648
638
664
722
770
804
792
776
756
802
752
688
674
674
684
702
706
718
752
766
740
658
712
674
664
632
656
676
700
706
682
696
704
694
700
686
628
660
632
680
686
680
662
672
700
702
692
682
686
688
678
662
644
654
648
644
614
590
596
586
592
608
632
632
636
632
634
644
650
636
590
584
582
586
588
590
606
612
600
612
606
628
648
676
684
660
662
652
648
642
640
600
600
622
650
634
610
598
592
582
640
622
684
670
664
730
728
748
742
750
742
680
718
646
644
632
650
678
764
780
774
764
764
750
684
660
678
674
740
744
692
662
704
692
676
640
648
598
612
634
672
710
796
784
778
690
710
704
686
728
700
660
678
692
704
662
652
696
736
778
782
750
694
692
690
648
626
616
620
634
660
684
696
704
696
672
652
618
640
580
606
568
568
560
590
560
548
522
574
582
644
736
708
704
556
522
558
562
538
548
568
566
578
580
702
730
716
766
794
818
848
834
808
818
810
796
786
778
758
758
748
732
718
726
704
696
702
686
744
726
728
722
714
712
712
714
712
704
696
650
662
590
582
594
572
588
644
734
822
844
836
830
770
736
732
704
678
638
610
630
632
646
668
652
630
684
718
708
696
764
744
672
714
708
708
684
622
618
644
660
710
746
768
746
698
708
688
744
716
674
614
668
646
670
626
716
532
592
646
610
628
610
626
632
648
638
620
630
626
614
616
624
628
602
640
620
610
590
584
596
600
632
670
684
654
690
650
632
604
594
586
582
592
618
652
692
702
672
630
600
630
578
642
626
634
630
608
614
622
620
672
648
644
636
606
740
634
650
690
714
730
724
716
742
740
728
706
650
640
648
644
648
634
604
588
616
644
688
734
718
636
698
670
720
686
646
620
630
652
678
708
686
696
730
760
762
736
752
726
696
746
696
660
690
672
684
708
682
666
700
714
724
700
694
724
726
680
672
626
686
676
694
674
650
674
694
690
678
652
628
626
618
594
616
586
580
574
600
626
654
668
678
666
650
706
688
688
686
698
692
692
662
622
634
662
672
668
606
616
614
684
670
624
680
656
650
630
666
642
652
672
672
674
670
636
652
646
626
660
638
662
674
708
734
718
682
710
706
642
656
634
644
636
650
636
606
606
616
630
644
624
626
656
670
686
706
672
678
628
680
672
662
668
642
628
680
662
634
600
572
616
574
680
694
656
650
646
650
648
642
640
646
650
654
660
678
692
694
684
672
636
630
596
602
620
662
704
766
782
770
746
724
704
680
650
612
598
610
640
694
756
740
714
724
704
646
634
570
610
576
588
600
624
610
612
640
622
630
616
604
614
634
628
616
580
630
566
570
572
584
628
718
788
820
838
840
820
750
764
708
642
602
590
594
618
668
712
742
774
804
796
784
770
756
714
752
732
714
692
686
692
702
722
708
660
618
678
686
710
656
614
648
648
662
648
654
674
678
672
638
616
636
646
640
682
668
670
628
600
588
588
588
604
632
684
728
778
686
722
670
668
652
630
620
598
640
622
618
634
632
684
664
664
670
652
658
668
686
694
702
716
702
700
702
706
692
652
648
660
668
658
628
660
688
718
720
664
680
690
686
682
652
614
618
626
616
602
600
628
654
678
682
678
684
694
706
704
710
674
680
682
694
696
676
656
688
712
730
734
724
684
626
664
640
620
616
646
652
632
636
670
736
730
726
732
734
726
726
728
688
684
698
692
688
688
660
620
614
636
642
672
682
660
660
672
688
652
# end time: 2014-03-22-18:39:41, 1395527981.17
