700
594
608
632
600
596
552
598
710
740
780
772
664
702
502
554
542
606
598
552
650
636
590
672
606
610
654
636
708
702
732
702
602
754
596
572
594
584
598
700
696
730
800
770
842
794
748
684
662
620
604
618
576
606
604
600
698
718
684
710
708
722
540
754
610
604
598
622
616
624
620
610
568
578
568
640
642
708
704
652
700
682
738
630
680
672
674
634
638
636
628
688
680
646
642
666
662
686
618
634
616
614
656
604
604
622
672
618
654
730
1296
830
1000
590
636
652
714
704
696
676
628
632
586
582
630
652
682
694
712
596
796
592
666
612
616
606
622
616
638
710
732
758
742
728
654
656
636
648
656
704
718
704
722
642
652
634
668
640
610
620
626
624
636
590
604
622
646
664
644
638
616
624
610
628
602
566
610
1018
610
612
602
630
558
612
604
614
580
614
626
716
732
546
568
602
646
706
692
732
730
740
736
744
674
592
662
658
662
718
638
724
628
666
640
632
606
614
638
666
732
768
708
664
664
682
676
652
664
560
674
618
624
600
616
584
614
616
728
702
670
504
696
720
710
610
656
656
618
594
674
672
666
670
658
646
728
602
672
620
602
620
616
646
676
634
582
544
568
730
768
852
798
848
786
746
516
582
614
642
698
722
766
780
774
718
698
734
584
830
704
698
718
668
642
574
592
610
576
554
634
652
694
780
756
694
690
698
678
662
598
674
624
678
686
648
674
632
684
690
652
626
722
652
662
678
630
648
700
702
720
774
708
614
600
546
580
546
580
550
586
692
840
828
822
786
816
780
744
724
640
654
650
632
582
602
638
670
700
774
800
798
758
724
702
618
588
598
584
612
588
672
700
774
740
686
650
718
772
544
592
598
618
586
632
596
610
628
598
640
630
636
656
728
666
650
606
676
602
556
618
590
630
656
702
696
770
738
666
624
664
650
630
560
592
582
564
594
600
636
630
664
706
586
914
672
688
678
662
678
646
672
718
736
644
634
642
674
690
718
674
690
706
688
586
704
636
694
612
636
646
638
696
636
764
584
660
674
640
624
748
506
588
630
642
650
674
688
740
600
764
654
682
652
648
658
686
706
698
758
658
688
702
656
660
640
634
682
620
598
630
652
656
706
654
690
684
536
764
686
654
656
614
648
668
650
598
652
622
656
600
646
586
606
684
670
630
678
694
702
680
630
574
642
604
614
550
514
646
664
744
744
776
748
730
634
640
640
646
628
578
662
624
592
596
618
612
626
704
660
684
664
702
708
726
696
662
778
748
724
684
750
750
754
746
614
634
576
624
618
646
722
694
696
720
766
722
672
720
702
662
654
636
616
690
676
686
730
718
738
728
754
732
696
668
672
664
740
700
720
678
704
698
664
692
722
728
644
652
612
666
672
646
698
700
702
622
626
656
676
672
652
642
680
614
632
608
600
686
682
656
668
650
668
676
698
670
654
682
730
672
716
616
634
658
692
646
670
644
706
704
728
688
692
672
640
688
676
666
642
674
704
666
650
676
654
644
594
620
648
654
742
716
696
740
634
628
672
642
596
638
646
662
666
650
654
712
644
638
620
612
608
680
642
606
662
650
582
626
564
600
706
722
760
744
696
726
664
632
662
674
684
648
608
646
628
598
684
724
720
676
710
662
646
676
680
708
706
716
710
682
682
672
682
664
654
612
590
598
574
576
622
658
704
722
710
716
702
636
622
644
638
628
622
546
620
602
594
658
678
680
746
750
742
712
668
670
698
664
614
642
628
682
650
554
656
612
716
736
694
700
670
718
650
646
616
598
620
614
646
674
674
730
732
644
768
712
664
696
614
682
628
622
590
642
638
628
588
646
606
694
646
622
568
676
654
674
626
636
632
656
610
644
554
562
670
690
638
640
668
652
650
592
774
664
700
688
704
642
602
634
632
598
562
558
600
624
674
698
726
674
702
698
682
638
682
632
648
672
714
730
706
710
780
762
678
668
710
674
694
566
586
630
600
666
696
706
692
624
712
698
706
682
660
692
748
692
724
622
666
622
608
612
596
612
568
608
696
744
704
748
744
690
624
652
590
628
618
624
626
708
726
686
720
682
666
638
636
574
624
670
702
748
758
730
698
718
730
674
726
586
640
622
664
640
666
696
718
762
716
650
588
598
660
668
626
774
752
698
648
688
622
684
650
622
636
602
602
598
610
704
680
632
604
634
624
592
618
594
602
614
604
598
630
608
616
648
710
780
748
796
724
578
768
668
682
684
670
660
646
668
690
700
662
698
698
660
720
684
610
632
632
758
550
644
706
772
806
796
792
756
762
664
710
666
636
680
654
622
722
742
760
714
700
718
758
744
686
730
734
708
704
652
676
684
706
732
674
700
712
738
700
704
716
692
654
648
668
680
666
636
886
698
706
682
636
648
684
700
688
712
642
684
644
648
652
662
614
642
638
650
660
716
702
660
708
698
694
674
646
634
664
632
598
616
608
682
640
650
734
688
670
716
684
716
642
624
584
666
678
650
646
668
710
718
694
608
624
638
640
644
684
650
630
632
652
670
658
690
676
688
722
664
642
660
666
708
698
738
704
702
734
610
694
674
672
682
692
680
740
734
638
728
654
604
644
666
706
716
832
772
660
682
686
526
600
586
694
756
646
692
662
656
666
652
704
744
722
534
530
688
744
608
764
700
672
708
570
632
600
844
524
612
638
612
662
642
798
690
692
674
674
644
564
684
648
760
734
690
698
718
744
740
736
658
654
740
654
652
614
656
648
684
694
632
692
712
684
618
670
666
656
688
696
674
710
620
686
748
582
620
604
678
714
770
778
766
556
626
706
760
682
676
750
674
640
654
686
672
668
654
628
668
668
722
712
696
718
736
718
734
754
766
732
728
692
698
686
714
630
644
726
562
900
664
666
728
656
698
668
706
728
716
690
676
702
682
558
760
632
680
652
684
678
706
750
736
662
692
674
628
686
642
634
646
632
716
684
726
734
762
724
662
700
684
720
708
662
664
682
742
686
646
680
658
790
650
690
672
698
730
688
734
668
586
614
674
626
614
602
624
672
694
708
692
646
646
622
676
654
670
654
708
704
650
626
710
630
634
598
654
618
660
678
626
732
656
652
694
684
648
608
674
666
744
702
668
698
716
714
668
648
706
672
682
686
596
650
728
752
798
712
522
620
542
668
708
732
718
704
710
664
642
644
654
654
666
742
770
748
770
776
754
736
712
684
676
628
688
710
680
554
658
684
714
808
770
756
800
760
704
710
682
622
800
730
672
670
698
714
660
672
706
758
728
726
702
728
716
718
688
674
658
646
678
704
740
634
752
750
724
700
672
740
780
768
772
702
644
720
692
666
676
700
702
650
662
614
624
638
678
704
664
792
726
764
742
654
676
676
694
614
680
682
680
646
608
658
698
774
782
782
716
750
734
786
660
626
684
640
726
644
680
540
916
764
724
688
780
746
724
728
654
636
670
732
742
660
720
734
722
714
654
616
682
682
682
724
640
654
642
678
698
638
644
686
674
704
762
676
618
744
726
626
618
702
714
718
678
694
668
660
642
622
620
632
598
664
760
800
622
804
706
694
640
644
598
614
668
736
766
712
706
732
682
682
740
732
704
710
748
770
762
776
678
746
732
756
732
732
704
666
734
714
702
638
688
690
768
688
690
726
742
754
754
660
712
624
698
622
652
674
744
740
784
754
566
662
644
672
666
704
700
766
732
668
684
630
702
696
726
712
714
680
700
768
754
520
650
536
636
684
702
716
766
816
800
846
798
766
730
716
834
698
656
708
716
706
604
632
670
730
750
682
700
674
780
670
622
658
658
576
668
764
682
738
712
754
690
738
774
738
750
668
672
706
676
740
702
724
710
884
588
708
730
730
598
748
590
782
550
572
560
542
596
564
580
594
602
670
666
652
570
682
668
870
574
640
718
674
796
560
740
646
690
718
720
762
674
736
720
702
694
634
610
706
772
802
824
836
744
782
712
812
724
604
708
712
738
678
632
522
602
722
784
788
786
800
760
720
696
664
810
616
590
616
612
594
626
644
684
626
610
654
694
662
672
686
632
624
634
656
628
626
666
726
702
720
576
732
602
682
672
712
718
728
738
904
594
636
632
722
528
584
638
670
646
698
690
748
748
734
682
702
678
716
660
672
686
706
734
702
660
678
694
666
640
670
646
646
720
672
664
682
698
758
676
690
660
712
736
686
678
680
638
628
624
642
642
664
676
654
682
848
690
666
532
692
550
634
654
654
696
900
670
638
626
650
692
712
694
642
614
676
638
648
688
644
752
678
692
690
654
656
550
582
620
628
724
688
692
722
766
710
672
624
744
562
556
594
622
612
726
744
578
658
900
684
692
592
602
584
616
648
662
734
750
750
750
760
710
728
666
678
638
636
636
656
612
584
638
522
578
700
754
736
714
642
616
632
610
616
606
604
578
640
626
638
640
610
706
596
578
562
608
598
652
584
546
636
676
716
724
690
666
704
658
704
600
620
630
634
666
706
720
730
690
670
506
650
584
620
600
676
744
820
800
776
770
784
748
686
670
648
776
632
672
682
690
644
640
640
646
648
710
714
648
664
566
758
686
620
706
544
614
632
646
630
760
624
678
680
648
634
644
662
702
684
728
720
806
792
706
740
728
702
714
618
658
646
714
634
602
628
614
650
644
754
730
844
594
714
706
678
738
682
646
630
674
700
692
668
720
822
822
572
792
734
794
662
682
734
746
732
702
630
682
692
692
702
712
740
734
774
742
594
750
662
686
688
668
660
550
628
622
656
746
548
580
798
702
666
900
646
624
562
616
576
682
664
522
588
700
724
816
780
784
766
760
744
714
754
630
716
646
726
668
672
646
678
724
758
770
690
624
682
716
702
698
686
682
688
690
636
690
674
678
658
622
662
638
654
720
668
692
702
736
716
738
540
664
612
704
654
690
738
648
702
700
672
714
658
632
650
664
668
674
748
676
688
766
714
642
742
690
712
672
604
704
666
722
680
616
652
686
616
600
600
646
648
674
680
716
648
688
788
528
518
524
700
604
598
614
646
696
738
576
598
744
510
762
516
600
696
772
658
650
684
690
688
670
698
690
710
698
874
690
684
748
658
712
584
566
634
612
690
730
848
746
524
574
652
764
702
650
600
644
672
734
766
752
696
702
734
750
766
716
730
716
722
614
636
654
658
698
702
658
662
654
624
634
688
626
574
612
534
520
630
746
800
782
756
570
830
706
684
688
684
748
582
656
722
740
702
674
722
610
730
524
672
678
752
758
746
722
746
680
692
604
594
582
560
620
642
660
684
548
780
652
744
586
734
658
542
658
616
654
610
588
622
558
682
672
672
716
606
812
726
672
652
708
676
664
518
772
658
674
698
662
642
634
626
580
652
656
616
636
642
722
690
682
654
662
680
1312
788
642
620
654
696
710
790
664
712
734
712
658
716
660
642
676
740
712
720
698
740
730
764
660
674
744
702
640
540
798
660
694
752
656
702
702
786
668
668
654
870
600
746
724
616
664
722
658
662
640
690
716
562
846
646
606
626
566
588
600
612
614
622
640
612
598
700
582
560
544
596
720
742
722
710
696
572
706
602
614
584
602
550
640
730
716
764
732
698
652
824
574
596
572
628
704
752
746
718
728
584
602
668
628
612
862
636
644
722
662
688
676
646
684
682
594
672
686
690
678
2414
1600
1160
758
808
848
824
876
812
792
728
742
714
654
670
646
656
660
688
710
682
664
544
666
514
554
634
632
606
662
650
664
678
654
706
674
624
578
618
582
586
528
582
564
568
658
724
776
714
738
716
680
688
670
614
596
614
706
602
694
648
676
706
666
622
596
748
704
700
528
830
712
712
664
666
508
542
678
688
646
602
554
636
552
606
610
666
732
690
626
664
630
670
644
646
744
600
538
610
614
640
638
600
632
592
634
630
640
674
696
744
740
744
686
638
630
708
686
706
746
700
628
596
610
568
592
560
640
624
718
718
704
688
650
548
548
690
628
634
640
654
638
684
668
650
728
778
784
724
756
722
690
726
666
668
678
764
758
764
744
722
742
650
600
674
694
656
672
636
646
684
692
740
780
730
762
780
522
666
622
658
626
676
654
822
786
810
810
820
760
734
726
662
718
546
656
714
552
516
716
718
768
504
594
722
726
710
726
656
668
658
640
676
690
702
696
638
642
658
716
766
784
742
738
744
740
746
688
858
684
632
678
622
618
636
540
568
614
636
652
650
684
714
642
760
618
622
524
612
636
724
614
556
626
668
704
684
720
720
742
588
502
684
692
686
690
658
616
660
656
720
700
652
666
712
674
682
702
752
756
540
622
704
754
786
692
672
696
700
692
704
734
754
754
712
798
754
730
584
662
716
620
746
662
778
786
810
626
880
814
686
674
612
700
594
666
718
768
784
818
686
700
668
666
644
654
706
682
578
536
736
666
564
624
712
754
782
746
536
612
700
618
720
550
548
764
760
730
702
670
664
718
680
666
662
682
612
616
714
806
506
798
762
736
798
614
890
716
750
712
730
706
674
656
672
764
672
720
716
680
620
626
610
616
600
634
516
800
624
608
620
610
572
596
612
782
730
774
724
666
678
672
720
688
760
752
748
740
720
712
678
718
698
750
692
764
756
762
734
692
674
672
702
642
678
688
736
766
716
766
730
684
646
638
600
614
568
598
632
702
734
734
680
700
700
666
654
584
616
626
626
636
684
624
652
682
630
690
634
598
630
612
606
662
654
590
624
616
636
654
590
674
586
608
654
632
682
700
702
666
534
710
562
1540
1012
1008
680
730
716
734
686
724
710
778
724
698
756
736
694
676
682
706
684
680
698
684
686
668
612
666
724
732
740
686
652
684
524
854
622
638
702
572
672
654
738
802
758
742
706
690
704
904
656
664
684
702
724
528
648
644
686
738
740
778
776
944
714
652
724
694
662
726
694
738
732
758
616
650
622
602
722
746
714
738
728
726
772
740
726
760
724
698
724
526
568
620
680
668
704
680
716
602
586
644
654
648
674
606
664
668
668
550
668
638
716
700
650
646
630
684
646
588
604
656
614
506
606
628
616
636
632
600
660
700
720
772
766
764
760
660
698
622
612
588
664
530
590
626
670
644
618
618
700
518
748
668
668
674
892
682
586
648
712
672
722
526
602
646
652
678
712
666
534
704
628
674
698
722
700
726
696
738
762
758
734
712
750
702
646
716
702
718
682
732
730
524
660
598
630
620
724
730
838
806
760
734
704
718
828
586
596
642
714
738
746
794
776
774
770
692
722
656
650
728
762
744
792
738
764
764
752
738
694
754
744
748
736
698
720
730
740
738
578
770
770
738
684
712
762
762
692
736
748
650
804
522
708
724
686
664
652
650
850
650
536
694
684
720
668
680
682
664
724
642
706
664
602
734
598
582
654
700
644
654
640
658
698
712
720
712
690
644
722
660
622
614
626
628
628
544
668
648
802
652
764
574
686
708
666
684
730
694
718
722
654
798
574
752
536
794
670
864
704
742
738
728
720
730
776
550
714
754
644
618
698
734
792
758
658
756
764
598
654
694
664
640
654
684
720
948
1274
764
764
644
670
668
638
636
602
636
686
696
752
714
750
738
748
698
584
650
624
612
668
584
644
682
716
748
808
746
752
712
736
780
622
636
714
702
710
686
674
632
672
694
700
538
614
520
612
646
712
742
754
746
644
734
658
682
684
646
702
748
768
784
502
608
770
802
774
730
714
694
574
544
634
648
722
534
650
722
528
600
562
570
630
730
708
666
826
786
786
738
810
648
864
720
718
678
640
664
676
742
688
612
630
656
692
724
762
700
770
730
786
756
566
598
552
598
628
702
712
820
740
634
920
752
718
726
740
586
552
584
618
680
872
652
774
592
512
752
732
768
752
698
724
574
748
600
590
624
676
744
746
744
566
778
514
560
634
644
670
688
696
774
772
796
512
788
790
766
720
682
666
552
564
592
630
650
762
694
734
624
676
794
684
644
666
690
698
714
592
540
620
644
702
792
800
820
792
506
558
780
710
686
730
596
552
604
620
698
544
620
670
794
768
522
762
756
800
718
750
716
644
640
638
618
562
614
696
752
516
658
776
632
652
786
732
686
754
642
704
588
632
594
616
662
726
728
814
776
746
792
742
722
680
670
662
648
672
712
812
788
760
804
824
798
672
762
696
706
706
678
696
720
782
754
684
732
712
702
694
696
742
772
798
820
744
728
738
636
630
588
610
628
646
662
712
670
722
696
680
780
608
668
720
670
648
668
698
684
632
638
672
554
702
716
706
704
688
640
634
654
660
628
832
582
570
626
656
732
800
802
758
742
764
682
612
634
638
682
686
710
782
800
772
698
790
744
728
704
656
720
570
762
682
686
682
776
734
714
668
856
700
686
702
602
620
702
712
702
648
662
958
684
662
686
680
750
706
714
618
646
690
592
662
726
666
692
676
640
710
730
684
734
700
720
682
622
684
680
672
672
654
758
712
778
718
720
708
696
624
632
602
634
648
612
658
528
622
620
726
770
640
716
732
694
706
664
648
666
670
680
668
596
544
812
594
656
732
686
668
688
626
584
606
594
584
604
580
602
594
608
610
598
586
606
584
602
628
556
664
638
584
594
584
648
630
620
642
546
630
598
614
656
682
706
644
654
546
646
676
672
726
820
680
594
628
626
730
716
698
650
594
690
698
724
736
668
678
672
732
696
638
674
624
698
700
704
700
730
722
748
692
650
708
684
682
690
658
732
722
752
732
764
702
684
732
716
716
686
700
700
732
668
684
684
706
684
572
638
582
600
584
580
626
618
668
658
632
602
566
600
614
536
608
522
532
574
566
604
604
610
614
660
690
660
670
612
582
610
632
654
636
644
632
620
620
602
656
654
668
666
646
644
644
604
612
656
716
678
694
702
724
730
704
752
758
688
650
692
692
628
692
662
690
606
650
644
674
750
724
712
764
718
662
700
658
678
700
734
670
748
720
758
756
694
700
658
752
658
690
690
686
636
674
728
732
748
688
700
716
680
664
668
720
706
690
754
718
716
778
782
720
768
734
696
668
700
718
714
710
734
780
712
726
728
720
708
752
746
756
732
678
704
682
702
638
650
704
700
712
672
670
684
686
650
702
668
736
726
652
690
696
690
734
688
754
734
732
700
698
708
700
692
650
644
724
718
746
782
774
732
800
770
760
704
648
706
708
682
748
754
786
694
692
752
682
724
706
682
650
634
624
646
724
744
746
652
662
570
578
524
546
552
548
572
610
668
696
684
734
710
728
722
698
758
704
738
692
714
674
700
734
744
746
798
798
770
694
716
722
684
710
698
724
784
770
728
734
742
694
686
704
742
762
690
778
750
726
712
750
728
692
690
688
700
700
714
732
748
794
762
786
802
564
662
692
720
692
650
734
684
680
676
696
764
744
680
730
726
692
672
674
722
670
674
688
696
672
714
750
746
708
760
750
692
700
676
662
676
678
706
732
614
664
708
738
588
820
584
764
770
802
792
784
768
702
674
666
656
668
650
682
720
708
774
780
752
734
738
712
754
698
682
716
656
636
742
692
712
720
760
698
752
724
722
686
680
690
650
648
682
646
610
616
710
662
642
624
712
688
676
668
676
688
570
634
638
734
706
670
724
686
726
708
708
734
698
760
742
766
758
726
780
750
702
714
730
722
744
708
770
688
638
656
686
646
684
682
710
720
664
710
674
682
666
664
664
708
666
686
664
704
712
680
682
702
702
710
696
684
692
686
666
682
714
720
680
672
680
728
706
684
774
506
616
570
614
582
656
634
668
684
740
538
636
642
636
636
642
658
696
650
670
608
618
608
582
548
558
622
702
686
690
670
738
660
686
688
632
600
596
610
582
620
616
606
622
616
616
642
648
646
718
668
634
646
594
556
594
596
624
630
624
634
688
630
656
622
650
646
600
582
568
582
574
558
574
570
540
612
700
734
598
618
616
542
600
558
578
590
578
776
512
596
570
730
548
578
566
642
608
694
700
688
642
700
680
660
640
678
620
594
790
504
568
612
674
666
586
588
686
626
732
554
682
668
630
630
580
628
606
634
674
578
600
540
554
594
562
568
690
602
824
752
600
696
730
740
770
704
718
722
680
608
636
622
576
638
624
642
706
706
774
672
688
672
666
622
580
594
592
618
664
678
690
772
586
660
644
674
678
632
664
722
696
750
662
718
554
798
676
584
694
644
706
668
728
718
670
750
758
742
708
790
544
632
610
636
662
672
704
686
742
652
688
604
548
556
586
668
700
792
606
676
736
736
714
696
658
648
650
632
658
670
696
694
730
770
740
772
810
592
668
656
604
644
644
650
640
622
572
508
570
626
670
648
830
576
626
662
654
660
646
636
862
610
596
710
708
570
616
504
656
650
622
648
596
628
614
642
618
608
666
694
704
668
732
692
652
628
624
680
640
652
618
650
640
690
748
788
764
650
522
746
512
748
514
564
684
738
584
636
700
642
624
818
664
706
730
698
780
578
834
658
708
732
652
706
718
632
620
716
730
822
662
716
786
752
552
748
646
676
778
700
716
684
700
710
722
600
722
684
862
700
700
584
618
596
650
682
730
772
818
780
768
786
756
592
618
738
708
730
558
760
506
604
646
610
670
682
686
526
578
732
628
700
676
744
682
696
702
918
554
612
644
686
546
732
674
722
764
694
516
722
772
636
708
510
692
604
778
668
682
652
538
660
660
684
730
694
776
718
688
714
736
698
686
742
584
504
608
816
788
834
780
788
822
792
754
714
734
738
746
802
750
768
764
784
710
734
766
784
588
636
780
844
806
782
770
828
800
714
798
704
724
690
656
714
706
682
632
652
582
742
678
674
722
778
722
754
732
688
684
610
600
684
656
710
704
752
702
682
656
602
712
720
696
718
672
724
660
658
582
544
586
516
536
562
604
598
564
610
554
552
564
586
610
636
644
644
706
686
696
666
730
668
562
646
550
542
630
620
808
690
542
770
574
586
568
680
592
580
604
636
588
630
648
662
590
518
584
648
564
504
562
584
728
600
610
644
582
620
606
632
586
692
754
616
624
608
630
682
646
606
580
618
616
790
728
524
704
708
666
682
634
640
642
632
906
664
634
674
664
714
742
688
692
666
604
622
594
600
658
700
784
790
748
552
538
612
550
654
642
592
666
612
666
674
676
702
560
718
682
668
668
602
588
626
622
618
626
630
592
650
644
786
632
608
706
700
706
638
648
676
586
624
660
682
748
516
530
726
680
686
682
746
676
676
690
680
646
696
702
680
658
672
668
674
674
710
734
698
732
720
650
700
682
698
688
698
734
754
690
690
726
684
622
660
656
704
704
724
724
694
708
694
642
682
642
616
700
612
654
674
628
692
646
730
798
640
778
716
686
642
630
690
672
642
668
744
692
768
730
760
774
718
686
672
658
618
608
660
616
682
722
692
754
786
776
712
712
678
666
600
546
580
566
534
566
560
638
634
636
704
696
742
768
786
748
622
662
594
640
588
578
626
662
768
752
518
662
734
588
780
694
512
712
708
682
660
630
622
646
684
774
698
768
780
756
768
578
610
714
662
808
644
544
640
720
772
596
770
706
584
804
760
776
742
732
652
694
680
676
682
702
664
732
664
636
672
592
646
648
652
676
692
678
658
616
656
608
618
586
566
558
548
556
546
586
560
528
580
550
530
512
544
536
574
502
536
522
564
544
544
520
608
578
582
860
532
572
526
536
560
558
562
584
610
578
594
634
596
640
752
584
566
586
648
784
558
634
608
610
628
626
664
606
632
600
558
614
618
610
606
678
688
676
642
700
668
620
608
588
626
604
578
586
648
652
616
594
662
642
604
594
610
580
614
582
570
624
624
600
598
628
626
652
644
612
646
630
592
620
602
664
634
606
616
592
624
602
634
606
618
610
636
630
602
636
576
618
616
588
616
612
624
614
572
628
620
628
600
622
584
630
576
624
646
648
636
688
648
682
610
612
570
622
600
598
598
682
640
638
692
642
678
626
618
608
610
604
610
638
626
664
688
690
660
632
634
658
634
586
602
604
572
604
582
582
636
614
620
666
640
546
626
642
670
634
646
674
676
694
644
732
714
768
716
730
716
652
602
634
710
726
690
714
684
704
692
652
662
672
688
646
648
650
640
612
596
620
600
638
580
654
658
736
578
620
690
678
618
638
614
604
620
626
650
666
648
718
724
664
662
600
598
618
622
670
590
584
636
1202
722
724
594
518
552
566
564
540
526
606
636
612
640
630
616
632
654
632
588
638
638
658
624
650
654
676
642
668
668
594
608
620
636
640
624
660
642
624
644
686
624
656
632
664
628
574
624
612
666
632
658
662
616
638
650
650
634
628
630
654
656
612
650
638
698
550
550
664
566
688
630
690
678
828
626
614
646
586
634
590
654
740
502
582
612
640
678
670
634
600
670
644
662
708
664
672
740
720
660
706
684
712
606
556
614
626
662
620
678
694
762
752
718
696
706
662
656
672
708
690
698
648
650
664
642
604
614
616
598
586
618
550
610
596
618
612
662
674
630
658
622
664
668
702
648
744
694
670
624
640
740
758
748
746
754
730
668
670
698
684
700
704
722
744
698
740
722
704
632
756
690
604
646
520
572
550
546
614
638
684
732
732
744
744
694
686
704
716
686
726
712
732
734
708
744
766
730
692
662
706
714
670
700
738
760
750
700
724
700
738
706
712
760
724
694
668
576
576
662
596
546
570
714
802
764
752
660
636
636
578
550
572
582
656
630
676
612
582
552
586
574
566
632
646
670
642
642
602
580
586
646
538
574
572
576
594
610
622
690
704
706
692
684
638
664
618
668
638
674
662
646
678
670
648
636
626
672
648
630
634
598
550
552
566
580
618
706
714
702
706
644
652
648
664
698
720
732
716
696
652
658
646
690
642
684
620
646
650
622
644
634
650
658
690
690
662
582
558
594
516
524
592
656
626
702
706
726
714
750
750
720
746
730
686
640
586
620
602
648
648
680
754
706
728
730
712
666
658
632
636
644
698
606
668
602
600
630
632
618
700
694
778
744
768
602
780
678
688
654
790
682
520
578
648
674
700
718
670
688
654
770
540
586
678
634
698
672
740
638
632
604
774
540
636
648
710
794
662
598
822
532
504
540
670
730
534
794
594
538
578
688
668
666
1208
1064
652
652
510
520
744
752
640
668
750
734
702
524
582
648
726
690
732
548
650
2024
1214
1284
770
738
762
742
790
656
714
692
686
668
694
692
1342
806
504
688
608
650
712
658
688
692
516
622
610
718
508
624
630
602
606
628
764
802
686
736
858
670
672
516
594
650
686
754
770
778
700
560
744
512
688
620
518
562
640
744
700
690
658
660
1146
688
774
720
688
672
636
674
632
626
684
520
566
662
506
788
674
806
658
656
832
582
650
714
580
766
552
692
1190
730
710
622
702
716
736
722
720
730
650
824
720
746
720
714
666
768
684
662
624
698
672
540
810
654
672
700
720
730
730
744
668
658
646
556
646
534
548
580
694
540
720
836
714
566
524
654
594
668
684
604
580
772
524
734
644
578
762
506
566
608
510
674
636
740
680
716
704
728
628
648
654
560
560
590
696
852
732
788
586
648
636
566
634
682
740
688
698
574
568
662
732
666
748
560
650
604
530
688
634
648
694
738
672
540
772
614
846
524
624
680
524
800
822
800
762
542
640
626
656
724
656
602
658
648
706
696
634
942
636
678
556
660
658
642
638
662
630
662
646
640
720
732
726
726
716
696
674
684
616
622
802
648
688
608
628
578
656
732
708
698
694
638
594
618
640
692
662
774
544
756
774
726
658
730
606
534
732
654
644
668
716
556
696
524
518
576
668
584
660
634
618
616
566
806
670
630
800
526
616
780
592
704
632
626
726
628
610
622
662
658
596
656
764
750
588
680
748
692
696
662
646
668
550
900
700
730
726
838
678
718
726
690
556
642
622
646
544
756
678
714
698
826
630
712
674
584
674
638
602
580
680
610
744
694
784
658
722
762
664
640
740
658
690
652
768
752
690
734
780
788
516
720
598
640
660
692
622
666
730
658
510
570
710
510
614
502
556
638
754
796
532
638
600
710
590
556
610
512
734
702
698
708
718
772
674
706
596
682
638
650
626
664
710
764
558
668
636
706
688
664
678
718
694
712
676
670
690
682
668
664
662
608
632
570
572
706
674
646
640
608
616
622
632
584
722
566
628
658
530
750
798
520
574
566
780
566
818
894
696
704
726
668
778
730
732
772
570
686
648
726
694
504
560
716
710
508
782
510
594
650
950
728
680
698
720
686
638
714
502
576
666
716
504
738
540
628
704
676
594
548
596
622
620
714
684
652
642
650
684
706
736
778
762
692
696
664
680
676
670
670
688
702
690
742
690
708
708
534
596
674
744
718
706
712
732
750
764
754
772
710
780
732
668
734
546
666
738
674
714
788
740
774
786
710
706
712
516
728
506
606
614
670
528
710
580
614
606
530
722
780
658
598
640
572
622
670
672
638
682
682
640
744
678
672
646
670
648
632
588
652
622
634
656
710
676
766
712
672
690
672
646
700
660
758
1528
920
596
732
722
542
608
800
646
644
690
732
754
684
716
746
750
720
666
680
666
602
586
522
584
578
554
532
578
568
596
620
652
628
588
554
784
622
628
662
738
722
794
776
762
764
766
738
780
624
682
682
616
690
588
630
604
616
614
640
668
714
700
708
586
748
674
650
658
624
636
644
640
624
652
680
670
750
736
676
660
662
610
620
584
608
604
656
658
694
714
698
664
698
686
614
706
706
690
684
686
692
678
606
670
576
626
564
714
628
706
738
672
664
694
714
728
716
774
614
690
758
688
668
610
666
656
666
732
716
768
680
738
650
714
690
702
710
692
676
730
730
784
752
742
624
702
682
670
674
676
700
730
648
646
678
618
632
630
626
640
628
636
646
714
752
768
750
734
736
656
662
646
566
610
642
654
728
740
746
828
790
766
834
762
734
708
676
686
700
696
678
652
682
700
688
776
690
680
658
672
654
618
624
594
598
674
664
696
816
754
732
698
664
610
634
632
658
658
714
724
578
560
686
588
742
708
646
646
600
664
654
518
796
670
696
872
620
770
674
