626
676
644
694
658
636
612
588
596
632
580
702
722
658
730
784
808
750
732
702
720
724
756
778
718
684
770
812
900
950
918
854
766
776
750
768
768
730
734
784
744
804
704
710
720
750
732
656
690
682
722
740
812
792
718
736
774
778
830
762
806
870
862
848
712
738
748
730
680
690
700
832
854
766
730
718
722
682
660
686
742
738
734
668
686
646
698
672
630
640
566
592
622
822
852
894
912
946
982
926
902
850
852
832
796
772
776
788
828
780
752
770
782
822
780
734
776
784
778
774
816
790
732
684
776
710
694
676
672
636
672
686
770
812
862
852
836
820
848
820
790
754
738
742
726
674
668
682
736
860
934
916
854
814
838
784
724
720
702
724
788
718
648
674
694
834
784
700
682
690
714
796
784
714
668
676
682
680
762
768
712
688
696
700
730
682
686
752
738
698
650
650
636
630
604
584
670
804
950
966
942
878
896
872
860
900
860
834
722
682
680
706
734
760
728
790
792
794
806
726
716
716
740
744
798
720
720
678
718
752
756
800
708
768
778
788
746
698
722
766
766
734
826
822
784
714
696
736
742
676
692
644
670
662
812
770
714
804
832
898
830
750
752
780
778
790
740
744
822
830
894
788
842
822
766
716
770
828
858
828
726
766
776
814
720
716
792
804
760
676
632
712
742
792
880
770
756
774
820
768
716
702
706
756
750
720
696
756
762
750
708
702
758
752
678
702
658
700
692
618
736
590
636
598
624
622
640
718
700
732
712
672
690
724
788
790
774
714
718
734
822
822
758
706
738
830
834
842
780
790
766
776
686
744
734
772
808
774
714
768
778
852
784
708
792
790
758
754
686
760
790
836
778
772
770
788
814
734
670
718
712
674
642
688
660
652
720
764
758
698
772
512
594
788
700
652
670
692
720
658
616
666
696
740
792
836
600
812
734
776
588
760
722
756
784
762
788
682
754
798
506
630
644
804
752
720
768
720
716
730
786
812
878
548
704
788
760
838
796
784
726
754
766
816
768
602
934
804
776
766
720
750
786
820
694
756
744
766
776
804
732
716
768
770
782
826
604
856
636
698
746
764
746
754
832
834
780
786
552
760
698
708
696
660
732
684
710
754
722
734
790
800
604
634
646
650
756
754
792
758
706
782
866
906
816
730
736
804
772
720
726
766
792
812
738
766
762
850
784
732
752
786
780
780
662
844
790
774
712
662
720
760
808
802
742
766
840
818
764
750
726
742
738
702
672
740
766
834
808
708
734
714
730
672
644
606
682
656
538
668
684
690
710
762
800
758
614
758
692
742
752
684
636
668
676
730
824
848
788
690
684
672
698
764
868
916
850
844
846
816
702
812
732
802
864
848
708
752
786
786
800
732
734
816
842
852
542
630
678
720
810
828
764
758
698
718
794
828
784
778
796
828
778
726
722
752
764
806
758
768
864
838
838
778
516
572
656
608
780
696
722
780
814
750
818
848
794
706
722
714
768
726
676
630
846
816
760
724
570
764
676
518
640
672
758
756
716
656
628
688
720
794
826
836
746
720
764
756
764
664
668
508
814
692
722
668
670
670
708
576
716
604
512
846
518
690
774
642
884
752
692
720
760
778
518
610
696
764
524
510
624
516
738
756
758
568
754
724
698
734
796
778
714
780
812
770
782
686
650
638
690
682
646
708
766
822
760
560
912
728
756
754
768
676
704
740
750
742
670
820
836
816
748
776
774
682
622
700
626
698
650
650
726
502
804
796
772
666
728
700
674
734
664
714
682
766
900
906
584
790
828
866
776
704
688
720
806
776
726
722
730
628
536
784
768
800
800
832
732
512
650
704
600
702
766
808
810
800
602
898
734
514
774
538
640
660
690
698
654
656
648
664
678
758
712
730
736
792
852
572
936
720
744
726
778
724
722
814
818
802
718
716
764
754
748
722
660
750
782
790
760
782
818
828
736
748
722
718
694
674
630
724
756
802
784
804
782
800
746
690
736
720
746
716
662
734
538
758
780
842
802
754
672
582
672
550
754
720
716
726
770
880
852
578
602
740
650
652
638
648
724
772
774
696
752
762
754
824
702
618
722
772
826
804
778
776
786
750
718
734
830
840
782
778
774
758
780
732
690
770
738
754
792
688
534
612
652
776
788
706
774
782
788
778
718
720
766
682
840
728
748
758
674
680
670
668
626
696
744
768
740
506
796
752
660
746
506
628
692
670
688
652
866
786
714
720
760
766
734
726
680
756
758
754
694
708
746
772
722
678
704
746
762
614
788
700
718
742
720
580
676
764
696
742
734
798
588
916
710
684
754
720
690
698
752
782
762
710
748
754
766
728
794
776
758
756
740
714
706
708
640
678
702
756
716
588
618
506
718
696
670
690
696
716
708
638
676
674
644
646
640
658
720
716
682
682
642
682
698
722
606
678
720
716
734
744
698
730
540
624
558
690
626
702
632
792
818
776
828
874
856
686
708
792
688
700
712
648
708
570
504
734
730
802
816
790
796
644
736
710
756
708
726
756
774
760
720
702
716
538
726
650
664
662
638
634
592
618
596
728
826
860
864
822
846
840
802
718
666
698
750
756
730
676
766
786
806
732
688
710
734
738
684
764
752
796
528
606
626
718
770
676
810
672
678
736
776
768
680
626
670
612
678
652
796
894
830
856
832
830
804
680
704
706
702
770
712
730
802
868
848
582
930
650
886
704
726
706
754
788
766
724
800
768
818
752
670
672
662
752
760
772
756
786
834
766
722
546
588
690
700
694
712
726
778
752
738
650
738
770
730
666
638
654
682
762
716
740
792
758
742
746
702
700
720
766
712
710
658
740
766
720
722
726
780
640
834
716
728
736
746
634
756
756
776
768
700
700
682
736
722
764
694
688
724
728
674
630
668
666
652
638
678
692
658
662
732
718
674
646
648
696
680
630
644
626
652
672
766
720
734
782
768
786
684
716
714
722
696
720
686
706
758
740
690
738
730
750
688
668
698
712
736
728
692
702
746
746
680
630
674
678
694
710
740
662
682
712
716
726
676
698
624
644
648
626
612
868
636
656
702
748
756
732
736
686
672
682
666
680
652
630
704
734
792
752
736
754
794
774
724
710
722
726
750
694
686
742
740
746
724
590
922
792
768
728
714
584
860
676
598
626
626
650
686
742
690
734
772
798
692
686
720
742
722
748
650
674
700
770
708
736
742
796
840
728
738
696
718
742
728
650
678
656
706
688
764
608
778
808
790
864
838
804
602
854
744
756
746
772
674
718
702
596
736
702
660
664
708
696
682
716
768
692
672
646
690
680
680
634
678
664
668
656
626
660
626
688
714
750
726
766
740
806
718
668
666
672
660
662
702
666
688
752
812
868
864
808
764
736
784
730
700
670
658
708
748
836
784
554
722
632
762
702
682
652
668
712
718
652
738
748
584
948
686
646
672
730
760
690
722
716
730
728
730
690
628
616
664
634
652
676
628
650
664
732
806
738
724
712
794
752
742
666
690
702
754
756
764
718
782
812
804
730
720
710
696
740
708
692
714
746
772
664
818
730
724
736
658
672
668
780
646
624
646
654
712
742
708
698
676
738
744
738
714
666
680
702
698
680
748
658
632
734
718
752
732
668
710
728
708
692
682
660
702
750
846
808
800
698
750
748
728
738
680
658
698
726
750
746
672
690
674
684
674
694
668
662
666
632
602
612
596
658
684
666
658
650
690
712
726
696
710
660
684
694
708
688
644
716
762
794
812
768
712
734
740
710
722
686
674
734
750
708
634
680
678
696
678
680
664
734
754
726
644
616
624
638
644
702
706
620
660
656
664
656
696
698
772
792
850
766
696
704
728
700
694
690
644
646
648
718
744
722
666
594
608
872
876
854
818
794
734
708
678
696
670
678
692
768
732
746
804
752
706
702
638
648
630
616
668
654
672
706
806
826
832
774
738
708
764
702
682
668
676
740
772
796
716
722
704
728
722
648
678
662
712
660
640
632
648
600
618
646
656
658
696
644
690
714
750
770
824
746
696
722
702
664
636
648
682
712
758
700
704
710
774
776
718
666
690
666
658
656
632
584
632
620
654
742
746
676
660
722
732
712
702
646
650
712
692
694
674
660
686
708
748
766
744
680
680
746
728
722
716
666
736
730
750
728
682
666
744
728
782
752
692
738
734
732
718
660
712
718
726
688
726
662
708
686
696
658
614
660
674
684
730
678
702
710
716
652
670
668
686
636
646
686
640
674
694
704
636
696
704
712
764
704
648
700
706
726
710
666
690
708
702
732
724
702
746
668
640
688
658
618
658
690
702
808
754
724
790
780
750
684
702
716
716
712
658
676
690
704
726
674
696
708
782
678
628
646
710
722
722
668
704
756
752
706
708
686
724
678
706
682
716
756
782
758
754
712
768
714
668
690
686
694
728
666
706
700
722
674
708
740
766
760
696
718
740
698
652
646
714
710
692
718
674
690
748
714
672
664
750
720
712
680
684
712
704
692
626
612
634
676
724
678
672
736
736
692
698
668
700
714
658
612
634
628
682
666
668
690
696
646
622
678
704
684
730
672
656
688
726
760
766
716
746
764
778
744
682
712
726
732
788
728
724
748
762
742
764
658
736
742
746
734
686
682
770
778
758
742
686
690
738
722
728
686
712
720
726
686
654
674
690
702
774
726
728
728
718
728
674
694
688
718
734
714
654
644
698
710
686
668
636
670
660
648
644
632
660
664
684
650
648
676
686
700
670
636
656
672
680
738
688
656
696
718
734
730
680
662
696
698
680
664
668
696
712
678
640
642
670
648
638
646
616
690
708
708
682
632
630
632
630
674
648
628
664
698
734
778
654
824
750
748
710
678
650
674
708
558
846
702
668
692
718
714
730
686
686
704
714
718
788
788
766
714
690
684
676
640
678
662
626
580
630
648
722
520
858
808
794
724
692
696
700
680
626
676
650
674
734
650
644
706
736
690
634
666
680
728
714
658
664
682
674
716
750
806
816
780
758
720
704
736
684
648
658
580
680
674
622
658
660
696
744
758
690
642
656
666
684
710
658
660
676
694
744
708
666
668
780
738
788
776
744
736
762
774
740
692
688
752
746
736
696
698
718
774
724
672
696
754
744
686
690
750
754
762
780
682
676
678
742
710
670
674
698
682
662
598
604
626
640
622
622
592
552
592
526
570
622
660
694
712
742
718
720
766
752
762
746
686
654
712
730
764
842
802
748
776
808
798
796
758
744
716
686
684
688
652
670
646
656
686
766
764
766
738
700
664
674
696
722
744
716
680
724
708
730
672
660
618
614
732
564
592
636
634
652
524
566
714
816
798
766
776
770
734
674
648
720
706
720
708
696
708
758
792
814
746
664
634
656
626
602
620
574
562
524
564
580
590
588
586
558
588
554
568
616
646
616
606
602
542
578
542
574
546
536
518
562
536
560
560
576
574
560
582
580
612
602
618
664
618
626
700
732
772
764
800
760
730
670
636
620
636
648
696
702
676
692
720
764
786
760
704
672
668
648
630
634
664
642
666
740
828
696
696
622
582
616
628
686
818
840
836
858
838
820
860
814
740
718
710
752
668
636
612
664
684
800
870
838
762
792
790
762
734
686
756
754
698
724
728
752
740
724
662
684
724
780
770
802
780
766
724
652
646
696
656
640
626
670
632
630
702
682
714
726
702
638
622
628
642
588
618
638
658
690
758
734
684
744
756
756
788
710
706
696
754
732
770
794
790
742
740
732
786
748
712
706
664
662
626
600
684
732
828
770
672
710
720
728
758
714
730
774
786
774
708
736
788
790
740
690
698
790
760
734
710
734
758
760
702
704
736
778
746
710
644
714
688
636
646
612
636
604
606
646
666
676
702
662
614
638
644
640
630
680
708
736
750
708
708
690
750
726
710
686
714
732
820
798
784
782
796
720
734
750
748
702
718
730
780
704
656
704
746
844
848
820
800
818
790
708
704
728
696
756
712
724
742
704
634
624
692
742
766
784
784
720
648
732
724
718
698
736
696
672
676
696
696
702
718
700
668
616
682
686
780
858
878
824
824
802
756
674
672
638
684
686
706
714
684
648
696
702
678
648
710
710
772
738
676
680
634
626
648
676
722
796
830
810
710
672
664
672
670
700
724
694
700
696
704
748
690
662
714
684
688
750
738
748
758
862
814
778
722
688
750
766
794
734
758
688
674
638
634
640
626
606
594
632
600
676
686
704
684
730
690
758
718
730
720
746
732
778
702
740
750
760
748
712
698
722
684
658
602
618
632
658
690
682
716
758
780
724
740
726
740
744
706
704
678
718
716
724
692
722
714
710
646
608
672
666
686
712
688
690
708
746
702
706
624
674
660
664
650
632
626
706
714
716
668
688
712
744
752
690
728
718
706
678
694
634
636
644
658
718
680
724
752
774
760
728
678
660
672
682
686
720
690
704
678
678
612
664
604
644
608
678
698
770
792
808
692
680
700
712
718
674
720
732
768
768
750
746
692
728
690
726
748
792
762
728
762
756
716
716
640
662
648
706
712
790
752
686
766
756
764
746
718
748
760
822
828
778
792
750
746
616
752
672
674
678
732
780
808
614
854
756
762
730
680
732
712
726
730
700
686
730
748
760
712
752
762
790
762
754
774
718
738
746
716
728
766
642
656
630
676
700
750
704
892
752
782
668
940
750
716
750
778
724
742
720
726
762
614
834
744
774
784
790
704
730
720
696
672
700
630
644
684
714
816
798
740
878
796
684
746
706
724
716
732
678
664
730
762
724
690
766
750
746
726
720
790
786
772
718
746
774
760
726
720
728
784
736
732
718
764
736
760
712
740
764
722
676
742
752
744
664
754
750
778
754
730
734
636
840
672
702
756
746
784
596
922
520
590
746
710
710
692
646
656
706
692
760
718
714
874
600
722
718
640
642
764
552
680
720
776
804
804
726
666
852
558
594
690
692
750
738
702
752
726
932
634
666
738
794
728
774
682
794
706
516
716
702
742
772
806
758
718
752
762
796
762
730
720
822
804
766
786
736
748
636
810
666
700
740
714
728
718
758
744
714
690
694
698
712
674
656
652
638
620
708
706
676
718
732
714
686
624
628
622
632
652
652
610
642
698
710
782
750
726
768
768
754
706
694
700
680
752
762
810
772
814
796
796
758
736
780
790
768
752
732
746
762
572
912
738
786
520
718
738
792
736
696
682
688
704
708
656
708
606
772
520
764
742
604
618
740
658
662
644
674
704
656
632
650
724
754
742
712
726
712
728
690
688
730
728
792
714
768
750
768
814
758
780
896
802
820
740
690
756
760
712
734
530
612
628
718
750
732
720
650
870
682
672
708
762
712
700
700
688
710
706
674
736
756
546
644
556
662
532
738
674
646
656
658
646
684
680
708
600
622
608
634
632
650
570
590
626
648
696
724
732
642
646
648
640
636
658
712
798
834
850
882
840
798
812
714
672
650
622
746
914
846
818
794
790
772
740
704
688
688
712
606
548
706
724
764
810
744
728
784
744
738
902
694
646
716
710
760
736
778
724
738
738
754
664
672
678
748
714
770
692
708
712
736
724
758
738
754
744
734
518
736
562
662
684
698
694
714
758
778
788
758
792
776
748
726
660
652
780
742
778
788
828
806
774
676
816
524
568
842
640
618
564
792
764
770
742
734
696
682
520
520
638
728
698
704
756
786
786
760
762
736
744
732
766
698
846
732
682
672
648
680
664
674
644
702
672
730
690
652
678
662
698
668
666
672
680
678
670
700
730
700
708
566
678
738
778
644
714
744
760
800
726
696
718
894
592
702
846
672
712
862
888
850
788
874
818
756
692
758
744
724
702
710
734
752
768
774
674
720
662
650
752
668
524
552
684
674
692
664
652
672
680
732
702
624
680
648
670
722
720
694
808
800
786
736
684
748
748
796
510
788
862
862
856
828
788
632
682
584
766
688
744
818
532
834
782
784
786
826
810
756
696
708
712
754
704
664
728
766
760
582
792
680
742
922
744
766
790
792
768
720
760
786
814
792
764
796
812
806
716
734
752
748
738
660
720
726
714
712
658
676
750
798
780
724
758
782
794
780
702
704
752
794
754
702
760
816
852
772
696
754
768
582
942
780
824
860
846
558
634
722
648
896
684
746
646
670
728
776
824
824
810
772
748
772
790
548
580
638
658
734
766
744
686
758
762
800
712
706
762
764
724
698
756
792
748
742
722
810
816
782
792
780
798
792
774
508
738
758
792
746
734
766
738
684
684
724
756
816
774
510
612
692
624
844
698
738
722
672
622
670
646
692
656
648
694
762
574
812
766
782
742
762
676
734
716
686
596
688
728
752
740
700
912
542
706
780
802
740
686
776
752
700
682
872
750
766
826
770
760
762
740
692
774
812
812
752
702
698
650
764
648
664
692
714
678
658
704
606
624
630
572
526
688
732
728
760
764
690
744
760
732
756
672
762
788
770
736
516
632
798
738
730
768
804
798
752
762
784
780
772
728
752
820
814
740
706
786
816
800
794
502
794
782
718
682
654
678
674
718
718
660
