# R wave intervals in milliseconds per line
# start time: 2015-12-02-18:01:10, 1449097270.71
652
680
728
688
732
762
788
718
786
798
826
772
796
798
816
770
730
746
726
704
692
706
734
740
706
620
648
650
658
726
740
732
780
810
792
764
760
746
744
754
752
704
686
700
716
726
718
706
662
696
678
686
684
670
678
724
742
760
728
736
774
766
738
696
700
684
660
626
644
676
736
726
734
800
812
812
754
770
764
748
696
712
726
730
704
768
736
682
676
696
686
708
682
726
744
728
680
668
674
674
662
672
716
770
810
784
762
806
760
644
612
626
702
732
768
786
772
750
736
682
696
680
664
656
650
632
644
658
690
722
762
736
602
656
676
702
742
760
762
772
772
738
776
728
698
708
678
658
630
650
614
672
684
724
732
724
748
778
792
752
732
724
732
742
732
764
720
734
674
672
674
676
690
718
722
694
686
718
732
720
672
646
684
704
712
662
676
710
732
718
682
718
716
718
698
652
676
690
686
694
674
662
710
718
706
648
644
658
668
672
676
708
686
732
750
796
706
674
694
704
710
682
638
640
668
686
676
668
636
608
640
632
636
670
666
666
692
726
702
678
676
698
706
718
716
728
726
710
666
662
632
646
676
724
736
680
640
672
670
682
668
714
708
752
736
698
626
652
668
670
684
704
746
724
730
714
698
692
702
708
718
730
736
736
744
708
686
692
692
708
716
718
700
646
640
678
666
660
674
720
756
756
722
704
722
710
670
680
694
694
658
672
704
738
670
620
620
620
834
828
796
782
772
716
716
696
692
696
698
676
694
702
682
714
716
722
702
626
588
618
582
656
678
720
708
694
694
712
720
710
718
718
714
704
694
682
674
672
672
674
678
682
666
676
656
640
610
666
654
690
728
748
762
778
748
742
732
722
696
680
658
630
644
666
686
728
730
690
680
700
712
698
644
684
690
692
694
674
636
648
642
626
590
596
628
754
788
800
806
810
796
752
726
702
694
680
666
656
656
650
680
682
666
654
672
702
740
762
778
778
772
744
712
684
664
652
660
646
622
618
632
650
624
602
612
610
604
626
614
636
650
676
682
708
702
680
658
674
692
692
694
684
696
674
662
686
688
680
652
614
662
664
680
694
694
676
688
702
694
662
680
662
666
670
658
650
632
654
688
720
714
640
628
652
656
642
668
690
708
752
672
692
684
704
712
690
676
706
728
752
762
746
718
738
752
760
762
684
668
674
674
700
734
772
776
746
752
776
748
722
636
656
652
664
688
714
742
782
788
772
728
722
738
714
678
670
676
674
680
708
758
796
756
786
752
770
712
720
724
724
692
710
696
724
728
718
702
718
736
718
670
640
652
638
640
638
698
754
776
792
756
784
798
772
716
652
698
714
734
714
756
796
822
826
802
818
828
820
768
722
768
774
780
770
702
722
742
728
714
646
622
682
716
776
804
766
768
768
724
662
674
714
740
796
812
770
776
764
778
762
760
746
710
708
754
732
696
652
652
692
724
758
760
766
802
830
832
818
806
786
732
738
694
636
662
680
720
748
756
720
716
714
700
672
660
664
692
720
692
688
796
794
782
768
730
720
730
728
728
714
698
704
722
736
724
676
638
654
654
644
704
700
690
688
704
700
688
702
694
678
638
622
630
652
692
700
664
698
720
686
662
712
718
752
790
810
804
772
760
776
778
770
764
738
754
744
732
702
712
728
696
680
724
754
776
756
782
796
790
728
724
768
762
788
712
700
756
734
688
652
698
720
776
708
624
618
738
774
820
826
818
798
772
752
740
704
744
700
710
702
702
710
712
716
722
730
724
728
726
714
708
682
716
708
716
716
682
642
636
648
652
714
736
722
742
714
736
730
736
744
752
746
692
694
708
706
700
684
694
698
