# R wave intervals in milliseconds per line
# start time: 2015-07-19-16:26:34, 1437337594.89
824
782
744
710
698
692
602
628
614
664
664
670
638
680
626
584
610
624
648
628
592
612
638
652
638
602
616
628
622
590
592
616
644
650
614
600
620
628
584
558
578
826
854
512
738
956
574
518
528
542
570
580
618
618
586
576
590
550
560
594
616
620
608
568
608
614
616
606
574
596
604
610
616
594
620
652
668
640
636
656
674
642
606
608
628
644
648
622
626
644
654
648
630
656
682
652
612
594
618
628
628
604
612
636
646
628
602
608
626
636
624
608
642
660
636
616
628
654
638
616
620
634
628
596
588
606
624
612
602
626
652
658
622
606
614
606
610
576
580
578
572
568
568
582
588
626
658
690
666
622
632
648
648
620
588
608
614
612
580
594
620
644
644
618
636
658
670
644
622
642
654
648
622
608
628
654
642
632
644
684
716
670
662
698
710
686
646
646
642
628
586
586
598
602
626
630
622
658
688
730
712
664
658
650
642
626
636
656
676
692
662
634
648
672
674
658
628
606
624
642
662
694
656
628
652
668
674
638
604
614
630
640
662
662
628
618
622
620
592
584
600
626
652
622
598
612
618
636
616
616
632
638
630
600
604
612
590
576
592
602
616
620
600
600
620
634
648
638
620
634
640
634
634
610
612
624
638
648
620
622
634
640
644
622
612
640
656
664
644
640
654
658
648
618
618
634
646
640
610
602
600
612
626
622
608
612
634
648
642
616
628
652
658
650
624
618
626
620
608
600
624
652
660
628
620
648
658
650
620
618
634
636
616
600
622
642
648
626
618
638
656
664
654
658
664
658
624
610
636
646
650
644
618
630
648
666
678
658
624
644
648
634
610
600
612
624
624
606
600
620
622
616
600
596
614
626
638
632
614
628
648
652
632
600
628
632
630
604
588
614
634
630
592
576
576
570
562
564
598
646
628
654
676
678
682
646
630
648
648
632
600
580
582
596
620
642
628
606
602
608
622
612
608
632
654
666
642
618
634
632
634
608
598
602
608
628
626
626
658
698
728
706
684
684
674
642
612
612
622
620
630
622
636
666
700
682
664
708
720
732
676
624
610
624
638
620
596
584
586
600
632
648
664
638
612
636
654
652
640
624
612
626
638
648
638
612
620
630
646
646
622
632
658
682
682
660
676
682
662
626
600
596
606
616
644
654
636
622
618
638
650
640
616
616
628
634
622
598
598
602
618
612
612
628
642
640
626
650
648
632
608
612
616
618
592
586
584
594
586
582
610
650
684
656
624
646
660
658
634
630
676
698
696
648
606
622
628
626
628
588
616
634
668
718
746
704
678
686
678
666
632
622
642
660
672
654
616
608
620
626
630
638
630
624
650
656
670
674
676
646
656
646
640
616
602
610
638
660
668
652
676
702
710
674
650
674
666
656
630
612
624
638
660
654
632
624
642
636
632
604
592
606
622
636
624
588
582
586
580
578
572
574
588
624
716
802
778
778
782
774
770
740
670
650
644
646
662
660
674
674
664
646
618
612
618
620
644
670
662
644
642
662
684
664
622
620
624
624
624
612
612
626
646
650
652
622
612
620
628
628
614
592
576
592
582
582
574
594
620
638
620
618
640
650
664
636
602
612
620
610
610
598
600
624
642
656
652
626
638
648
648
626
596
590
592
610
608
598
582
566
562
574
778
820
792
752
718
686
666
656
638
622
588
586
594
618
614
602
620
634
656
658
642
628
628
620
616
616
612
612
598
600
598
596
580
582
596
604
616
614
614
632
648
656
640
620
628
624
608
586
576
586
592
602
588
582
602
626
668
692
672
618
602
602
608
612
616
618
592
578
592
592
604
592
584
576
590
582
562
562
580
600
632
646
614
582
586
590
590
608
620
626
604
570
578
594
602
620
646
670
672
660
666
650
624
604
582
590
590
590
592
574
596
608
646
684
712
726
680
620
620
620
620
620
618
596
574
594
612
626
640
638
624
596
590
604
618
646
670
668
628
606
628
626
612
588
600
616
628
626
626
602
604
616
618
624
610
620
622
608
610
604
602
612
624
616
608
614
622
632
636
620
638
646
642
612
590
592
598
590
588
574
560
562
564
578
614
624
616
614
620
624
618
596
580
624
602
588
566
570
580
600
626
654
656
620
622
610
610
596
578
584
594
584
588
586
576
596
608
590
584
594
612
608
590
604
620
638
636
630
598
598
620
630
650
654
638
636
656
670
674
672
632
624
646
662
658
630
606
618
636
658
672
660
634
648
658
672
678
646
622
622
628
626
606
582
610
622
638
634
626
652
662
642
604
582
578
596
614
632
608
608
642
682
716
684
652
644
642
658
658
670
662
636
626
628
622
624
612
606
608
612
642
674
702
716
684
640
630
636
638
624
606
598
606
608
616
618
600
606
620
636
652
634
636
642
638
624
596
600
614
620
620
594
564
550
572
574
592
604
598
586
566
562
572
582
618
648
702
722
702
684
640
640
648
656
636
610
614
616
618
624
626
620
640
676
708
706
658
648
668
680
664
626
624
644
652
642
624
620
628
658
688
710
666
624
620
632
652
666
680
674
638
638
664
644
610
602
624
644
686
692
660
638
646
646
652
642
624
636
660
676
670
652
614
610
620
628
630
638
664
684
696
676
670
674
670
664
636
616
618
616
612
604
594
612
646
682
710
726
704
684
682
666
656
638
642
644
638
634
610
628
664
706
722
692
704
720
716
672
660
664
636
626
624
644
644
630
606
628
620
618
590
580
592
608
608
600
580
606
616
636
614
600
602
614
622
638
624
600
598
602
620
642
668
654
672
700
708
706
674
632
638
640
652
658
640
632
660
678
682
658
620
632
648
660
654
608
618
642
662
674
692
690
678
656
634
620
646
662
676
672
642
608
612
632
630
642
608
614
636
610
590
590
594
586
598
630
670
714
732
706
656
624
630
618
604
580
566
582
618
592
604
602
630
640
634
616
630
628
624
602
580
586
594
602
604
610
596
590
606
620
634
640
622
612
644
654
652
652
662
646
610
606
604
624
650
684
680
648
620
616
618
630
638
634
622
628
640
636
636
610
594
600
596
592
584
594
612
628
636
614
604
626
634
632
612
592
610
602
604
578
582
596
600
566
554
568
586
612
612
600
614
614
602
598
606
606
602
580
574
586
592
600
586
578
600
614
622
630
616
602
612
626
616
612
582
574
568
554
576
618
662
708
732
724
674
640
634
634
634
624
604
616
646
678
684
642
634
662
678
666
638
604
612
628
646
668
678
646
640
658
660
660
644
628
654
664
672
648
602
618
630
642
646
626
632
670
692
688
660
658
656
630
608
590
590
616
662
710
724
672
716
692
686
672
636
614
620
638
654
674
686
692
664
646
670
668
662
662
650
642
674
682
688
674
652
652
662
692
702
670
640
646
656
654
652
672
684
688
666
644
658
690
700
688
654
624
616
636
658
676
670
634
652
646
630
588
584
600
616
636
628
612
636
658
676
642
598
620
638
648
644
620
628
638
642
644
650
624
620
638
650
646
650
634
610
620
606
602
608
636
650
626
638
680
704
726
702
668
696
696
692
672
640
658
652
646
612
604
624
612
608
636
646
568
590
588
604
604
600
582
596
614
620
618
610
592
614
642
662
664
678
712
728
714
660
646
662
662
662
626
608
614
634
670
714
722
688
656
654
668
680
676
656
670
694
698
704
686
644
636
660
670
664
648
684
730
748
708
660
636
652
652
616
584
578
590
614
650
650
628
598
614
610
624
646
648
614
624
634
630
630
612
586
598
622
640
658
654
640
636
658
672
676
642
642
670
678
680
670
636
608
618
630
646
652
648
642
682
706
728
710
696
712
706
688
658
648
644
638
634
614
594
602
626
686
696
662
672
698
694
656
620
646
658
652
632
622
640
664
664
632
630
646
662
642
618
614
630
630
628
602
614
646
680
708
702
674
698
700
696
656
622
630
640
656
660
640
642
660
670
644
646
654
664
648
620
628
644
648
630
626
638
648
640
624
634
660
686
678
646
646
674
680
668
630
612
644
648
644
632
634
664
678
676
650
642
662
668
666
636
640
658
660
640
616
634
650
654
646
622
612
632
644
636
628
640
678
678
648
622
628
644
644
614
594
596
592
586
592
622
654
648
634
648
648
608
590
594
596
596
590
616
682
754
754
706
706
710
688
646
622
632
642
648
650
654
688
708
708
672
654
660
668
660
634
638
644
654
644
642
684
702
692
652
656
682
694
660
644
682
684
656
620
612
634
650
650
626
618
636
660
658
632
632
658
662
646
624
634
656
660
646
622
614
632
646
634
612
610
624
646
640
620
610
620
638
666
664
642
648
660
658
630
610
620
624
622
616
634
664
702
682
684
702
698
656
632
652
658
656
630
628
626
622
594
586
602
640
686
690
668
716
738
736
682
638
640
666
694
686
686
706
714
690
658
658
672
694
684
656
620
612
622
620
610
604
616
646
658
646
650
676
690
658
634
644
658
666
638
620
642
660
666
650
644
672
692
680
658
662
680
684
648
618
618
638
656
640
624
648
672
692
672
666
684
672
626
604
618
632
654
644
620
602
598
604
600
586
608
626
656
666
654
640
654
652
622
598
618
630
648
652
628
608
636
670
690
694
684
680
634
604
606
614
630
664
682
668
684
730
756
774
706
682
676
676
672
648
648
648
634
640
670
696
716
690
654
678
694
664
612
634
616
606
598
592
594
610
604
604
604
638
674
686
666
630
634
630
628
596
588
584
620
658
712
700
650
662
694
708
714
684
638
638
672
684
700
684
654
672
684
688
702
696
670
696
706
702
676
622
628
640
660
698
690
682
706
730
712
652
666
678
680
650
620
618
634
646
650
634
628
654
680
692
662
618
630
636
620
590
606
646
718
794
760
726
752
754
732
664
642
660
664
678
664
650
682
714
710
688
650
638
656
658
648
640
658
686
704
696
650
662
670
664
642
616
596
648
630
630
606
604
626
652
678
670
636
656
670
670
646
616
640
652
666
670
626
636
662
666
658
628
648
678
696
682
650
644
666
654
648
636
642
654
658
652
644
652
690
706
716
688
648
650
662
666
662
636
632
650
660
650
622
612
628
634
628
606
588
568
578
600
638
678
674
652
676
676
666
646
624
620
626
630
628
608
592
610
644
674
676
652
686
706
710
702
658
622
640
648
668
674
650
658
674
684
662
632
644
660
652
630
612
638
650
656
640
636
648
652
630
612
630
642
648
644
622
618
630
634
630
602
620
644
656
648
632
646
654
658
636
610
634
632
618
608
598
624
654
652
634
644
670
648
640
672
692
678
642
628
652
676
682
660
660
698
728
696
660
620
626
644
670
684
660
650
662
672
652
610
580
570
592
700
786
768
728
668
628
634
632
624
628
634
608
590
598
590
586
582
586
596
622
638
652
658
664
664
656
648
638
636
634
630
634
636
632
634
636
644
628
608
614
622
628
632
630
616
628
650
670
652
622
634
648
656
636
602
604
618
624
618
590
584
600
624
634
614
616
640
656
666
636
650
654
656
628
604
618
614
624
632
620
624
662
682
698
662
654
672
670
668
644
634
660
668
688
642
658
646
656
656
640
620
630
646
650
674
638
610
622
634
638
630
618
638
662
684
688
652
654
666
658
652
624
612
626
628
630
622
628
656
678
680
638
628
646
654
638
612
630
632
644
634
608
600
604
606
606
602
608
636
682
726
714
726
750
750
712
696
712
720
700
646
600
606
608
592
576
580
608
632
678
704
712
674
672
700
700
704
688
626
628
638
640
640
620
592
590
606
616
624
618
618
626
654
682
692
684
642
612
626
628
624
618
604
600
618
630
646
648
624
640
652
658
652
626
598
604
622
636
640
632
620
648
660
674
644
620
646
658
662
632
598
610
624
644
634
608
616
630
628
616
588
602
618
650
678
666
642
670
672
678
654
624
616
644
662
676
678
640
658
670
672
654
616
600
610
622
620
602
608
628
648
654
622
618
626
620
596
582
590
602
598
580
574
576
580
594
624
638
624
644
674
700
704
664
652
666
668
666
644
612
618
630
634
642
620
604
608
666
646
626
604
632
640
630
600
594
608
620
632
628
610
640
646
650
656
630
640
654
656
644
622
636
660
680
698
670
654
686
696
696
666
654
684
690
692
662
660
678
696
688
656
674
706
710
680
656
678
698
718
704
670
638
654
662
660
634
606
626
646
652
628
620
614
614
600
618
616
592
608
630
652
624
594
606
624
638
646
622
600
618
630
634
640
618
606
616
638
660
652
630
648
676
704
704
668
652
682
692
694
676
662
676
680
678
658
650
686
702
714
688
668
694
688
680
648
646
678
696
720
700
680
684
676
644
616
638
668
682
662
662
710
728
702
654
646
660
674
648
626
652
674
682
660
644
664
686
670
638
634
660
668
640
610
626
638
660
652
624
626
650
666
656
634
632
646
658
652
622
620
630
634
622
602
608
622
640
640
618
628
642
652
658
634
624
646
652
660
654
630
606
616
626
610
594
574
572
574
558
548
536
536
552
524
946
504
504
514
514
522
530
510
506
518
534
556
592
628
608
582
612
622
640
646
656
634
614
600
602
606
630
652
684
660
644
644
638
632
626
606
604
602
608
612
574
558
544
558
582
622
680
686
646
614
624
630
626
598
568
572
584
604
670
640
604
612
618
624
642
614
664
680
656
636
596
558
554
566
568
578
598
622
636
622
640
680
668
682
732
754
746
702
642
634
660
662
682
670
650
656
640
648
646
616
606
594
636
680
738
724
662
654
670
678
682
648
614
626
654
680
716
688
644
640
660
668
648
620
632
678
746
756
676
642
678
692
674
634
620
628
648
694
660
628
634
662
692
688
640
596
596
596
600
600
592
584
576
588
638
724
778
766
742
732
726
714
690
670
648
636
654
658
662
636
642
656
692
714
720
692
686
680
678
658
628
632
662
676
654
648
680
700
702
650
618
646
642
642
624
626
650
688
702
654
626
634
618
596
568
560
558
554
550
552
554
540
578
626
660
652
682
684
668
634
608
606
594
592
594
572
572
600
618
642
634
602
600
600
630
654
676
654
614
620
634
650
654
622
622
650
704
710
666
668
690
698
662
624
622
624
624
598
582
596
646
710
764
740
740
784
772
726
682
682
686
662
626
632
656
682
678
650
666
692
686
650
622
636
618
594
590
608
658
714
698
686
736
756
726
682
694
696
680
646
628
650
672
670
638
602
620
646
642
604
592
596
596
590
582
574
590
618
610
586
588
598
630
674
730
714
652
630
624
636
632
618
614
604
596
606
616
644
666
722
762
740
678
656
620
624
592
590
582
570
578
604
650
696
698
664
648
674
670
674
668
640
628
634
648
670
670
644
604
606
640
644
646
630
642
666
688
690
658
622
622
638
620
616
632
652
678
698
672
632
626
622
604
590
582
570
562
548
542
544
580
654
678
636
646
666
676
646
614
620
632
652
668
644
636
662
680
692
676
630
612
622
620
614
622
652
688
700
648
650
644
624
618
622
632
608
604
628
646
654
614
582
588
596
606
612
604
620
642
624
608
632
626
606
600
634
672
704
712
702
662
632
642
646
674
670
686
736
772
780
766
740
754
754
742
712
668
662
680
702
700
656
622
648
698
726
720
694
638
634
644
636
650
666
654
670
690
694
670
632
652
658
668
666
636
618
628
628
632
622
624
652
682
694
662
722
774
800
776
708
648
624
634
656
668
684
658
632
624
630
634
628
608
606
624
636
662
666
630
606
602
604
608
602
600
622
656
680
668
642
660
676
684
664
630
630
644
648
642
618
606
616
604
616
634
646
658
642
622
626
594
568
554
586
646
672
720
742
744
684
620
612
600
616
598
598
634
696
724
756
760
756
738
718
708
702
704
706
716
730
736
724
720
714
702
666
658
680
700
702
720
690
636
644
670
674
668
640
630
676
704
708
662
634
670
680
652
598
598
608
616
636
648
622
602
626
638
674
702
724
758
722
742
728
748
732
706
674
660
662
662
656
640
640
660
672
682
662
660
704
748
772
770
744
682
670
680
694
686
656
650
676
704
716
692
670
692
702
680
636
640
656
660
702
648
642
620
608
612
620
602
590
590
602
608
594
582
598
618
656
696
686
672
690
676
656
624
600
590
584
602
684
780
826
770
720
726
746
724
702
654
648
652
652
650
634
622
620
598
596
634
662
682
646
628
618
596
624
624
608
604
584
576
556
556
558
544
536
542
556
564
584
598
596
614
640
680
704
702
660
648
664
694
688
656
614
622
628
622
612
728
672
678
680
650
626
666
714
754
730
664
620
624
630
632
632
626
610
626
662
734
754
698
674
708
742
750
698
622
622
620
616
624
596
580
600
656
716
760
720
662
642
632
616
614
648
658
636
626
634
714
768
768
764
700
656
678
684
678
676
650
628
642
670
698
718
712
666
684
678
674
678
636
608
624
654
696
732
744
716
724
714
694
652
622
626
634
638
632
630
692
748
770
740
706
722
718
698
664
652
674
692
676
644
638
658
678
666
654
678
710
732
696
660
692
706
700
658
646
682
686
682
656
662
696
700
672
622
624
642
628
628
662
680
646
610
630
642
652
652
632
636
668
688
714
678
660
712
690
670
666
640
644
648
644
646
634
624
626
632
662
696
698
660
636
634
624
604
572
584
572
574
556
544
546
556
564
572
574
554
554
554
560
558
566
560
544
530
546
532
540
552
570
576
578
582
594
614
634
644
620
598
598
610
604
592
580
580
588
612
616
606
606
618
616
608
604
618
612
596
578
574
586
578
572
586
594
596
606
566
566
572
560
562
576
588
604
610
598
608
620
632
620
602
606
602
606
626
650
672
652
648
682
704
688
638
628
658
664
678
684
662
626
640
648
642
612
618
632
658
660
646
650
658
646
622
606
612
640
670
692
666
640
642
698
724
720
668
632
644
674
704
720
712
688
712
720
682
648
650
646
630
622
674
720
754
760
728
662
634
620
648
672
698
710
690
654
658
678
706
734
710
654
634
630
658
692
724
738
728
708
656
638
644
656
672
670
652
678
706
714
716
688
644
642
638
640
636
610
606
620
634
656
654
618
638
654
662
678
648
630
644
642
630
616
612
644
666
684
664
640
664
680
680
656
638
662
682
672
666
626
642
650
648
634
626
662
688
680
662
710
732
726
680
676
672
656
628
598
594
580
584
604
668
674
698
746
768
730
668
686
700
700
664
606
594
602
624
658
686
670
664
676
664
634
618
602
618
660
700
696
666
690
706
694
682
650
630
650
660
682
678
658
678
722
710
664
626
642
664
688
700
726
718
690
712
716
698
682
658
684
704
712
706
678
682
686
688
656
618
652
692
724
732
690
716
744
746
700
640
610
622
614
614
600
588
606
632
658
632
616
620
618
616
592
562
546
556
558
562
554
548
538
536
528
520
526
540
558
572
568
592
588
626
624
604
598
598
596
610
626
638
654
640
616
582
572
584
640
806
866
846
836
806
758
722
708
700
682
646
654
686
712
704
660
676
700
706
688
652
606
608
608
620
602
598
610
634
716
740
726
722
746
740
694
662
682
712
738
754
710
702
726
724
712
680
642
654
670
664
640
648
690
676
636
616
622
652
636
614
616
640
678
698
688
650
608
610
632
640
620
614
642
674
686
672
630
600
594
576
564
556
550
542
528
544
586
652
706
690
652
636
636
660
690
736
740
730
690
636
656
682
708
744
754
728
672
690
674
626
580
574
574
564
562
578
626
634
600
610
634
664
714
694
656
660
672
682
690
666
636
652
660
678
692
702
666
696
724
716
672
626
598
594
624
666
724
712
720
722
684
632
618
624
638
658
686
698
672
690
680
686
672
628
618
622
622
624
610
588
576
580
572
586
596
598
580
582
576
574
584
574
574
576
560
548
548
542
538
554
544
536
540
542
534
536
542
536
528
532
542
530
544
570
562
548
552
556
562
548
554
564
562
536
534
546
560
552
568
620
634
628
640
640
660
682
704
638
610
582
580
578
578
586
582
594
584
584
598
590
566
558
552
546
556
578
608
596
624
648
606
588
602
624
630
624
582
566
572
588
616
624
584
558
592
604
580
584
584
564
566
578
578
552
538
544
546
532
518
522
528
536
536
528
546
562
568
548
556
588
574
536
552
566
546
536
554
540
510
512
520
522
536
526
502
522
544
574
590
562
536
558
564
556
544
572
552
530
522
536
538
528
534
530
530
554
546
530
540
552
568
578
602
632
672
694
670
630
592
584
586
594
642
702
754
692
640
618
606
618
628
648
702
688
730
738
698
666
664
990
660
644
702
736
730
680
672
676
658
634
614
658
712
764
768
730
754
772
732
666
660
684
702
658
618
630
676
716
696
668
706
770
808
772
694
708
708
714
646
604
600
622
640
630
626
678
742
796
780
710
696
702
698
662
652
690
708
730
736
686
684
736
730
738
686
638
606
608
612
644
684
676
654
624
616
642
648
710
728
698
650
668
682
684
662
612
606
622
648
674
672
664
716
734
738
674
632
656
644
654
624
606
624
664
732
780
750
684
694
668
630
598
588
594
606
642
658
646
650
700
720
710
660
664
694
704
672
640
650
634
646
634
610
618
642
686
752
776
730
684
648
620
612
634
668
678
650
644
692
716
670
652
664
664
664
660
644
618
624
638
642
640
604
578
580
564
560
562
572
594
620
628
592
584
578
598
610
622
636
616
602
604
622
634
648
642
620
598
612
608
598
592
616
650
632
630
628
628
626
620
606
612
630
626
612
602
608
618
642
666
654
634
654
664
656
632
634
640
634
608
584
584
586
588
592
592
590
596
618
620
600
594
610
624
642
# end time: 2015-07-19-17:17:25, 1437340645.51
