# R wave intervals in milliseconds per line
# start time: 2015-08-26-18:56:01, 1440629761.41
640
614
594
666
748
764
740
758
756
1334
800
676
708
618
682
680
682
696
686
676
574
716
668
746
712
676
758
710
710
720
692
676
718
692
684
690
702
648
688
668
660
654
692
692
706
768
794
804
746
734
758
734
716
676
702
732
768
772
736
734
728
700
670
634
620
646
676
730
752
742
736
720
716
694
698
736
764
770
744
710
742
764
772
734
714
732
738
734
688
702
728
748
734
714
728
738
704
668
700
712
700
680
710
750
780
746
722
746
756
766
744
712
728
740
746
754
730
724
728
734
746
716
698
676
652
654
680
772
770
754
788
794
768
702
690
708
726
696
676
704
756
774
748
708
732
752
760
734
726
766
792
774
724
740
732
710
676
678
656
646
650
650
640
646
686
724
750
716
734
758
766
746
714
720
712
720
682
662
682
716
708
686
700
722
712
730
780
818
818
778
766
764
740
710
698
726
764
772
786
824
838
796
786
808
792
774
820
826
808
750
738
748
752
716
712
722
722
716
708
752
770
740
736
752
764
714
690
720
738
732
692
706
740
752
754
726
746
758
756
726
698
720
738
746
746
782
788
750
728
756
776
788
746
764
772
772
738
738
722
708
712
688
684
714
742
728
700
730
762
790
774
780
774
742
690
680
660
644
662
700
730
784
838
830
786
730
742
760
770
734
740
770
774
740
770
802
780
716
698
728
740
714
680
712
744
756
722
706
712
708
682
682
706
728
756
738
734
750
746
688
674
668
678
676
666
702
740
770
760
718
732
744
742
698
696
724
730
744
708
696
710
724
754
740
724
770
796
794
752
742
748
746
722
702
700
740
772
758
732
752
774
788
750
760
786
796
744
732
746
752
744
704
722
740
754
722
720
746
768
766
702
714
702
702
674
650
642
700
766
798
752
778
802
792
756
698
706
722
738
762
738
758
796
804
746
730
760
784
754
750
780
794
762
728
750
762
776
744
720
754
782
794
746
730
752
774
786
746
736
750
742
716
702
730
744
756
718
722
732
706
664
674
698
728
710
718
742
768
722
702
732
750
744
702
688
714
736
698
650
638
672
704
748
784
808
762
744
750
752
744
732
700
712
734
762
770
752
758
766
754
730
722
716
680
680
710
756
778
756
810
834
844
828
788
792
780
756
710
726
726
694
654
664
702
738
784
746
754
788
778
734
698
658
652
628
648
706
756
790
772
778
810
816
766
706
724
752
756
738
770
818
836
778
770
792
800
746
712
730
732
708
676
720
750
774
744
734
776
776
732
682
694
726
758
754
742
772
784
776
744
766
790
786
756
726
748
754
750
724
752
780
790
740
730
752
754
746
716
760
798
796
748
730
742
748
734
690
712
744
776
742
748
726
700
708
714
726
686
694
714
730
696
692
730
760
778
738
730
760
764
744
720
746
762
770
736
710
740
752
736
712
738
748
748
710
682
684
656
650
680
710
700
740
786
816
776
776
806
800
754
718
740
740
722
704
740
792
840
808
790
818
822
768
714
726
736
732
702
692
716
722
710
678
702
738
768
760
722
700
712
712
698
682
714
754
772
754
716
744
758
756
748
702
690
732
762
784
750
744
768
764
738
748
792
808
802
744
716
724
714
714
692
698
734
766
752
754
796
822
820
772
756
782
782
770
714
714
720
734
708
682
722
746
734
704
718
742
738
696
700
726
758
750
716
744
754
722
690
706
722
738
716
692
714
732
730
696
678
716
740
736
694
644
646
720
776
806
784
736
744
740
728
686
624
666
650
634
636
664
730
806
798
760
776
782
780
776
738
744
764
788
788
766
806
830
830
778
776
818
840
828
794
798
798
790
736
708
726
742
750
726
716
754
776
752
718
746
782
696
690
706
710
726
706
724
746
740
706
668
676
664
644
656
690
720
706
736
788
816
812
758
768
778
786
776
738
772
796
796
750
754
776
788
774
732
760
778
790
746
740
778
818
818
758
750
762
768
734
758
770
774
768
726
738
772
792
752
768
798
796
754
756
768
762
738
692
714
732
734
700
716
752
788
806
760
756
770
768
720
696
724
750
768
728
718
764
796
792
752
734
760
770
784
740
706
736
750
752
720
686
710
742
760
746
706
726
726
712
690
692
726
754
752
712
714
716
698
678
648
622
616
662
718
824
840
800
802
840
834
812
754
732
754
758
718
694
716
744
768
756
734
768
786
756
714
724
744
768
770
756
790
808
814
762
738
762
774
780
738
736
756
776
764
728
744
752
750
714
678
706
722
714
684
714
756
796
792
752
766
804
818
800
744
750
762
784
770
740
752
774
790
772
762
740
724
716
682
696
708
706
708
714
706
694
710
714
718
726
690
680
660
682
718
750
746
702
726
776
816
790
728
752
766
792
778
764
794
812
782
722
684
642
662
654
666
726
770
738
768
808
826
780
760
792
818
814
764
748
800
804
800
744
764
764
746
750
740
748
778
804
792
750
770
804
828
784
784
816
830
798
766
800
814
788
766
802
826
788
748
770
790
746
722
734
730
704
680
706
764
808
776
798
826
810
756
762
758
734
692
690
706
744
748
754
790
810
772
754
774
780
728
704
698
698
666
642
680
754
814
788
788
810
818
768
734
754
780
770
718
722
752
760
720
756
784
768
718
734
752
776
764
710
732
750
748
700
720
750
762
710
698
736
740
704
738
784
828
752
746
774
786
748
736
766
774
768
714
680
642
650
658
698
698
732
780
800
810
748
748
754
746
758
764
726
758
804
838
814
786
792
792
758
710
738
770
790
756
698
740
762
762
712
724
750
762
756
704
716
746
772
790
748
720
752
766
788
794
770
808
806
808
762
744
756
764
736
704
728
748
776
758
734
762
788
818
792
770
798
820
812
756
762
766
756
720
716
758
782
770
730
738
758
736
708
700
668
640
638
678
724
766
728
724
760
788
780
726
720
764
780
776
722
724
748
776
760
748
748
702
724
756
784
760
766
798
834
826
756
760
784
790
758
696
732
758
772
732
768
788
792
736
732
742
762
744
720
762
772
762
760
730
688
666
686
732
806
816
810
748
764
780
734
706
738
754
774
752
704
726
742
754
756
750
778
780
778
734
758
790
798
764
722
738
756
768
730
706
722
730
708
678
712
744
752
720
734
748
750
704
704
728
732
680
674
686
716
758
782
810
842
838
798
774
790
792
744
718
742
732
698
688
722
760
756
742
762
780
760
732
744
760
746
762
748
744
776
804
754
742
758
782
780
754
796
842
844
804
810
824
800
742
682
578
608
942
912
838
770
750
790
810
810
810
810
800
786
792
780
774
738
738
732
730
716
672
672
690
704
730
752
758
746
706
710
726
746
772
772
744
736
766
770
774
780
754
704
712
720
716
688
680
728
780
836
824
764
790
804
802
754
718
742
780
830
838
794
758
752
732
700
714
738
746
700
674
694
706
700
686
700
714
720
708
690
704
748
758
746
722
738
744
726
682
694
710
730
708
678
720
630
666
636
652
650
668
688
710
700
696
712
728
708
680
652
646
626
624
614
616
628
620
620
622
620
634
646
582
568
616
604
612
616
622
622
622
584
596
616
624
620
616
612
616
634
630
626
658
688
718
726
676
660
704
734
764
754
708
732
744
750
724
678
686
686
650
698
726
782
766
718
746
762
754
738
694
720
736
758
756
710
730
764
792
768
728
762
774
786
746
770
804
766
710
742
774
742
696
732
786
794
740
752
780
760
698
712
748
798
750
736
786
826
768
704
734
766
766
672
666
684
696
674
664
678
678
702
748
778
784
752
698
710
738
766
778
740
742
758
764
742
698
730
748
764
720
722
758
796
814
752
742
782
796
754
720
760
786
804
746
724
768
814
806
784
772
706
704
702
724
712
704
690
694
694
694
700
708
672
700
720
740
752
722
722
740
740
730
690
678
710
676
662
658
678
722
754
740
698
708
714
700
676
662
650
642
652
696
736
770
770
740
718
728
726
704
680
664
686
714
724
702
714
750
768
742
698
724
754
770
740
728
760
782
772
728
750
758
728
690
678
696
712
710
682
724
722
708
648
666
666
698
782
842
794
786
812
820
780
762
774
776
786
810
786
778
812
824
806
764
772
792
812
792
772
810
848
846
790
774
806
820
796
742
768
792
788
736
718
758
824
856
814
832
890
894
832
822
810
786
746
714
754
806
814
776
810
810
744
766
784
806
796
738
758
800
808
788
722
740
756
774
760
720
772
820
854
794
740
760
762
774
748
732
758
772
780
748
758
782
792
792
798
794
766
778
768
756
716
712
740
772
788
754
772
790
810
772
776
802
816
796
772
804
810
800
796
744
766
774
762
722
688
644
642
654
596
620
656
726
778
806
786
724
734
746
750
756
732
688
700
722
744
754
714
708
748
780
788
766
754
766
766
766
726
736
750
770
756
718
732
756
764
732
730
764
798
786
752
762
784
794
764
676
680
688
668
658
670
706
696
756
810
824
822
762
750
782
798
814
796
732
752
776
776
760
718
722
746
770
770
736
762
818
854
836
792
810
826
792
742
758
784
802
760
726
760
738
704
704
716
732
740
708
726
758
766
724
698
706
736
776
760
774
836
860
826
800
818
812
802
740
726
748
760
768
732
746
772
772
714
732
774
796
752
738
778
802
808
766
796
820
818
776
798
822
826
808
758
774
786
772
744
724
712
676
656
656
688
756
758
774
856
898
894
804
812
820
774
710
726
750
782
746
726
748
748
708
708
748
816
808
756
780
804
778
710
662
680
710
752
798
766
740
780
804
808
766
772
778
776
754
752
790
808
782
754
774
764
744
714
698
732
760
772
728
752
758
742
706
668
688
720
764
804
830
808
782
776
764
748
736
716
710
704
664
660
636
660
720
792
786
732
752
794
806
810
740
722
750
772
766
748
780
804
774
710
714
752
796
826
820
758
736
754
746
716
676
646
656
658
652
624
618
638
662
684
694
672
668
672
684
692
668
662
668
670
676
636
620
630
652
680
712
704
722
758
782
764
752
770
770
764
702
688
710
742
774
810
838
796
780
782
766
744
708
724
750
752
740
696
724
752
754
722
720
742
744
720
700
732
762
748
714
752
776
764
708
706
746
770
724
688
724
752
748
708
702
676
680
690
736
746
770
842
870
808
750
796
838
858
828
762
814
844
860
794
786
800
780
722
722
764
828
746
688
724
750
754
688
692
716
734
732
720
700
680
700
696
696
694
704
668
662
630
630
642
666
694
698
666
684
706
724
716
676
694
732
746
742
698
722
774
804
818
848
802
784
800
816
812
766
736
788
828
826
744
746
756
780
744
714
730
730
710
714
788
792
734
752
778
792
760
724
754
784
802
758
760
782
802
792
760
794
810
740
688
708
730
774
742
678
710
752
794
784
742
754
746
738
696
704
752
770
752
788
748
710
690
702
686
696
702
714
720
730
732
750
750
752
730
750
752
758
766
768
758
764
756
760
748
704
684
680
732
780
784
750
694
682
710
738
760
790
658
672
682
638
656
656
722
788
778
580
690
718
794
838
860
856
826
764
756
752
748
716
728
754
774
792
810
826
822
808
782
758
752
732
742
748
750
754
726
730
716
706
684
682
708
770
822
796
758
762
730
700
722
662
680
702
756
774
722
738
778
796
782
720
722
760
790
804
760
742
724
702
680
676
704
750
714
742
806
834
844
802
790
818
832
836
760
734
760
782
798
786
748
762
774
786
734
728
714
698
700
732
772
796
792
788
748
768
752
748
734
704
698
734
766
792
758
732
674
634
686
716
768
802
802
776
732
738
740
722
686
676
718
776
832
818
784
810
834
824
814
756
752
778
802
778
720
724
758
792
788
752
710
694
692
668
664
664
646
682
736
792
852
882
868
846
774
718
720
698
678
664
656
700
742
772
782
726
744
788
820
858
814
768
794
834
872
836
744
730
734
744
714
684
710
776
656
724
710
676
686
726
750
730
686
716
740
760
760
718
704
734
752
766
764
766
768
760
750
744
754
756
746
756
758
774
782
762
760
798
812
796
752
728
692
706
708
710
726
730
734
730
742
742
736
730
730
722
732
728
714
710
656
636
638
630
636
628
632
636
642
640
636
628
604
622
658
648
632
658
714
722
674
664
692
724
718
676
672
700
734
716
722
776
814
804
740
736
758
758
754
754
722
660
664
656
652
646
678
750
786
788
748
730
728
718
714
728
760
798
808
802
730
744
758
766
770
776
784
758
752
756
736
700
680
644
638
658
710
770
822
790
740
750
768
764
742
706
690
720
740
720
702
672
670
688
740
688
728
756
800
816
822
808
790
774
734
660
654
664
632
606
638
652
736
818
836
856
846
760
720
724
744
764
800
824
828
766
736
720
706
700
672
648
634
684
772
866
846
828
806
736
730
768
762
708
634
682
680
674
692
738
832
866
870
860
808
722
724
746
796
854
876
850
774
778
808
854
868
858
786
734
738
752
768
766
680
696
736
774
810
812
748
706
660
670
666
690
746
734
716
760
774
780
762
700
694
722
740
776
736
698
700
734
726
724
716
720
730
734
742
732
702
724
766
812
808
772
788
808
804
798
768
742
758
788
802
788
774
810
820
812
760
770
798
822
790
748
700
702
670
656
664
724
830
868
846
826
832
830
802
742
698
678
668
658
690
748
822
864
852
852
866
852
792
742
752
782
804
784
738
740
754
750
750
744
744
714
686
700
662
664
682
702
672
696
770
750
736
772
804
796
726
700
738
800
856
868
834
862
882
890
820
828
846
838
836
810
770
780
776
748
750
720
734
746
754
748
742
742
734
742
746
750
766
766
758
744
720
704
692
690
646
630
628
676
714
758
792
714
688
726
728
680
710
748
762
752
700
692
718
736
756
748
726
718
716
680
668
652
650
678
738
810
840
822
764
756
782
810
840
816
786
810
806
786
730
718
736
750
772
740
754
800
814
766
704
712
730
740
732
688
670
664
698
764
742
754
806
826
796
744
768
772
758
764
728
732
762
780
782
782
738
736
770
782
794
770
762
802
800
718
678
698
722
754
746
720
706
686
672
680
722
742
698
714
768
802
804
782
758
780
798
814
788
762
814
852
830
802
836
864
846
772
704
722
714
722
726
772
862
914
922
878
874
866
838
770
754
776
788
798
764
746
770
764
758
746
752
742
728
716
722
720
720
722
734
738
728
730
728
734
728
688
674
710
660
674
690
728
738
696
670
724
734
688
674
696
730
770
808
824
598
708
672
680
678
748
840
858
850
784
720
742
768
786
804
750
734
770
828
866
836
770
782
804
816
806
748
726
758
790
820
804
768
674
692
668
646
660
674
750
840
880
888
830
766
780
782
786
762
718
708
734
756
766
734
740
782
812
824
764
776
796
790
702
690
704
708
718
694
676
666
668
642
656
708
768
790
772
736
732
700
690
714
674
750
806
868
882
818
812
836
848
840
790
754
782
806
800
750
782
808
814
760
728
748
770
784
716
664
674
638
642
692
756
836
814
756
784
792
784
732
686
704
758
850
824
798
844
872
844
782
782
812
832
808
750
750
782
804
760
694
702
728
768
802
802
742
764
818
838
794
740
710
724
772
872
848
752
686
650
648
664
670
654
666
692
730
748
706
732
646
654
666
668
668
664
628
600
620
652
690
758
742
700
744
780
814
796
746
782
798
790
796
780
734
764
812
844
792
760
798
842
852
800
742
770
772
768
768
762
764
766
776
772
746
770
792
828
846
794
742
748
760
764
744
670
678
700
770
836
758
740
790
804
808
800
762
684
700
722
760
810
782
740
794
818
812
804
762
732
758
756
746
740
702
696
650
642
688
756
816
846
794
728
754
760
778
736
700
728
782
834
874
810
820
830
814
776
762
792
820
830
784
798
816
800
738
744
760
780
748
754
778
804
750
778
826
836
760
770
808
846
810
794
816
816
808
780
760
796
832
836
814
798
756
728
740
754
756
756
758
754
768
784
804
812
802
766
756
792
810
818
760
776
772
780
760
712
706
670
680
686
686
734
802
826
734
712
732
754
756
756
676
680
700
730
772
756
738
772
830
848
802
766
770
798
818
784
744
744
776
778
706
698
710
778
766
768
818
842
842
774
742
800
832
836
760
746
774
810
844
772
762
810
852
876
832
758
764
786
788
752
744
780
822
840
804
816
810
788
736
768
748
732
692
694
720
750
728
766
818
842
802
750
770
804
816
792
746
780
828
842
784
778
770
712
698
678
686
670
682
696
728
736
762
742
766
792
794
754
716
716
666
664
688
702
626
866
666
638
640
646
702
768
790
788
772
722
684
688
726
762
752
712
770
796
768
736
772
776
710
700
750
796
866
844
776
754
764
770
684
656
658
# end time: 2015-08-26-19:41:30, 1440632490.01
