# R wave intervals in milliseconds per line
# Active training
# start time: 2015-04-21-16:57:39, 1429649859.49
602
792
806
742
728
726
744
740
724
730
714
700
682
682
708
666
672
688
706
712
720
730
736
728
694
672
696
704
720
684
628
630
666
692
672
658
700
658
628
646
612
608
628
646
654
632
652
658
670
662
640
652
644
626
642
670
718
704
726
728
746
710
684
706
706
660
676
638
684
714
744
762
788
676
692
700
702
730
722
724
730
718
698
718
746
766
756
706
720
746
748
722
734
742
742
714
716
684
644
660
724
710
748
750
732
706
694
684
680
624
636
686
640
678
712
722
654
658
686
688
690
688
664
644
642
614
636
624
640
696
766
784
742
684
650
662
668
658
626
652
644
660
692
702
710
738
670
702
702
706
660
694
742
722
724
740
750
734
738
728
696
712
752
768
764
736
706
668
630
630
644
674
632
588
710
712
724
760
744
756
688
698
680
680
698
692
746
770
784
796
732
728
722
718
662
686
696
660
692
706
722
744
772
744
716
704
698
712
720
740
744
742
724
652
662
672
676
696
694
704
704
662
672
678
648
686
648
654
676
620
646
646
674
688
638
698
688
658
620
614
628
624
604
594
640
664
672
700
724
734
692
672
684
672
666
638
640
648
662
596
862
1272
764
624
540
828
748
