# R wave intervals in milliseconds per line
# start time: 2015-11-29-19:59:41, 1448845181.38
714
680
656
642
662
690
708
674
688
704
694
680
660
678
676
658
638
664
684
682
646
624
658
688
724
718
712
732
718
676
666
686
684
658
654
652
696
706
730
732
700
720
726
722
710
670
684
694
710
714
698
740
762
764
728
688
708
692
696
684
672
698
692
680
646
678
694
702
668
676
682
690
672
670
698
712
700
662
682
702
700
664
684
708
702
666
666
702
718
692
670
710
716
686
638
650
648
654
648
622
630
608
606
608
674
760
792
748
780
784
752
704
678
702
706
692
644
666
706
744
756
718
758
776
772
712
720
734
728
704
708
732
728
704
750
758
706
680
622
624
562
628
578
572
592
606
632
710
754
714
732
630
666
652
650
670
658
622
642
616
610
618
630
696
714
664
708
690
646
644
628
624
638
630
636
640
644
640
642
674
666
660
684
658
666
706
658
638
678
688
700
686
688
710
742
758
726
716
726
728
738
708
700
748
770
730
728
756
756
698
682
714
716
688
692
752
784
774
698
676
684
698
664
636
650
682
712
686
700
740
724
668
660
684
660
656
674
690
674
640
668
696
722
754
730
748
778
762
804
784
762
726
742
746
708
662
686
688
710
684
736
766
760
696
722
742
738
682
678
680
608
680
682
670
662
726
764
808
780
760
774
744
698
654
686
678
682
674
664
698
740
778
790
776
766
774
768
746
712
722
732
736
726
678
694
690
658
606
622
632
668
728
708
744
754
758
720
692
712
714
688
654
698
708
668
688
708
726
716
660
688
702
710
682
668
746
770
762
730
758
758
704
722
750
710
652
684
714
750
740
728
756
772
690
626
618
634
932
894
856
850
832
802
760
728
710
700
686
686
696
700
718
720
736
734
724
692
664
668
674
662
660
648
646
648
650
674
684
716
726
682
704
702
712
680
654
660
668
634
634
646
658
656
658
658
684
688
680
656
660
664
668
642
636
652
660
660
652
678
702
696
660
640
656
664
654
646
656
692
730
726
702
730
744
730
698
710
712
704
672
648
656
652
680
704
690
714
744
748
724
694
706
714
712
698
672
734
768
700
680
654
662
680
670
652
638
678
684
716
700
662
630
632
642
674
692
684
650
668
680
674
644
652
674
676
628
624
606
626
628
636
646
680
694
704
678
650
686
696
684
648
662
678
688
678
654
666
684
662
656
684
688
656
642
646
628
610
598
596
612
612
614
614
652
700
722
686
702
732
694
656
686
702
706
720
722
682
682
700
696
706
688
686
714
706
722
686
716
730
694
662
690
704
722
704
686
674
672
670
654
636
636
632
650
638
660
680
692
682
660
660
662
674
662
626
608
610
666
710
742
746
772
810
810
744
734
732
730
688
656
688
718
736
706
658
674
672
658
670
688
678
618
650
656
664
682
646
632
666
726
764
718
668
734
734
646
688
694
652
646
598
608
618
606
610
654
708
680
642
662
694
744
808
798
752
734
734
724
714
676
660
688
716
766
768
724
730
800
780
768
712
736
768
750
682
762
764
752
688
710
742
748
682
674
714
736
726
666
696
700
666
674
696
712
696
628
644
648
674
722
682
668
696
716
686
634
656
680
702
676
710
770
788
780
698
674
704
710
702
672
648
700
740
784
740
780
804
798
736
722
760
764
756
704
714
750
764
770
724
682
718
724
720
660
692
706
726
706
704
738
716
656
646
672
688
658
614
642
664
682
644
684
686
662
646
634
666
684
680
694
674
624
636
640
656
690
712
688
654
688
690
710
654
652
672
686
662
636
662
658
656
672
698
664
668
706
722
678
674
710
736
722
684
684
708
696
640
618
662
660
716
684
678
722
744
720
682
704
686
676
640
652
670
658
660
# end time: 2015-11-29-20:09:01, 1448845741.0
