# R wave intervals in milliseconds per line
# start time: 2015-12-03-15:05:44, 1449173144.79
974
894
812
840
882
874
812
798
804
810
836
830
802
764
768
798
734
732
776
788
774
770
732
710
706
728
796
802
818
802
752
674
654
700
886
872
862
798
806
822
764
704
704
686
718
820
866
888
874
838
858
778
752
748
760
682
688
714
782
828
830
880
874
834
818
702
702
692
696
714
746
768
732
730
706
646
674
680
710
774
894
846
842
860
844
876
828
758
740
736
762
770
810
876
826
796
786
774
780
804
918
886
870
852
874
890
836
866
838
824
740
708
720
746
812
828
742
700
710
730
696
672
820
896
858
816
754
746
740
746
728
690
786
914
920
886
850
826
760
676
646
652
636
654
684
778
844
948
928
880
822
796
754
768
764
788
686
700
722
810
862
824
774
766
720
704
676
666
642
618
656
706
778
806
796
806
832
708
714
720
686
698
690
716
754
786
786
762
726
654
652
650
670
704
750
774
768
752
738
578
994
906
958
574
