# R wave intervals in milliseconds per line
# start time: 2015-06-18-23:06:09, 1434683169.58
1882
1438
864
518
618
660
706
684
634
650
646
634
640
668
630
630
620
682
682
636
812
756
732
716
668
702
728
770
818
830
770
752
718
700
650
690
742
768
752
762
750
752
730
740
696
772
766
778
730
672
752
752
700
650
720
710
670
690
696
728
774
696
780
770
752
652
744
716
722
684
728
774
698
726
722
720
752
694
720
750
670
698
696
704
634
678
654
648
652
698
644
676
684
736
776
734
704
748
748
736
718
718
784
748
752
702
776
736
738
680
716
720
726
740
700
734
780
756
700
744
708
698
746
686
714
766
784
732
738
750
812
736
700
732
732
716
670
734
748
702
688
696
764
672
744
740
762
738
680
748
770
718
764
752
750
734
662
674
742
672
614
686
698
784
718
714
712
674
746
736
734
716
670
694
690
646
648
654
632
686
632
684
720
730
720
776
704
720
782
760
718
702
718
718
778
686
684
734
734
782
700
748
770
766
704
664
746
718
740
716
696
768
764
754
700
716
736
744
754
684
714
770
746
720
700
782
784
732
716
742
730
812
686
768
730
790
726
768
772
746
752
698
714
750
750
706
662
700
714
702
722
678
756
730
764
734
782
754
712
772
732
798
704
700
764
766
682
672
698
684
682
684
682
730
770
634
700
728
752
688
678
738
682
716
650
700
680
670
684
704
680
764
766
768
752
698
772
748
798
750
718
790
792
768
756
760
850
816
768
734
780
738
680
732
736
738
760
734
750
804
696
734
716
780
702
650
752
756
692
766
784
764
722
736
794
734
700
732
702
702
728
750
754
712
724
726
754
716
668
668
744
724
728
740
746
778
772
748
730
738
748
702
680
702
752
746
736
782
798
752
714
720
762
684
666
674
678
734
700
682
698
702
772
730
750
750
730
758
662
700
696
686
666
636
666
632
664
684
720
798
786
750
814
778
756
668
618
682
702
714
736
714
764
786
752
700
796
772
746
648
672
746
718
670
728
736
734
686
716
748
752
680
758
746
768
696
704
736
714
732
702
750
700
722
728
764
716
668
692
712
764
688
698
732
722
678
716
736
754
712
720
730
738
700
712
706
710
768
688
698
768
730
722
700
730
784
702
664
716
704
668
632
668
652
650
650
656
642
698
732
726
676
756
744
756
740
676
726
720
672
714
716
748
670
714
736
752
698
718
700
704
730
716
680
706
730
682
654
688
676
738
678
620
682
666
642
662
650
634
680
654
634
652
632
648
652
616
682
702
716
684
678
722
784
776
758
680
736
716
780
718
686
732
734
682
652
730
716
720
648
700
736
650
654
544
698
786
800
832
786
764
834
836
882
886
920
828
868
798
868
848
792
778
830
788
800
798
818
816
814
798
774
796
802
798
834
702
762
732
708
746
682
686
716
784
720
680
780
770
746
736
702
718
712
640
626
668
652
636
662
638
666
676
676
678
766
768
768
734
682
734
732
670
716
700
682
750
684
600
786
748
744
690
720
726
768
748
674
730
732
734
750
698
704
714
766
702
686
778
800
736
684
746
770
730
726
678
746
722
730
702
712
720
668
698
622
678
652
650
666
652
646
720
720
694
698
720
686
662
702
716
684
666
686
702
778
752
714
732
722
698
648
718
734
746
716
718
740
714
750
700
732
764
788
762
752
748
754
730
738
710
720
704
666
712
736
768
778
770
750
750
784
684
762
754
748
750
670
696
732
766
702
670
744
736
684
652
668
718
650
684
630
680
652
646
774
846
918
832
882
886
782
798
766
784
786
734
746
816
786
780
734
770
798
798
736
702
750
732
714
750
802
784
814
798
770
670
718
794
720
634
696
750
770
748
766
836
766
816
784
816
550
868
684
738
730
682
714
766
786
770
696
798
782
802
718
702
764
752
702
682
750
716
782
732
750
754
812
736
752
764
794
736
734
724
728
768
702
716
800
782
718
700
782
734
696
684
706
680
716
694
690
684
712
706
694
716
750
756
680
716
734
718
748
766
748
766
758
724
704
716
700
734
682
648
732
720
714
718
666
746
750
720
678
548
604
690
514
646
738
596
870
676
688
680
684
748
646
684
718
732
720
744
794
796
816
780
800
766
770
692
756
748
804
712
732
748
766
700
752
780
784
722
782
782
764
766
734
716
776
692
704
728
750
730
700
750
766
704
668
696
698
770
784
730
782
754
716
802
1430
860
606
680
668
650
720
694
738
698
664
688
668
694
654
718
660
704
716
718
694
718
684
712
754
714
688
782
668
700
732
646
726
720
752
794
754
750
766
770
728
740
760
800
800
748
736
768
760
756
696
790
746
778
636
700
718
700
732
662
686
704
696
664
648
666
670
668
636
628
682
652
754
702
748
806
812
784
718
780
730
654
648
650
682
640
690
658
700
686
730
704
734
764
702
698
696
702
738
726
766
736
764
736
716
702
714
764
688
662
700
698
636
716
698
746
708
610
646
504
648
624
# end time: 2015-06-18-23:19:08, 1434683948.59
