# R wave intervals in milliseconds per line
# Active training
# start time: 2015-04-21-18:23:00, 1429654980.06
634
798
666
1004
984
1014
1002
1034
1066
950
968
1000
984
984
950
918
1000
1000
1016
1002
1018
1034
1000
982
1032
1036
1002
984
1016
1018
1000
984
1014
1004
952
964
1020
950
982
968
948
954
916
1000
1000
982
938
966
1014
970
932
986
934
1034
998
1000
1002
968
984
980
1018
984
934
918
948
970
898
982
936
934
1050
968
948
834
818
734
782
814
854
864
1018
986
914
1000
884
836
582
2218
1480
890
1048
1052
1032
1052
1016
1070
1050
1048
1036
984
1080
1036
998
1016
1006
948
966
916
966
1000
984
948
1050
1032
988
1014
1066
1018
1032
986
1030
1052
1082
1036
1046
1088
1032
1098
1032
1068
1068
1034
1034
1082
1002
982
1082
1050
998
1068
1050
1030
1004
1002
1062
984
1034
1064
1004
1000
1048
1034
1000
982
1034
948
952
1014
1052
982
984
998
1000
1000
1002
1000
1050
1000
1014
898
966
934
934
916
984
932
950
966
982
954
980
1066
1036
1016
1100
998
1052
1016
1080
1018
998
1002
982
966
950
986
946
1048
1020
1000
1044
1020
986
932
1002
950
1064
870
948
1016
918
950
1002
966
1048
1000
1000
1018
1000
1052
1030
950
904
1000
1066
1048
1052
1034
1018
1000
1050
998
1002
966
1018
1014
1002
1016
984
950
1002
984
1050
1050
1050
1050
1000
950
966
954
966
918
1016
918
984
832
968
964
984
952
998
986
998
1050
970
982
1002
982
984
950
950
1016
1004
930
1000
968
934
1016
966
984
952
948
970
932
1000
934
898
966
970
982
998
952
966
982
986
964
1000
1002
982
1052
998
1050
1048
1004
998
1068
1034
966
1048
1036
1000
1000
984
1034
1030
1002
1016
1086
914
950
1002
1046
1020
1034
934
984
950
934
980
886
916
950
982
1004
1016
1068
1016
1066
1032
1018
1016
1072
1030
1084
1050
1048
1084
1034
1084
1050
1032
1050
1034
1066
1066
1066
1068
1036
1014
1068
1032
1034
1014
1002
1014
988
998
1068
934
562
752
982
836
916
934
884
930
936
884
950
1016
882
850
766
784
784
818
932
930
970
934
966
950
800
850
798
818
900
998
1052
932
966
1000
986
982
1032
968
1002
1016
984
998
1048
1002
1016
984
966
1000
1000
1002
964
984
968
998
1050
1002
1018
998
652
922
902
966
984
1000
1000
966
1018
1034
1046
986
1000
1050
1014
1018
968
968
1048
1034
1018
982
1020
984
1012
2036
1222
734
1010
984
984
1000
1000
1016
998
1002
1002
980
1000
968
982
982
968
850
1018
1014
1002
950
1032
1018
982
950
1084
966
1016
984
984
968
968
980
978
988
982
1034
1000
1064
970
932
998
984
986
946
984
1004
978
1016
954
948
1016
964
934
952
984
946
1002
998
966
1936
1162
698
874
900
982
984
964
1032
1000
970
584
790
732
900
948
900
866
886
882
932
948
968
884
984
968
948
834
882
966
1050
968
982
1048
1034
1016
984
1032
1018
1000
984
914
1034
998
1034
650
666
1018
950
1032
1000
1050
1016
1066
1016
1000
1050
1034
1034
1046
1036
