# R wave intervals in milliseconds per line
# start time: 2015-07-04-00:45:50, 1435985150.42
726
742
730
722
688
722
760
778
746
758
826
790
718
714
762
774
732
696
728
678
642
650
678
714
752
710
704
760
764
734
758
708
732
746
766
740
738
782
784
774
716
722
716
740
710
686
700
730
664
688
710
718
682
706
742
770
716
720
772
764
708
670
688
728
770
768
708
800
830
836
748
756
728
700
654
662
684
692
688
680
748
766
796
712
752
716
666
666
690
692
678
656
654
672
700
706
688
684
758
726
734
702
716
768
740
704
728
742
726
670
716
708
728
702
662
736
712
686
654
682
734
764
786
708
702
762
732
750
704
682
686
680
688
668
648
686
708
716
702
756
758
744
754
696
708
724
732
734
692
658
680
704
682
680
678
698
730
736
700
698
726
744
748
722
708
762
760
748
740
674
714
716
726
714
698
728
742
710
712
734
730
702
696
714
696
664
628
648
648
648
712
710
702
728
754
778
746
734
766
768
758
712
708
726
738
720
682
698
706
706
676
688
730
728
792
706
728
752
740
724
700
722
730
736
726
706
728
742
764
720
734
684
710
654
658
660
680
716
676
662
720
740
782
770
748
712
760
686
664
654
676
674
680
654
676
704
736
750
700
738
702
678
662
696
722
772
770
782
742
786
736
726
706
734
710
688
650
666
694
708
748
752
786
792
764
720
748
774
746
678
676
702
736
706
724
712
784
862
752
678
770
782
776
726
676
668
744
784
786
732
736
752
738
688
674
720
782
828
784
794
812
790
744
700
720
764
780
790
798
810
762
750
670
690
720
770
788
826
736
740
746
752
754
732
738
736
748
670
666
668
666
702
726
764
736
758
780
794
778
776
714
676
698
678
682
694
770
816
830
794
796
780
770
690
736
750
766
738
706
740
760
776
738
712
752
750
734
708
698
764
746
706
714
794
836
822
768
722
708
720
704
672
686
728
748
744
752
704
738
768
738
682
708
706
744
746
698
680
732
700
670
662
756
754
742
722
744
754
704
650
672
658
666
670
630
636
618
608
604
614
568
664
754
718
716
682
670
638
662
630
624
612
614
640
686
736
756
736
696
684
680
684
658
676
698
714
800
804
784
764
732
750
686
686
646
668
670
704
708
690
656
642
646
654
634
614
604
568
596
586
594
606
714
684
664
632
650
656
694
730
696
658
688
720
764
748
714
744
754
762
746
710
684
766
772
766
752
648
744
710
704
646
668
662
644
644
654
700
718
728
664
696
706
698
700
662
682
698
752
816
798
728
770
778
754
754
726
730
734
712
692
704
736
764
794
774
770
810
812
782
722
730
740
770
748
700
742
740
804
758
708
740
744
724
692
668
726
748
756
690
728
732
740
748
726
698
768
758
762
716
658
698
720
750
768
748
766
782
786
716
704
726
736
770
736
694
710
732
768
764
730
730
720
740
698
664
682
708
736
726
746
784
804
756
742
770
776
742
704
732
738
768
716
702
744
756
802
712
706
698
778
768
766
732
774
810
806
806
768
724
768
762
772
718
714
730
726
700
666
710
754
798
770
750
762
768
732
678
682
682
738
694
682
730
760
780
736
740
740
782
720
682
708
726
732
714
716
744
746
738
702
692
760
750
716
720
742
766
704
694
722
742
736
722
712
750
752
760
724
700
764
752
772
734
744
762
774
740
706
728
754
726
702
696
716
744
716
678
724
738
726
688
722
750
716
740
674
706
718
694
670
694
712
744
700
668
684
730
734
746
676
712
724
732
714
690
706
724
732
734
698
718
718
676
654
696
714
738
724
712
752
774
762
710
724
724
724
686
668
710
694
668
660
694
732
762
772
744
768
748
704
720
732
746
734
702
696
750
758
730
700
742
764
702
670
690
716
736
726
704
734
748
728
738
696
666
708
724
696
690
712
736
748
706
706
732
740
730
694
700
752
734
700
722
730
702
672
660
700
720
726
750
792
784
744
716
750
754
770
722
712
750
774
772
750
742
790
786
780
734
766
774
788
772
724
730
726
788
734
692
716
708
684
640
652
636
684
746
804
760
794
746
758
766
734
698
716
758
784
822
768
764
768
814
818
760
672
692
724
740
726
716
766
818
818
756
736
770
778
798
766
760
786
794
756
694
732
760
768
756
780
828
812
762
726
748
742
730
668
704
730
796
866
798
878
840
818
748
742
766
834
792
746
770
792
808
764
732
760
816
780
724
742
746
766
746
714
754
758
802
734
752
736
756
736
712
742
762
736
700
720
756
730
706
714
742
736
774
756
800
780
738
718
740
750
718
706
742
748
720
678
696
718
696
682
732
764
768
748
732
776
740
720
734
730
720
752
686
708
738
764
744
724
720
728
674
676
702
728
718
690
700
720
690
708
656
656
706
672
656
666
698
722
720
674
658
694
706
734
690
664
686
710
716
698
684
726
746
728
738
674
708
714
702
680
770
766
768
728
724
738
710
720
722
740
738
734
706
726
756
776
728
688
684
678
668
630
640
646
652
666
668
700
742
794
800
740
696
696
726
708
682
676
710
740
760
722
714
754
754
684
670
696
716
734
732
712
740
760
754
706
730
748
756
754
710
774
776
768
736
714
764
784
772
744
726
734
742
706
732
766
790
748
750
782
770
734
680
656
714
696
684
646
686
710
696
708
750
758
782
718
760
744
750
696
680
700
710
742
700
708
764
758
736
722
658
676
690
710
702
696
742
790
840
812
780
796
784
812
750
740
742
768
740
748
780
772
728
660
718
732
744
718
754
764
770
734
682
652
694
722
762
782
754
794
786
724
680
656
646
640
670
646
648
658
674
692
800
806
834
822
758
704
728
720
772
738
716
754
758
796
726
766
798
820
768
776
784
778
740
706
800
826
790
750
794
768
824
764
760
798
842
832
796
790
842
764
728
766
798
784
728
742
790
844
824
760
790
796
798
750
768
854
838
790
778
780
752
700
674
702
724
752
716
728
846
836
794
738
820
798
780
718
718
732
742
726
698
720
740
746
728
662
664
714
762
740
718
750
716
662
660
678
648
650
616
652
638
1336
802
508
696
722
686
648
684
698
656
596
638
580
632
602
616
552
564
570
650
650
684
700
646
706
812
854
814
766
768
786
816
820
698
716
652
678
752
850
834
802
788
842
806
786
714
798
834
736
732
734
800
870
896
804
734
684
714
654
668
648
664
780
904
922
830
752
700
750
762
724
678
738
746
826
744
736
698
714
702
668
652
698
732
790
730
782
750
770
700
750
648
718
700
734
700
718
766
800
768
682
690
730
716
716
640
650
654
730
742
756
706
732
760
740
710
664
706
688
758
722
688
708
724
746
758
720
716
738
750
740
702
692
730
764
800
760
736
762
762
762
728
688
736
734
740
730
706
772
776
832
764
712
750
746
744
696
664
672
682
708
710
696
722
750
778
732
690
730
722
696
730
670
702
710
736
712
692
706
726
722
710
670
672
732
708
688
700
728
724
750
694
678
712
722
732
704
684
698
740
730
674
710
708
716
708
686
704
726
778
734
676
682
686
698
766
722
686
670
698
722
706
692
664
688
694
720
724
698
764
724
774
754
720
704
732
764
764
738
688
658
684
696
726
700
690
726
740
746
696
680
718
722
712
708
692
684
698
712
720
690
672
738
738
700
664
700
714
732
690
668
656
642
636
618
704
682
666
688
740
772
730
694
744
730
696
670
664
692
702
760
708
694
742
778
756
750
662
688
694
722
706
702
748
774
756
704
694
752
752
792
716
710
732
764
748
702
682
708
726
732
704
700
736
760
778
760
700
708
724
714
766
730
694
712
752
764
768
736
708
710
734
728
772
708
706
750
724
766
722
702
730
746
738
716
694
720
740
740
714
688
730
756
752
700
640
668
686
688
718
670
704
722
738
712
678
696
720
748
724
684
700
724
732
690
672
688
712
720
690
664
676
710
694
704
682
636
692
680
676
656
658
684
716
688
654
662
650
632
634
604
632
664
712
690
712
656
690
688
688
670
662
668
682
718
724
698
682
686
690
692
682
676
716
756
798
788
708
698
708
706
710
666
686
660
690
720
702
636
678
682
692
694
670
660
676
664
646
618
596
606
624
666
702
770
700
714
728
738
712
672
660
672
664
704
652
638
666
690
724
708
698
708
776
824
766
714
730
748
734
710
674
702
714
752
740
692
696
730
750
744
746
712
732
756
722
692
706
700
732
718
702
664
730
720
698
682
668
682
704
732
720
682
752
722
712
678
672
684
688
656
638
622
582
592
690
918
902
880
872
836
760
774
720
710
700
686
680
692
692
724
720
716
716
762
736
742
726
718
716
704
664
652
644
634
658
616
642
674
752
718
734
728
774
720
684
692
702
700
698
674
672
686
706
720
716
714
720
720
696
696
672
680
698
680
678
720
744
730
704
672
690
700
696
648
670
656
676
714
714
696
730
756
754
726
700
714
716
726
694
668
716
678
642
654
636
672
698
728
748
696
696
714
704
664
678
670
698
704
738
680
664
690
674
742
692
680
694
708
700
676
696
732
724
690
694
702
718
662
666
686
686
664
650
660
684
700
692
668
690
694
714
664
646
658
680
688
708
682
670
698
716
712
676
654
680
686
716
708
700
734
754
696
652
694
682
658
686
610
676
684
690
680
694
646
678
664
654
640
626
630
650
624
614
646
658
670
684
634
628
664
674
674
648
672
676
686
674
678
660
666
682
682
660
664
688
716
716
688
696
714
706
676
668
688
698
706
690
664
690
704
712
688
658
696
720
688
652
678
696
704
684
684
724
716
676
694
712
718
694
666
692
714
734
702
682
698
710
708
668
638
634
642
626
626
612
636
686
716
716
684
706
716
718
728
664
654
670
702
736
768
726
694
722
732
738
706
690
728
758
758
718
730
752
734
696
656
674
700
722
726
700
712
744
744
718
668
662
676
680
704
690
672
724
744
764
724
664
696
702
700
676
686
714
736
742
714
696
736
740
732
698
716
736
734
712
676
684
712
716
696
666
690
714
734
758
726
676
680
698
698
682
656
672
682
682
680
684
718
728
704
660
680
672
742
716
690
700
738
720
672
646
636
646
626
638
670
726
726
732
800
814
752
702
676
672
696
720
688
668
662
684
666
634
612
620
610
606
604
616
618
620
638
620
612
586
584
582
572
566
580
552
582
570
560
588
568
578
568
570
602
592
636
634
648
636
640
578
596
598
572
580
614
698
758
730
800
750
686
664
598
584
602
592
586
612
642
660
676
664
684
716
698
650
612
622
638
682
662
654
648
668
652
548
582
580
586
632
748
704
680
704
698
650
666
620
632
584
558
576
550
614
616
582
616
568
618
652
614
596
586
584
582
580
586
602
586
580
586
614
554
598
614
586
604
598
616
612
614
642
666
700
668
650
678
698
680
640
634
648
694
718
720
670
666
700
658
642
662
700
710
708
756
758
720
764
758
712
670
698
696
684
662
688
730
734
672
664
722
730
720
746
750
724
694
676
688
726
712
684
686
738
732
702
698
740
724
692
674
666
684
676
654
664
690
682
688
718
750
724
684
688
690
712
718
716
746
818
810
768
774
792
736
704
734
732
708
680
714
738
730
702
750
782
752
718
730
742
708
660
626
630
628
616
584
600
602
584
618
598
600
602
650
648
646
648
636
648
602
602
618
580
550
584
582
586
580
620
582
646
620
614
598
600
598
586
586
616
568
598
582
568
580
556
548
596
566
552
548
552
550
566
588
578
572
562
568
598
652
714
740
676
654
680
688
666
586
612
582
568
578
572
582
598
618
604
684
636
798
648
616
604
584
582
606
664
770
836
728
780
770
588
788
762
744
722
742
728
798
890
876
876
870
844
842
820
744
734
792
858
786
754
778
792
688
668
684
722
756
712
738
752
782
676
736
726
710
680
730
738
706
702
670
654
596
602
578
570
570
546
604
598
684
618
634
630
590
614
578
568
586
602
598
634
586
566
600
584
586
594
600
580
590
586
598
596
554
566
564
554
584
550
566
534
566
566
552
576
592
580
586
614
554
566
552
584
546
536
584
516
520
562
532
536
530
568
566
550
536
518
564
534
532
566
602
686
734
702
762
670
582
612
558
586
508
522
516
546
522
512
584
520
596
600
584
554
566
566
570
578
668
666
720
720
798
730
708
646
598
580
566
570
568
574
610
744
842
770
782
784
746
662
622
666
732
868
788
714
786
818
850
750
750
780
740
648
650
634
632
582
570
582
550
598
570
598
588
596
600
568
570
550
596
568
598
622
668
716
636
632
634
612
586
580
572
560
556
566
566
568
584
600
704
682
724
596
848
822
860
888
868
748
732
732
758
782
832
764
790
818
798
650
616
596
590
592
576
610
652
620
634
682
618
622
608
618
614
588
584
578
570
582
570
550
552
548
584
602
566
636
744
734
668
616
590
564
588
578
580
566
568
616
586
552
616
598
604
600
582
582
564
570
568
550
562
590
566
634
646
636
668
700
750
750
684
752
778
752
746
668
668
702
764
820
782
768
798
818
784
736
714
774
708
700
766
794
742
690
746
800
840
750
710
746
746
746
732
754
772
744
722
750
756
742
708
728
762
752
716
724
762
778
738
712
744
766
756
728
748
770
732
712
724
756
758
700
674
676
688
710
696
724
796
894
870
746
752
720
676
638
638
666
696
742
728
748
792
784
704
672
686
700
678
684
716
788
838
812
782
762
746
700
702
684
688
668
648
658
686
694
664
630
624
630
668
716
682
620
616
600
596
586
598
604
600
648
616
600
654
648
648
634
648
652
650
636
614
662
624
618
642
588
596
588
596
668
646
618
616
600
588
582
568
552
610
604
632
732
748
704
682
714
704
714
732
670
680
698
738
764
702
632
602
600
594
592
600
626
664
654
682
668
650
614
654
648
622
618
608
586
586
562
568
566
586
600
684
732
768
764
696
654
652
664
700
732
750
734
702
704
714
696
686
676
658
740
738
748
678
654
656
668
658
640
650
692
728
756
748
774
754
740
696
716
754
786
752
742
772
768
716
722
722
706
670
682
710
732
710
680
708
746
738
710
686
716
730
726
724
716
744
756
736
708
746
# end time: 2015-07-04-01:22:03, 1435987323.5
