# R wave intervals in milliseconds per line
# start time: 2015-12-02-18:54:43, 1449100483.58
728
732
680
670
676
640
620
608
624
630
668
754
776
796
818
838
812
740
724
730
710
712
748
778
762
738
760
812
842
870
852
846
872
854
844
788
784
762
716
714
756
796
834
830
796
720
704
750
768
796
832
810
760
764
764
764
728
704
732
746
746
702
704
736
732
716
746
774
792
794
748
702
706
702
704
704
686
674
708
730
726
692
700
692
686
706
742
700
716
746
778
776
720
728
722
728
736
740
712
710
748
780
798
784
748
690
710
716
724
760
746
766
808
780
778
774
768
738
698
716
732
722
668
678
674
686
692
698
686
718
754
