# R wave intervals in milliseconds per line
# start time: 2015-03-01-11:36:49, 1425227809.59
630
638
882
610
588
638
546
586
538
594
614
604
668
630
622
830
680
568
598
582
622
630
684
664
622
632
596
554
618
584
566
578
570
604
578
520
582
568
600
596
638
696
684
654
612
636
648
668
698
670
698
646
602
634
618
630
622
596
600
634
648
684
670
616
634
628
668
638
650
596
586
632
614
632
602
616
632
618
620
694
670
602
616
600
612
618
654
612
618
618
630
618
654
582
596
584
586
614
598
636
616
638
594
602
682
666
670
584
614
566
520
580
534
530
534
582
686
736
830
766
752
732
736
766
736
714
662
672
680
698
650
666
650
682
686
650
652
628
634
648
650
618
570
582
602
580
584
630
600
602
636
668
760
766
702
730
738
668
744
666
622
664
652
634
696
652
598
614
588
616
634
684
694
654
634
680
680
670
630
632
640
646
654
632
650
596
600
600
634
660
644
684
610
606
626
634
668
688
678
632
622
650
612
636
618
628
700
718
720
674
656
680
668
674
644
652
600
648
634
646
602
618
642
672
686
688
622
670
666
678
688
668
616
620
664
656
660
670
630
618
604
646
648
648
636
622
646
648
650
606
600
614
632
632
632
656
682
702
712
654
648
604
598
632
636
614
646
602
616
606
634
636
676
678
642
636
594
586
584
580
584
620
646
652
634
582
602
610
610
618
678
620
644
638
670
698
732
702
664
666
666
666
666
620
614
640
616
668
666
628
622
662
624
592
616
568
584
600
588
594
618
622
644
640
612
642
594
648
600
566
582
586
598
598
606
600
586
594
618
654
702
684
682
650
668
688
706
686
618
648
628
654
668
678
654
620
630
640
660
668
666
618
628
624
668
636
674
620
634
650
670
670
708
636
656
666
662
704
654
686
652
654
668
682
652
632
590
634
644
636
670
616
646
620
646
654
668
644
666
650
666
656
652
628
622
634
610
636
670
684
668
634
680
682
672
658
686
632
604
666
660
676
694
690
684
728
704
696
666
634
616
648
654
684
686
630
682
668
636
634
576
552
566
588
764
752
748
770
716
762
704
668
730
698
656
714
666
670
650
698
666
666
686
646
652
664
654
596
600
584
602
598
632
656
712
684
650
652
646
654
680
648
604
618
584
610
624
662
666
684
662
622
646
640
664
632
650
632
598
650
634
664
672
680
654
612
614
624
602
654
642
620
612
636
640
622
638
594
620
642
660
694
688
664
600
652
630
634
614
650
584
614
620
634
630
670
626
620
632
638
654
660
616
598
620
604
660
632
608
610
650
628
676
628
632
654
636
680
654
694
700
722
702
730
666
676
674
644
644
608
620
564
600
610
618
650
654
618
608
640
652
682
680
656
600
656
644
660
650
646
604
644
628
644
640
632
650
608
640
648
670
678
638
636
628
622
644
668
668
628
618
634
650
666
660
642
636
614
666
664
672
644
622
634
668
632
644
600
602
614
630
640
646
624
610
666
668
682
668
644
642
582
586
662
656
664
630
638
676
624
626
638
652
662
654
628
606
644
620
646
638
618
640
608
636
626
684
626
614
632
662
680
674
628
606
632
646
636
616
648
616
636
652
662
650
638
634
662
652
646
662
640
616
634
640
612
632
588
610
596
590
610
622
598
590
628
616
650
684
686
650
604
662
656
682
646
634
630
640
664
686
698
668
612
664
670
680
718
704
620
638
628
632
644
686
740
748
792
718
634
692
680
694
684
650
616
636
650
648
666
644
610
634
662
650
636
632
638
664
668
718
676
688
618
616
602
616
604
566
612
588
606
544
518
532
596
650
688
682
668
650
648
616
598
590
614
614
638
698
748
782
786
786
750
796
716
716
686
650
654
578
582
602
628
638
618
604
632
614
638
612
634
642
644
648
632
662
674
686
664
702
678
622
632
646
638
660
696
674
634
634
656
678
662
672
552
668
646
652
602
694
590
650
652
654
708
618
570
618
628
634
586
628
568
598
590
622
610
652
614
604
618
634
662
620
636
606
550
588
582
634
632
680
720
666
698
698
704
700
666
696
620
630
636
634
650
670
668
664
602
586
612
632
634
622
578
634
634
666
704
710
646
606
632
632
618
652
630
584
616
606
628
638
664
632
610
644
648
668
678
684
656
594
620
636
636
624
634
648
618
630
668
682
680
636
604
630
600
606
646
596
604
630
620
584
644
638
644
640
638
590
608
578
596
618
616
654
698
702
762
720
650
602
614
602
586
634
580
588
618
558
532
536
586
530
598
616
618
622
620
630
634
618
648
534
652
714
734
786
664
668
638
826
586
636
646
638
730
716
704
744
684
654
658
684
684
714
702
698
720
700
764
716
666
654
634
678
634
634
670
630
630
668
688
644
622
636
562
564
620
636
662
586
600
650
634
616
670
630
648
602
580
648
650
632
618
636
636
634
652
598
618
648
630
620
616
650
616
618
636
634
700
650
616
632
646
650
656
614
648
622
642
652
636
598
598
604
632
636
682
684
650
636
660
652
616
582
668
634
606
726
552
530
584
618
640
678
720
644
638
730
612
588
634
584
568
614
558
558
614
550
546
598
568
548
566
552
580
574
598
634
644
674
666
720
666
644
638
646
620
628
616
632
618
596
588
640
548
752
550
544
550
550
702
786
780
804
716
796
734
720
694
704
648
616
614
622
662
648
670
704
716
762
714
668
650
654
662
616
636
666
712
724
694
718
702
696
686
668
652
610
622
680
686
714
670
698
696
656
668
594
552
602
616
612
586
614
632
650
686
702
762
622
876
628
652
600
620
636
660
690
660
684
602
620
638
664
600
704
682
684
696
700
702
686
728
666
652
668
668
676
704
654
632
684
682
700
700
684
694
720
746
750
736
686
808
618
682
672
628
666
768
664
700
670
666
750
734
712
702
634
712
672
674
684
650
648
656
704
670
664
682
682
686
634
716
720
716
682
664
648
656
682
596
600
620
628
702
670
700
664
664
668
616
622
634
628
618
638
604
562
572
580
584
570
564
648
604
596
618
634
630
662
602
566
584
616
578
638
630
666
700
716
732
720
666
720
716
714
716
700
616
624
568
666
718
752
728
734
670
686
734
716
696
668
682
704
650
664
670
730
584
756
730
698
684
688
664
670
894
568
620
668
734
734
744
700
718
754
714
636
628
638
642
686
714
722
664
716
654
716
684
680
636
664
548
516
550
584
634
698
784
788
798
638
696
618
680
648
602
568
520
576
506
534
536
634
616
638
668
662
638
684
828
804
784
784
730
698
690
672
620
598
636
630
620
584
580
582
582
572
628
534
544
600
650
700
756
778
834
718
706
680
700
682
690
632
680
668
682
704
714
718
686
680
734
700
666
636
664
684
704
700
684
642
652
656
660
618
620
652
738
800
816
776
714
732
650
614
602
636
644
702
628
704
704
730
786
652
746
672
682
652
628
572
610
620
650
686
672
654
640
702
700
632
668
648
650
618
648
618
582
622
600
648
600
586
676
580
618
618
730
584
600
648
648
634
632
656
596
604
618
598
598
636
634
636
634
718
714
664
666
612
636
682
686
718
700
664
706
682
732
704
666
712
634
586
604
582
638
634
634
618
662
680
702
688
646
668
712
632
648
620
568
594
590
630
648
634
618
680
670
682
704
706
652
566
634
616
632
604
594
586
616
634
636
632
618
658
626
686
614
598
616
618
604
562
600
612
640
668
618
652
628
634
654
660
620
632
664
654
664
594
614
622
602
646
614
618
650
668
686
662
638
664
698
706
582
880
652
646
674
644
702
668
666
710
702
716
706
634
672
666
606
674
562
548
668
682
770
730
720
650
680
632
588
604
596
616
586
600
614
634
672
664
718
668
662
636
680
612
590
608
604
632
666
732
750
740
680
686
650
662
670
668
634
684
684
650
700
632
582
568
592
538
572
598
598
638
646
638
618
636
578
584
600
616
584
618
664
732
672
680
734
716
666
668
706
696
714
622
632
620
616
628
634
608
644
672
628
684
620
652
612
620
626
622
650
582
604
598
626
644
644
634
638
650
684
684
744
756
666
754
658
636
634
600
656
630
600
586
718
632
640
660
722
# end time: 2015-03-01-11:56:05, 1425228965.5
