# R wave intervals in milliseconds per line
# Active training
# start time: 2015-12-03-15:03:21, 1449173001.46
826
828
812
798
876
906
882
860
880
864
816
838
826
834
754
700
720
822
936
902
876
754
696
736
772
860
822
732
754
800
888
900
896
740
718
772
828
794
846
836
822
760
740
720
706
662
674
688
662
662
650
816
928
780
804
810
816
806
768
738
762
750
710
710
814
942
896
822
854
880
850
836
846
856
786
764
802
826
786
760
734
680
700
748
834
828
824
804
738
742
794
806
722
688
670
692
738
750
854
926
842
810
864
880
892
924
908
864
834
796
866
786
742
770
902
818
788
792
802
792
762
756
726
702
702
638
668
646
688
800
894
868
894
932
902
862
786
814
834
808
744
720
760
816
802
802
910
900
840
846
796
776
800
834
782
802
790
792
766
766
820
868
832
824
848
856
812
