# R wave intervals in milliseconds per line
# start time: 2015-07-04-00:34:01, 1435984441.62
698
682
704
730
724
704
692
714
706
708
684
660
678
684
704
676
674
722
708
666
652
668
676
664
646
658
698
710
718
676
692
688
712
702
674
652
690
730
754
774
746
686
720
708
718
690
650
710
692
766
740
714
726
716
676
620
632
630
636
656
668
666
728
752
712
670
688
704
696
692
660
670
708
736
726
670
752
728
728
694
704
704
724
682
698
700
706
724
694
680
684
738
740
696
710
718
702
726
676
686
702
718
704
670
662
696
702
722
728
690
654
682
696
706
670
642
668
680
684
668
696
728
754
754
708
682
726
698
682
626
686
690
672
700
660
704
708
720
664
708
714
724
706
674
686
692
718
696
698
682
698
688
652
668
676
680
664
632
608
648
628
654
644
668
706
754
738
690
680
664
662
628
636
672
692
726
696
734
784
806
754
1384
1356
1388
1372
824
590
718
732
694
696
716
724
708
666
676
690
704
712
684
714
730
762
722
686
740
726
682
670
702
728
744
702
710
722
736
652
688
710
722
688
662
662
678
690
670
666
624
688
676
696
718
696
714
732
718
684
676
734
718
734
692
662
700
698
740
730
680
712
760
758
720
716
724
724
688
668
678
698
698
664
670
688
710
670
688
680
700
692
662
658
678
698
684
714
668
716
690
736
692
684
710
714
684
666
678
712
736
726
698
726
720
698
660
656
680
686
722
692
724
738
746
698
672
692
720
710
696
700
708
780
734
690
700
690
680
718
684
666
746
744
744
702
696
700
712
700
674
690
702
710
692
684
712
720
704
672
680
696
704
682
654
682
700
666
638
684
686
696
668
634
660
678
708
692
730
754
770
750
684
698
682
714
690
662
694
720
722
700
674
720
732
708
686
700
712
710
678
666
690
698
666
678
614
632
630
644
664
672
652
648
674
700
682
654
656
712
698
694
666
692
704
732
686
660
676
688
700
706
656
708
710
724
688
696
728
728
716
674
676
692
710
718
680
672
708
726
738
726
682
696
700
712
702
688
688
722
720
686
690
726
754
756
736
754
762
732
700
674
710
728
752
734
702
724
730
726
692
704
714
702
694
658
704
706
724
668
706
718
728
712
664
668
672
740
750
722
728
688
726
742
752
766
750
722
738
732
700
672
688
710
740
710
670
732
732
692
674
668
692
710
692
660
642
668
674
662
650
636
700
704
688
700
694
704
752
696
668
690
692
684
728
672
670
742
720
704
682
746
738
782
706
692
718
716
702
664
672
702
732
724
656
692
684
738
714
680
678
736
728
676
696
674
704
734
712
662
650
672
696
718
722
690
714
764
740
720
696
700
722
736
720
670
684
680
692
658
658
606
638
646
652
656
680
708
734
730
684
652
662
674
672
644
634
640
662
712
708
680
676
694
708
682
646
708
708
730
710
664
726
724
730
696
692
714
694
756
686
684
704
674
714
692
672
698
708
704
660
686
702
700
678
632
654
646
688
706
720
690
710
726
722
690
662
652
700
722
742
716
682
684
664
702
672
660
676
712
752
780
740
744
728
706
682
678
698
740
754
712
692
752
762
742
694
740
728
732
706
682
700
708
670
618
668
648
686
670
656
616
654
660
674
632
632
602
584
582
586
632
672
692
754
744
684
684
666
692
714
646
632
672
680
772
702
730
738
794
784
790
784
726
780
740
734
696
704
662
720
730
756
772
734
744
758
730
688
666
654
698
694
726
736
736
762
746
762
728
742
750
750
746
718
724
712
670
680
664
660
652
682
734
770
734
654
698
712
710
726
648
684
716
720
692
670
708
722
696
674
682
716
688
664
702
750
732
664
644
664
622
656
660
692
710
680
694
752
750
704
660
700
712
752
752
722
726
764
776
764
694
692
696
684
660
652
674
694
684
684
720
774
782
742
760
718
762
730
712
680
668
698
704
782
774
744
782
748
746
790
720
686
706
734
734
714
680
718
734
786
730
700
712
784
790
766
738
706
738
764
728
696
672
692
704
686
710
724
770
774
740
754
762
752
734
688
712
744
746
736
688
704
730
762
742
710
756
768
732
730
738
744
724
666
688
704
706
666
644
670
662
690
662
706
742
708
690
668
702
722
726
700
728
744
750
724
700
714
708
672
666
728
730
728
722
740
756
714
698
734
758
764
744
744
790
778
754
736
752
776
750
728
748
748
752
706
730
726
766
720
682
710
724
764
738
736
744
784
712
704
722
742
718
658
618
678
662
688
668
658
726
746
754
720
672
686
716
700
670
654
654
672
652
716
696
670
658
720
708
702
674
668
676
702
698
674
698
706
# end time: 2015-07-04-00:45:47, 1435985147.84
