# R wave intervals in milliseconds per line
# start time: 2015-07-04-00:18:56, 1435983536.17
674
680
716
738
722
726
754
748
704
658
668
656
666
682
650
652
694
736
736
682
690
726
734
708
674
694
730
748
738
702
736
764
748
782
722
770
782
810
782
720
762
748
756
732
702
762
770
778
752
738
748
800
750
684
734
750
752
714
700
696
734
718
698
720
764
764
742
734
758
766
742
696
730
742
736
742
642
652
708
704
700
640
684
722
778
732
724
766
754
818
748
674
684
698
712
692
682
720
756
754
704
740
726
700
658
688
712
742
734
666
720
724
734
704
672
690
706
712
692
698
740
764
770
750
698
720
738
712
684
676
714
738
744
716
732
768
758
714
702
722
740
734
690
710
730
716
670
646
672
702
710
700
706
754
772
712
732
716
716
682
650
690
708
720
744
696
748
732
734
692
680
692
674
666
684
712
682
694
718
804
762
792
728
776
772
766
730
684
716
706
756
712
738
756
736
686
652
682
706
768
750
698
758
758
772
750
704
692
750
740
732
760
726
758
778
772
734
726
752
764
746
696
732
752
764
766
726
742
768
768
738
688
730
726
768
718
700
732
710
714
670
722
756
754
702
768
768
756
716
708
740
764
684
682
710
724
752
706
660
678
698
708
664
712
704
746
730
690
708
732
740
750
726
690
722
724
716
680
650
638
654
690
728
772
742
766
798
804
774
724
744
746
734
676
694
