# R wave intervals in milliseconds per line
# start time: 2015-04-29-15:10:18, 1430334618.91
778
712
658
604
656
690
908
616
606
634
636
606
584
622
586
572
568
588
604
648
716
736
702
722
728
698
748
670
664
666
700
718
734
730
714
728
738
736
684
676
680
728
730
726
696
670
712
702
702
728
682
686
668
656
626
586
624
630
652
666
662
678
682
702
698
680
628
600
622
582
594
602
648
676
672
700
700
714
700
676
612
646
656
706
752
778
762
706
718
722
710
696
700
680
672
692
710
706
696
700
740
750
750
734
658
746
732
700
702
664
678
688
698
648
634
658
674
686
722
714
656
678
650
678
630
628
612
670
662
666
614
606
632
612
644
642
614
614
612
618
628
598
574
608
616
638
652
650
620
622
630
600
654
634
588
650
600
650
636
634
640
636
686
738
772
740
702
720
678
712
636
656
674
654
576
780
672
648
666
666
648
666
620
662
688
712
708
688
712
684
690
650
590
636
620
656
656
674
646
664
682
668
688
714
610
666
690
670
660
684
622
682
670
682
644
654
636
644
650
632
650
648
664
680
700
738
662
690
642
604
628
610
610
584
606
610
638
656
670
662
656
658
676
660
712
668
668
684
686
694
644
560
710
644
644
686
634
652
664
686
726
710
670
722
702
714
676
634
680
676
704
690
652
696
672
568
776
678
650
658
686
694
678
638
668
648
656
692
632
614
632
650
670
668
660
632
684
686
666
710
638
646
636
664
662
666
698
648
688
672
656
656
658
682
714
720
714
690
704
692
652
648
656
650
650
634
598
602
630
632
660
634
622
640
642
654
652
630
666
686
672
650
608
620
602
676
666
634
620
668
654
674
664
644
646
620
660
606
650
616
646
672
692
662
660
704
698
674
656
650
668
656
682
616
642
644
608
646
644
658
688
700
522
554
686
728
726
710
682
682
698
700
650
634
662
670
722
698
672
642
714
642
624
620
616
632
646
628
620
598
648
652
686
632
652
618
596
640
656
690
716
784
732
728
690
680
670
662
652
654
650
706
698
660
706
730
732
732
682
682
658
656
624
616
632
642
668
706
686
678
646
642
660
642
700
690
652
640
626
620
670
644
602
642
668
684
728
662
672
698
682
664
602
598
584
606
612
628
620
644
634
678
718
716
702
680
680
672
644
586
544
1320
1330
1264
1162
698
804
582
580
604
556
554
588
616
574
618
628
594
618
608
624
640
616
632
604
602
602
574
606
558
560
580
630
620
628
630
638
632
644
712
766
784
882
530
1448
868
632
670
720
706
708
670
686
698
734
736
724
762
782
778
734
734
748
752
766
720
728
734
752
750
724
602
668
704
740
760
722
674
686
676
526
650
594
602
572
594
618
622
628
668
544
642
1370
1360
1300
782
588
588
636
642
724
724
682
690
678
720
660
636
636
622
624
608
574
686
712
718
742
698
694
696
702
686
644
664
664
668
640
634
648
674
682
658
640
640
650
642
596
604
584
588
568
572
582
608
612
582
606
620
634
634
592
638
600
614
626
634
612
650
620
682
652
702
666
668
682
722
728
654
678
660
666
680
712
662
740
736
776
746
576
682
652
700
580
616
544
636
646
686
710
712
670
676
652
702
664
654
628
628
680
688
718
664
686
696
692
692
636
624
614
628
644
656
650
658
692
716
738
732
662
670
686
624
678
670
658
700
710
596
598
630
576
2442
1466
926
982
1094
684
714
664
646
640
632
656
662
646
678
696
676
552
678
642
646
706
698
704
692
654
654
656
676
796
588
620
694
682
706
696
630
664
666
670
682
652
662
646
722
710
680
636
642
652
664
684
716
670
650
622
668
602
590
590
640
648
658
730
652
670
684
686
632
630
640
640
664
658
662
644
660
680
682
690
678
544
796
676
672
654
656
616
678
656
688
664
644
688
694
708
686
644
622
676
658
654
626
650
656
648
714
640
660
662
672
654
644
640
658
676
690
670
654
698
708
702
714
658
714
684
716
696
674
662
686
710
718
702
702
716
706
718
706
714
680
726
720
766
752
692
742
718
716
674
606
640
626
642
664
654
642
610
568
746
624
644
612
666
642
622
590
642
620
646
604
630
622
640
690
732
738
684
706
674
690
698
674
658
682
692
722
686
654
648
668
676
672
630
626
648
666
674
670
704
680
696
688
688
632
672
652
676
686
664
624
654
656
678
698
690
700
714
718
644
648
658
648
650
666
630
640
658
688
702
672
658
688
676
674
650
636
630
650
652
686
642
640
654
676
684
678
638
648
642
650
634
660
606
596
652
626
602
614
608
640
654
678
704
720
656
642
646
620
620
622
614
634
646
654
686
606
628
614
646
604
592
628
632
644
654
604
574
572
568
588
632
648
628
628
612
598
594
600
634
650
654
652
662
636
602
606
632
636
686
728
736
732
684
700
670
672
732
548
618
666
678
694
724
582
830
682
670
672
650
668
652
642
630
668
664
622
636
660
670
674
670
634
620
694
658
630
634
654
644
628
600
576
600
628
672
702
736
694
638
664
660
622
656
626
622
680
702
708
654
620
612
624
644
666
688
696
662
636
662
644
650
612
632
592
624
614
652
644
628
674
674
716
734
688
666
658
686
654
600
632
630
640
678
718
724
676
704
664
688
610
602
788
644
638
646
640
612
628
602
622
646
648
628
826
596
598
610
662
662
660
650
652
676
674
686
678
676
678
662
700
638
600
636
648
682
700
650
636
650
640
644
644
664
640
662
676
624
636
620
652
642
636
634
588
636
614
642
650
654
652
664
562
658
702
668
668
634
682
858
686
650
618
672
678
668
644
642
630
694
658
678
642
664
794
588
690
660
628
608
644
632
650
666
676
640
606
604
614
606
640
700
752
784
760
720
706
708
706
676
666
624
618
630
628
674
738
680
666
690
676
640
644
640
664
660
636
628
656
666
686
704
642
632
636
650
674
694
674
692
746
730
756
716
676
710
682
654
682
566
616
648
608
798
604
620
608
584
640
584
566
632
638
638
688
610
634
678
660
654
634
660
666
676
654
662
598
616
618
608
586
542
566
550
532
530
522
560
602
634
684
680
712
608
558
590
544
546
596
504
738
2012
1310
1250
752
634
820
782
828
780
752
720
702
656
618
668
700
706
696
668
658
662
660
636
638
604
626
540
560
584
590
660
760
812
804
826
810
766
786
720
728
730
724
706
692
656
624
610
534
596
538
610
612
628
662
650
630
634
636
610
576
616
594
584
570
552
566
584
576
580
606
636
616
608
642
648
634
636
668
706
664
684
658
670
676
684
636
662
670
670
636
618
618
622
710
690
708
708
652
598
642
614
644
638
618
622
666
730
708
702
668
708
678
704
644
666
648
658
642
616
638
672
690
714
696
644
674
646
664
668
640
1034
760
746
722
702
726
722
630
624
618
644
684
700
710
688
720
724
706
688
624
670
524
782
652
654
612
672
678
654
624
650
616
622
640
616
644
656
672
658
742
654
664
660
812
1328
796
672
696
684
680
664
664
642
630
680
736
796
798
726
794
822
746
716
724
724
710
694
670
644
666
696
702
664
700
752
752
756
704
596
848
754
746
688
710
724
732
712
704
748
748
724
736
698
734
744
748
708
696
682
746
678
664
680
708
724
746
686
668
690
682
658
628
618
612
662
652
670
692
760
782
768
780
720
664
896
620
720
718
672
670
698
710
686
636
662
670
684
700
680
730
690
752
744
704
714
696
754
724
704
654
704
632
764
502
620
658
686
660
628
628
690
706
668
632
630
692
686
652
682
646
610
664
624
658
584
630
616
618
678
652
582
642
630
688
722
760
742
766
782
780
756
732
706
740
700
662
672
682
686
740
694
698
664
668
730
668
690
708
702
736
686
666
694
638
634
594
616
666
678
686
704
738
770
744
740
778
726
666
692
660
592
606
624
622
616
596
588
590
626
650
690
686
684
718
732
748
698
662
692
678
670
620
626
586
634
634
530
574
602
634
672
678
670
698
738
708
716
640
652
662
690
718
730
696
716
716
742
728
788
784
724
734
704
674
716
664
634
626
656
744
710
684
654
698
698
698
694
692
690
684
648
638
678
692
716
678
796
574
680
672
622
634
638
688
740
764
728
738
752
742
708
654
656
618
652
608
570
526
588
564
604
626
670
676
748
650
670
676
656
608
1170
704
560
570
570
544
642
674
736
708
720
924
712
728
780
736
738
668
636
656
622
590
612
646
678
686
710
702
740
678
642
634
644
662
660
640
648
656
680
678
726
742
712
772
740
686
678
700
716
700
718
658
648
658
684
608
648
634
616
576
602
620
668
656
698
734
786
770
734
752
724
760
710
652
628
696
692
748
752
722
736
762
800
726
722
758
724
742
646
682
668
688
714
706
732
798
808
822
796
818
786
758
748
736
718
706
660
646
638
660
704
684
654
730
768
784
762
736
686
680
674
660
648
608
616
598
670
646
652
672
704
700
716
690
624
680
670
696
698
716
646
690
680
690
680
664
668
670
718
692
702
620
632
604
614
614
650
618
604
616
606
650
594
632
648
698
732
752
712
720
740
702
642
652
634
658
678
694
690
770
788
764
758
636
680
670
608
800
680
694
710
746
718
702
714
714
688
636
632
658
704
766
754
722
738
732
738
686
648
650
672
688
676
680
752
750
748
578
808
698
704
728
724
716
688
688
710
666
614
638
666
686
674
700
724
736
740
656
716
688
678
624
676
580
602
640
636
620
654
674
736
708
700
718
684
744
724
644
666
668
666
638
614
678
634
616
630
660
656
678
712
736
724
678
670
654
710
678
684
656
678
674
654
630
664
704
740
702
714
770
760
754
704
694
700
642
602
614
620
632
652
644
682
724
740
726
704
724
714
702
690
638
640
642
608
590
610
646
672
686
658
706
698
742
654
670
652
652
616
568
578
600
616
656
690
720
664
690
708
656
612
588
550
564
592
692
724
710
710
722
714
712
674
666
658
596
554
612
624
654
670
682
698
586
616
568
618
584
528
612
512
564
614
618
646
626
692
648
738
678
568
512
524
592
604
706
722
720
670
596
626
586
592
600
568
572
602
602
618
648
588
616
616
640
642
594
612
584
630
584
602
518
578
542
568
610
630
636
630
628
636
704
726
728
720
700
696
604
652
526
522
654
566
610
600
586
574
576
568
568
590
636
630
660
692
716
712
724
644
638
658
678
682
680
656
590
592
598
602
634
694
742
708
708
748
720
764
650
662
646
658
656
638
594
612
606
608
602
610
640
700
706
698
632
644
654
646
636
610
618
606
616
604
618
668
652
664
686
690
766
746
700
674
708
714
700
668
676
718
754
752
700
702
716
668
632
742
534
626
588
558
580
572
662
676
656
678
710
652
588
566
564
586
572
660
640
672
620
650
612
596
642
620
604
662
688
700
680
676
676
648
694
638
590
562
566
560
586
584
580
600
582
658
668
756
758
822
778
788
738
678
624
632
570
592
648
518
520
644
650
698
700
726
690
642
658
656
644
690
666
638
646
678
680
708
710
652
668
666
716
708
664
682
670
678
644
624
650
668
700
704
706
704
750
716
694
642
646
658
644
602
610
620
650
646
630
652
678
678
648
632
666
700
700
682
642
632
654
626
654
594
630
610
632
604
622
630
628
714
638
720
738
746
748
764
698
700
662
614
566
586
604
620
666
676
682
712
696
750
718
678
678
684
662
654
648
670
676
746
756
686
632
688
644
700
674
682
670
684
694
666
684
596
626
612
638
658
662
662
720
726
750
672
682
688
712
710
690
654
626
656
642
674
652
638
694
706
698
710
682
682
684
680
650
628
646
664
682
676
656
638
632
636
646
624
636
640
656
680
676
648
678
672
658
620
632
650
650
670
628
638
620
648
612
588
658
620
592
628
614
654
604
594
600
616
624
626
614
560
562
554
570
580
656
632
636
604
660
900
542
694
730
552
696
654
604
674
746
792
788
768
792
770
748
740
712
664
640
638
656
670
638
650
666
680
680
656
628
608
604
648
644
652
630
630
654
678
666
612
590
612
628
640
648
662
624
634
648
612
630
702
738
706
702
710
702
696
656
606
660
676
706
680
654
698
724
730
680
662
700
696
676
650
632
678
672
654
640
668
698
686
628
636
632
696
652
638
620
620
604
600
588
642
594
646
544
606
624
628
586
664
634
634
614
576
568
578
574
568
588
618
632
598
548
586
570
578
550
618
626
668
842
686
666
666
614
572
590
596
618
656
664
632
668
710
750
764
744
668
730
658
636
620
602
646
640
636
628
576
568
580
606
612
618
610
632
642
672
694
670
622
628
624
634
628
614
628
2452
1472
1192
716
514
522
558
600
668
780
760
716
664
666
600
586
566
578
606
660
712
706
726
736
684
734
710
720
736
714
732
728
710
684
698
678
690
708
734
766
758
768
730
790
688
652
656
686
734
744
736
738
744
734
692
678
616
652
670
696
728
736
572
872
726
700
690
672
678
690
610
640
626
616
626
600
574
592
586
622
598
572
602
600
612
616
572
598
618
640
676
706
662
666
678
684
638
642
660
664
694
704
658
664
694
682
672
696
622
662
658
678
694
710
654
706
720
750
744
700
678
682
668
638
694
784
766
766
702
670
692
682
658
666
578
614
628
602
620
580
578
614
634
634
596
648
650
676
662
640
598
614
622
612
618
584
548
566
584
598
626
612
630
666
684
702
714
636
664
628
1566
1218
730
562
624
652
612
636
644
668
634
594
606
614
622
628
636
684
736
780
802
766
708
718
678
720
656
652
668
704
740
728
698
708
740
766
776
748
696
694
686
700
686
666
658
708
718
718
740
722
752
758
714
728
716
734
706
666
716
690
706
674
638
686
718
754
734
744
750
782
718
676
688
702
674
652
632
660
662
656
636
630
672
630
572
568
564
564
628
646
616
636
636
584
554
582
594
610
642
608
596
740
622
598
596
578
548
558
560
574
578
580
616
606
630
674
692
758
766
750
748
686
634
652
644
618
610
592
624
654
720
758
712
714
686
762
626
628
1380
830
590
618
658
666
664
664
670
684
654
638
664
686
648
652
620
626
548
706
502
816
562
578
602
590
608
616
646
614
606
588
586
598
566
600
586
544
600
612
628
642
670
634
654
650
688
626
602
606
614
614
658
592
578
590
592
672
656
660
678
716
734
700
686
692
626
716
600
566
602
608
656
670
736
762
766
746
732
766
758
752
704
658
648
644
736
546
588
606
660
744
738
716
752
782
756
676
646
690
608
644
660
668
698
652
618
608
630
640
602
602
608
626
642
668
624
1216
730
736
570
550
544
612
606
632
640
628
642
658
638
648
610
578
622
622
642
636
630
684
726
742
716
640
624
642
676
666
678
702
700
684
652
680
640
604
604
626
604
560
588
622
636
738
762
794
786
792
748
740
772
760
730
726
716
618
624
588
608
788
526
656
664
698
672
736
730
722
666
680
674
628
648
598
588
616
642
680
734
730
698
714
712
692
722
628
630
666
644
666
640
584
622
614
622
618
608
644
634
640
700
696
746
768
626
634
648
684
672
710
672
676
674
686
684
666
630
614
664
670
700
644
644
618
566
558
594
628
672
718
724
664
624
606
582
596
# end time: 2015-04-29-15:49:35, 1430336975.03
