# R wave intervals in milliseconds per line
# start time: 2015-11-24-03:59:54, 1448355594.51
558
540
566
580
602
630
616
632
606
598
612
612
640
698
710
680
684
672
616
572
564
568
584
600
632
694
588
564
548
544
552
568
590
612
624
592
562
576
580
584
604
600
560
568
566
574
578
572
564
590
594
622
610
628
614
624
644
662
662
624
582
580
588
624
684
728
694
662
650
644
646
600
570
546
542
554
630
868
822
802
784
712
624
566
536
526
530
556
564
610
684
706
724
694
654
656
654
628
604
574
568
566
556
542
536
530
536
558
574
582
582
602
618
636
628
636
642
648
628
580
574
570
590
694
844
826
818
800
768
710
604
594
608
614
620
626
602
586
582
580
570
560
552
570
554
550
556
572
580
592
604
586
572
578
572
578
578
572
564
574
582
610
624
608
578
574
580
596
612
616
612
582
560
558
558
548
554
560
560
546
536
536
544
560
580
580
600
548
590
568
558
562
550
544
540
540
538
522
528
536
544
556
574
564
578
550
564
570
558
556
542
548
540
550
548
552
540
552
556
554
548
544
536
534
536
536
538
540
544
548
546
538
534
542
556
572
572
588
600
598
600
586
564
546
548
550
550
552
552
540
546
558
550
558
554
540
548
542
528
520
516
520
530
546
566
580
592
588
572
566
560
564
542
536
538
552
554
566
576
572
552
548
554
558
554
546
534
534
532
558
556
586
588
598
588
554
552
562
542
552
542
526
524
508
924
502
528
570
640
666
670
624
576
564
572
588
602
612
630
616
594
592
592
588
588
570
558
564
576
586
610
620
612
584
584
594
584
576
570
534
528
556
560
574
566
558
618
632
630
618
602
602
588
578
572
538
542
548
540
536
510
510
506
516
502
990
522
552
608
634
610
630
600
642
594
616
646
650
684
646
646
626
616
620
614
616
612
600
578
552
544
540
540
540
540
532
530
540
536
532
538
546
546
548
540
540
530
524
510
518
504
982
512
504
530
514
562
562
582
548
546
540
530
526
534
512
526
1000
996
530
508
518
532
552
556
562
580
568
560
546
528
520
522
520
516
506
502
504
960
986
504
542
586
580
580
578
586
558
552
544
552
540
546
546
526
520
520
516
516
514
506
502
512
532
542
544
562
558
566
570
564
564
558
550
552
506
560
522
516
532
572
918
550
502
950
516
528
526
516
512
528
508
534
512
508
506
508
976
520
518
970
974
980
952
960
964
974
516
976
510
956
964
944
942
962
506
532
562
564
532
544
524
536
544
530
524
520
982
504
982
502
514
540
576
602
606
592
580
546
532
512
984
510
510
992
970
978
992
506
506
522
520
536
516
536
510
520
536
514
522
514
512
990
984
506
970
518
950
970
980
508
994
506
516
512
502
504
972
510
990
536
532
534
576
614
572
594
572
554
552
558
534
526
514
516
992
502
510
508
524
502
994
512
502
506
962
964
966
978
948
502
504
520
544
532
528
520
522
518
520
508
986
992
992
502
978
986
510
992
504
506
972
520
512
516
512
986
974
956
958
952
976
512
512
520
536
550
562
562
560
544
528
520
510
504
976
980
966
992
510
528
530
# end time: 2015-11-24-04:06:41, 1448356001.37
