# R wave intervals in milliseconds per line
# start time: 2015-07-15-17:08:47, 1436994527.13
716
724
700
688
694
696
668
676
642
680
642
662
648
634
632
608
612
642
678
706
678
666
640
660
646
638
628
654
688
714
722
716
716
708
592
628
616
684
728
796
810
778
814
798
784
720
712
696
738
678
656
708
756
770
824
852
878
882
824
814
786
766
734
708
722
718
676
710
742
776
726
712
776
826
816
748
700
710
726
744
772
796
810
784
764
754
750
764
756
758
786
810
832
810
782
790
766
728
690
684
694
728
796
796
758
798
828
846
826
808
822
812
802
762
758
760
752
734
754
776
800
786
772
786
796
784
776
788
790
778
740
706
706
722
746
746
770
766
732
770
826
814
812
816
798
784
740
726
708
692
700
652
676
726
788
822
836
826
810
806
792
774
748
736
738
710
678
706
720
688
658
666
698
724
728
746
696
694
692
696
682
644
594
640
706
714
762
734
732
742
742
726
712
734
750
778
790
784
798
802
808
818
790
790
798
794
798
786
786
804
816
816
792
778
834
812
790
796
802
790
764
718
790
798
804
748
736
768
790
800
758
768
772
780
714
724
732
756
774
722
710
742
748
752
706
732
770
770
744
760
782
802
756
738
734
742
724
738
780
810
812
742
746
750
756
722
730
792
818
824
776
776
818
832
802
800
776
756
696
646
648
646
656
706
746
760
770
770
758
748
756
768
784
774
778
774
774
758
730
706
714
664
616
626
654
694
738
794
780
776
792
804
780
748
752
750
742
710
712
706
686
650
680
712
756
748
730
756
776
778
758
766
766
776
736
680
660
702
738
764
742
694
670
702
708
698
684
656
670
640
648
620
596
604
636
656
696
702
764
742
716
744
748
752
706
708
722
756
740
710
702
714
706
698
700
720
738
764
774
780
732
700
686
654
638
624
622
634
664
660
680
712
742
760
718
716
750
772
790
764
692
694
708
728
750
768
756
790
820
848
826
830
832
824
808
782
788
796
814
784
806
812
802
764
774
802
818
826
828
822
824
838
808
792
800
800
784
732
750
782
814
804
774
774
750
794
736
724
728
746
712
710
766
816
806
794
832
854
856
828
824
812
768
730
712
704
676
712
766
812
848
806
814
814
814
784
770
766
776
776
762
762
764
758
734
738
756
766
754
692
712
744
722
730
778
810
832
830
822
828
808
742
686
724
756
788
784
748
776
798
782
736
676
674
678
680
658
644
648
662
728
826
854
840
848
856
844
802
772
766
788
800
780
734
734
722
706
676
692
724
750
752
738
756
766
768
726
716
734
746
758
752
764
772
754
712
710
720
728
706
714
770
808
806
788
780
752
722
720
706
696
722
790
810
782
804
822
810
782
782
762
720
696
718
742
764
736
752
780
822
814
816
844
852
816
804
798
788
764
776
790
802
758
772
798
794
764
782
796
812
788
776
772
760
724
732
754
782
804
796
826
844
842
818
812
818
814
784
790
802
810
802
762
760
770
746
692
712
742
784
780
762
778
780
782
740
746
754
762
728
686
700
706
722
702
744
776
756
780
756
758
696
708
744
778
808
800
758
750
742
740
756
762
764
800
786
796
798
790
758
690
680
670
700
708
722
760
778
802
794
790
800
790
768
762
792
812
830
794
790
800
812
788
764
764
792
806
752
750
766
768
738
706
728
750
764
748
706
736
760
760
728
716
752
774
792
784
794
806
816
794
790
804
798
798
756
742
754
770
804
754
730
732
744
764
756
700
732
798
828
816
834
796
728
718
696
696
674
642
656
680
680
646
644
684
706
724
710
692
700
712
730
740
706
698
722
742
754
722
716
738
776
750
730
740
732
712
660
668
686
714
736
704
720
756
766
768
752
766
768
752
732
746
770
790
772
764
780
782
772
794
816
834
806
802
818
818
814
808
814
802
774
700
706
724
760
770
728
742
746
712
628
608
556
674
736
794
810
794
736
746
772
768
744
712
694
682
670
654
666
704
732
720
738
734
732
740
728
710
702
714
684
666
646
644
646
634
616
614
612
610
632
626
628
636
660
704
762
788
804
784
768
774
758
748
728
704
706
706
702
674
712
752
786
730
702
712
728
746
708
670
674
686
694
652
718
742
746
710
624
740
768
772
774
774
742
712
724
730
738
704
664
666
666
648
632
640
680
678
696
690
640
666
652
672
650
628
650
644
654
674
630
594
622
632
618
640
620
602
596
606
590
578
608
610
624
662
626
650
594
600
630
638
726
652
682
714
702
652
654
672
662
636
610
652
642
642
622
618
592
638
640
680
696
692
648
690
684
654
618
654
658
666
652
634
698
734
770
748
712
722
702
682
656
670
694
684
656
702
750
768
690
708
736
756
710
694
728
744
720
682
704
732
724
680
704
736
714
676
692
716
714
660
682
680
650
666
636
708
732
712
710
734
728
728
740
750
752
728
662
692
682
700
722
730
700
772
778
792
750
690
702
672
662
662
712
738
680
708
728
744
722
684
740
770
756
716
738
756
750
706
704
716
688
690
628
640
614
602
590
604
660
756
762
688
712
704
686
630
620
646
722
678
660
676
734
770
740
692
698
702
710
688
696
744
786
820
824
818
842
850
838
798
806
826
818
778
698
692
682
704
686
670
702
730
772
802
750
724
718
732
728
738
706
660
668
682
726
680
676
700
664
664
674
702
674
674
708
700
704
678
678
698
670
656
662
690
722
724
700
732
752
750
760
686
694
676
674
666
646
686
688
672
672
648
662
688
698
678
654
668
680
686
654
644
612
638
628
640
682
668
672
700
678
646
672
698
676
652
686
734
756
786
756
738
742
742
752
730
720
730
746
758
750
728
758
764
770
740
732
752
782
816
824
760
750
790
846
824
808
822
824
780
726
728
748
724
762
804
816
784
702
654
662
690
740
822
788
# end time: 2015-07-15-17:24:11, 1436995451.18
