# R wave intervals in milliseconds per line
# start time: 2015-07-22-18:16:49, 1437603409.56
782
812
882
666
796
764
736
686
630
608
638
668
708
746
698
684
664
554
814
698
734
716
666
660
662
744
702
724
726
732
744
736
720
732
750
774
764
700
692
698
706
712
702
672
660
680
728
782
794
740
694
718
748
750
750
694
656
672
712
718
698
690
730
810
844
812
798
820
784
816
748
714
744
772
742
762
798
826
812
812
820
790
758
714
756
808
820
780
796
830
816
796
816
846
816
772
820
844
808
764
766
800
792
746
760
788
780
732
754
794
812
784
798
780
756
660
656
658
704
754
738
722
736
784
832
864
820
762
776
810
806
816
778
802
836
850
858
828
776
770
742
740
714
702
760
808
842
794
778
816
826
832
812
772
786
790
822
792
762
792
796
786
722
690
710
758
788
788
750
760
790
752
708
736
782
808
810
764
776
802
818
804
756
786
826
854
814
834
864
830
750
688
704
720
724
688
656
692
708
740
708
718
790
814
770
720
712
746
790
818
784
752
762
786
798
788
730
762
804
832
784
784
818
822
804
770
782
784
758
744
800
834
838
782
802
782
758
696
672
664
706
756
798
766
696
724
736
718
674
674
688
758
840
860
844
864
872
852
762
696
720
746
780
752
708
748
816
826
766
780
818
818
740
714
752
784
788
728
748
798
824
762
748
798
826
796
714
728
734
716
678
702
764
804
798
764
788
774
726
702
728
766
748
732
760
808
814
768
776
794
798
798
800
834
846
838
816
800
804
818
810
778
808
818
812
806
784
812
820
798
750
780
796
772
718
742
768
792
744
700
728
746
726
672
676
680
690
718
764
718
710
726
742
740
748
710
686
702
696
698
700
664
676
704
712
700
680
650
658
686
704
670
660
670
682
670
636
676
700
728
766
758
730
766
780
776
744
736
684
662
698
762
876
860
874
880
856
780
724
752
778
820
802
748
792
822
808
768
772
830
878
878
846
862
868
846
762
732
764
764
742
700
720
728
692
656
670
676
664
696
750
786
834
818
752
762
758
736
704
744
792
818
792
762
802
814
812
760
752
788
800
788
776
802
816
772
798
820
798
720
662
680
698
718
706
726
782
812
782
738
762
784
730
696
700
666
664
676
688
662
704
768
802
774
692
710
728
728
704
730
788
814
822
778
762
798
810
798
762
796
800
766
716
704
746
786
794
726
750
778
798
806
790
744
694
700
736
798
828
818
754
668
654
682
716
736
706
754
782
776
722
732
760
792
746
752
778
806
768
726
754
772
732
684
710
730
748
746
714
754
802
798
738
684
692
694
734
778
772
798
824
834
808
778
802
814
836
848
802
826
842
856
832
814
828
814
782
716
734
792
772
738
772
842
882
800
774
824
848
788
724
738
790
804
736
720
782
840
832
760
718
736
756
760
720
718
768
788
742
708
724
700
650
610
612
622
626
628
618
636
654
676
668
726
778
820
814
770
762
736
720
672
628
616
620
628
664
682
656
614
612
616
630
632
638
690
758
830
856
834
810
776
776
786
782
774
742
748
760
766
768
726
732
754
748
700
656
664
716
768
774
720
694
670
666
674
696
676
740
812
852
776
752
796
804
820
792
720
746
792
822
788
738
786
822
838
788
792
810
784
710
692
728
744
708
654
668
714
756
784
776
700
694
718
736
750
750
782
848
850
836
788
746
770
782
816
818
776
794
816
808
758
746
768
774
756
734
766
798
808
802
740
774
786
758
714
696
760
806
842
814
820
822
760
712
754
790
800
776
784
822
806
742
754
788
788
760
792
818
802
754
782
792
772
704
714
686
680
746
846
848
814
852
860
780
686
654
672
698
722
754
828
852
820
794
808
812
772
730
754
792
798
752
746
780
814
820
782
786
804
802
786
718
668
648
654
690
764
810
774
788
832
826
768
768
784
800
774
772
802
806
780
736
740
756
746
702
710
758
778
718
670
692
674
646
602
654
632
632
620
592
586
694
688
700
710
716
708
680
670
664
676
680
672
678
680
688
684
714
754
778
784
756
730
680
666
684
692
704
716
770
800
816
836
834
762
686
670
708
734
798
786
832
822
782
744
782
816
824
820
772
714
738
762
780
796
744
674
662
672
696
728
774
812
800
730
716
714
736
748
756
718
690
722
734
708
734
774
790
774
724
788
786
794
752
702
728
742
746
720
708
750
770
766
734
706
676
652
664
652
656
688
720
724
748
764
714
690
678
648
642
646
666
686
702
676
642
642
640
632
628
620
676
688
686
684
666
636
628
618
602
594
618
636
672
720
710
674
640
666
682
698
678
670
720
788
840
840
812
820
824
822
816
774
782
782
792
774
750
782
810
822
832
804
778
772
752
722
764
806
830
798
752
780
798
782
748
762
764
704
660
688
704
718
742
710
676
704
738
756
796
752
770
786
786
760
736
710
664
686
700
718
700
672
668
700
750
778
724
664
672
716
760
740
696
712
746
752
760
722
688
726
750
766
744
726
746
764
736
712
748
762
744
702
714
746
770
782
796
756
776
786
786
756
690
700
748
782
790
788
790
752
700
726
748
760
696
714
722
766
732
710
762
788
774
742
758
766
732
682
634
660
662
678
712
724
740
728
706
668
666
668
664
662
656
676
726
682
704
760
802
816
806
766
710
682
678
640
636
644
640
650
674
750
812
830
816
786
816
804
784
710
658
662
638
634
634
696
732
832
876
852
882
880
868
844
784
692
682
708
728
750
740
736
772
784
784
754
708
736
762
756
750
702
702
716
724
722
696
654
662
684
698
720
730
696
674
670
660
664
686
708
686
668
698
756
802
796
732
690
724
704
658
652
678
730
792
764
778
826
824
796
770
780
784
738
698
702
716
742
722
744
810
844
820
794
842
840
800
732
700
720
760
762
728
738
780
784
748
728
754
754
728
708
742
772
766
746
776
778
704
682
702
716
718
692
678
714
752
778
776
770
784
756
712
660
660
668
648
680
716
734
688
660
694
722
722
696
692
718
712
714
710
668
636
660
668
658
668
738
806
804
770
784
794
790
744
750
758
800
718
688
712
748
778
758
762
816
824
808
726
682
690
736
786
796
752
802
828
786
706
716
736
720
686
704
760
782
726
718
768
782
732
684
714
766
796
718
646
662
680
714
710
670
656
682
698
700
676
652
696
728
724
686
732
768
782
752
762
770
772
718
656
710
700
692
642
676
698
636
632
640
668
726
770
744
756
774
728
702
732
738
782
796
748
746
780
788
760
738
772
776
772
720
734
764
764
722
676
700
718
706
666
674
704
664
628
662
692
758
812
800
734
738
748
742
712
664
694
714
730
740
726
794
828
812
748
744
752
700
698
724
712
710
738
764
716
728
746
808
778
754
760
736
688
640
660
676
708
718
680
712
746
752
708
694
726
730
708
652
652
674
686
684
648
618
618
616
628
640
662
678
752
774
724
680
688
726
744
754
728
712
732
730
724
710
662
638
632
648
632
624
646
686
700
726
788
818
786
730
748
756
758
760
702
726
780
812
814
754
746
756
744
694
672
716
742
710
674
716
736
738
692
672
688
694
672
652
646
672
686
668
646
684
726
712
692
756
784
788
714
658
632
616
632
698
820
868
852
810
822
836
824
824
794
786
786
780
792
774
766
792
794
796
772
716
692
716
782
824
766
696
696
734
740
712
716
756
762
736
686
612
626
646
662
704
762
782
772
746
700
698
688
698
702
682
698
716
684
638
664
720
826
834
804
772
710
676
686
710
722
698
738
770
772
744
734
736
718
682
702
734
762
752
752
798
798
740
716
724
726
690
638
670
698
696
668
734
788
812
810
760
750
714
684
680
686
664
668
718
762
794
750
724
752
730
680
686
710
758
796
794
722
688
710
708
716
696
704
690
658
618
596
608
620
642
674
678
704
710
768
760
762
714
694
682
674
682
700
702
752
760
768
734
678
666
674
674
688
724
748
752
726
746
762
774
768
724
720
736
754
744
692
698
730
742
724
686
710
732
734
698
688
764
816
814
740
734
772
790
770
716
682
704
730
742
742
726
692
708
748
772
750
698
714
748
766
768
736
724
758
782
778
724
736
764
784
768
728
778
804
822
768
698
698
702
694
674
648
626
596
608
640
704
776
792
758
780
786
774
720
698
708
732
758
768
750
792
816
816
784
804
800
810
772
726
764
774
736
734
790
828
830
776
756
748
738
706
740
760
742
698
718
754
770
770
764
780
764
722
696
724
736
736
700
660
634
648
656
654
650
654
630
628
620
614
594
552
568
562
552
536
620
646
638
726
726
690
714
700
666
652
634
630
614
602
586
582
576
572
596
606
678
766
820
836
802
744
736
728
736
740
776
744
700
700
748
800
820
842
842
832
812
804
786
748
672
650
696
762
814
734
684
750
798
782
710
672
662
672
700
752
760
714
710
760
786
800
748
692
700
742
784
784
720
728
746
750
750
700
702
754
796
794
720
756
792
776
724
720
748
774
794
752
728
718
702
672
632
644
636
644
658
646
634
654
680
700
718
706
730
750
754
744
698
702
714
732
736
710
710
728
722
720
680
646
630
634
628
658
688
694
724
718
708
730
720
720
714
674
646
664
674
688
688
658
630
630
648
628
626
638
690
734
# end time: 2015-07-22-18:41:37, 1437604897.88
