# R wave intervals in milliseconds per line
# start time: 2015-12-02-18:22:10, 1449098530.12
574
596
580
558
570
626
728
762
750
794
824
836
780
758
760
758
776
798
798
776
798
750
732
690
684
706
722
732
710
712
734
714
688
678
700
714
732
708
740
692
704
712
730
700
648
654
662
628
628
638
662
698
714
720
688
662
618
690
624
612
634
608
626
606
602
588
574
552
582
584
594
598
602
618
636
662
668
674
696
704
698
704
712
712
706
676
658
684
722
734
754
788
810
806
768
762
758
744
730
716
714
720
706
680
650
684
728
776
794
760
736
750
730
694
696
680
698
690
658
654
660
686
708
738
744
688
704
694
676
642
612
616
630
622
620
664
720
742
752
728
718
708
686
682
678
690
686
690
692
680
672
692
708
694
672
666
640
642
660
604
622
644
746
800
838
852
854
836
790
724
712
712
726
752
784
798
808
780
784
806
834
838
832
810
796
790
788
762
718
720
724
784
768
774
764
764
756
754
722
730
734
742
710
706
700
696
676
700
744
756
734
728
732
714
682
642
652
678
712
712
710
744
756
756
746
770
792
774
746
704
702
702
710
674
674
688
714
716
732
764
804
810
788
768
778
812
802
766
806
844
872
856
816
800
792
794
750
756
794
798
748
690
696
694
690
680
686
692
694
736
750
724
746
748
736
692
704
686
682
680
668
690
708
712
726
704
690
706
716
732
740
718
686
690
700
676
646
642
652
694
698
688
660
636
650
656
670
674
690
670
700
720
728
734
728
700
692
698
678
660
668
664
680
714
748
730
702
742
750
740
704
702
746
766
780
758
724
746
756
712
708
712
696
716
672
702
718
742
746
710
704
722
716
702
674
680
712
654
594
600
586
776
796
838
854
860
856
828
822
794
762
740
736
744
736
732
724
728
736
742
740
760
766
758
732
730
732
742
702
690
672
672
750
774
786
782
824
788
764
730
676
668
666
684
712
768
786
792
838
842
834
776
792
790
720
710
710
738
762
704
632
626
614
746
750
752
764
740
710
688
688
670
664
662
666
640
670
650
656
632
626
630
616
652
660
692
728
702
682
688
714
716
716
698
686
710
736
758
762
772
768
762
748
718
692
648
666
646
640
716
740
778
808
750
804
812
796
752
682
680
682
692
744
786
786
766
696
722
704
692
680
714
760
788
784
746
742
696
716
672
694
718
712
656
652
696
680
672
654
686
730
748
728
658
708
678
648
620
636
674
718
736
772
782
766
714
740
760
730
742
746
754
728
684
678
730
726
708
670
656
670
680
708
662
694
702
780
814
834
814
778
794
784
762
714
700
690
666
662
652
666
700
744
764
748
764
806
800
750
712
706
662
612
606
610
608
676
770
770
810
854
890
880
856
874
880
856
822
822
828
804
778
720
728
752
738
694
694
750
788
818
792
816
832
822
756
760
766
762
704
708
726
732
726
714
744
738
732
702
708
722
692
706
648
670
690
676
688
736
750
770
716
784
766
712
684
684
664
634
626
618
628
730
798
812
822
740
736
762
774
774
752
740
728
758
716
678
738
734
728
696
714
724
730
740
692
672
706
746
714
730
770
792
784
752
718
720
732
710
704
682
714
726
734
706
730
736
738
716
678
692
710
718
666
664
688
698
664
650
666
688
702
686
688
704
704
670
630
652
662
672
656
634
654
652
636
622
624
632
660
682
668
712
710
694
664
626
632
636
622
628
706
768
774
730
730
732
788
792
784
786
790
780
728
696
712
718
736
712
718
708
760
726
690
700
686
724
682
704
722
700
706
736
730
650
626
608
592
730
730
726
720
696
688
654
650
640
638
616
608
618
594
636
630
582
596
598
618
600
582
570
564
564
634
670
660
660
642
636
624
604
588
570
568
584
592
616
644
736
762
758
774
774
778
744
742
650
670
668
666
638
678
692
682
716
720
700
700
706
692
658
634
632
650
662
642
632
634
658
698
664
630
658
684
694
682
646
618
654
678
670
670
716
748
786
756
724
748
734
698
656
660
682
702
726
796
798
826
818
778
720
662
664
662
670
698
712
744
766
780
752
756
820
804
798
806
828
832
810
812
808
852
796
782
794
780
722
684
722
740
726
694
740
744
716
690
722
750
764
722
734
748
762
740
738
728
732
702
688
698
758
728
686
664
658
656
684
706
716
776
810
790
776
774
782
714
690
748
722
670
648
676
694
712
714
728
678
728
742
736
744
778
794
744
752
768
748
714
676
664
644
626
626
630
662
742
762
736
772
794
780
730
746
748
714
682
686
736
760
748
704
628
616
606
720
760
778
770
754
724
708
698
702
688
704
710
712
710
712
708
718
734
746
746
732
726
730
726
710
680
670
662
646
632
644
668
722
734
694
702
704
700
702
688
648
626
660
678
678
680
658
670
636
658
614
650
692
706
732
716
676
676
686
696
684
674
674
712
724
708
646
636
652
650
642
618
648
672
670
712
678
708
682
644
618
628
640
686
692
770
716
782
760
742
704
702
770
726
690
674
714
750
780
800
768
810
816
808
784
748
738
728
710
696
738
778
802
812
778
786
788
772
740
750
754
746
720
702
732
744
724
696
700
698
710
740
732
758
778
768
714
690
704
720
764
758
750
766
766
732
718
752
750
740
740
756
758
744
734
760
764
760
736
752
772
780
742
750
746
810
770
748
750
732
764
724
724
788
770
736
796
812
780
782
736
790
782
740
684
706
730
748
766
770
788
806
778
740
756
752
742
708
722
746
734
724
724
734
710
696
718
728
698
686
706
724
716
686
684
668
650
658
702
744
744
756
834
832
810
828
850
858
824
810
800
780
736
716
726
722
694
664
718
748
762
728
740
754
712
678
704
728
734
736
736
784
778
764
728
722
732
734
722
746
758
786
758
760
768
764
742
692
692
740
742
760
740
772
774
748
740
740
736
700
674
694
712
708
690
712
718
698
686
700
720
704
698
664
706
738
730
730
740
738
714
690
690
708
706
722
746
750
736
682
654
670
682
706
678
650
684
730
786
788
800
806
822
818
838
838
804
748
746
758
780
764
764
766
748
728
764
802
816
816
804
814
812
778
748
750
732
706
676
706
728
730
702
720
746
764
748
684
698
706
714
688
658
662
676
648
644
632
616
616
636
666
678
664
640
694
710
748
752
758
738
714
716
712
698
690
666
664
692
722
754
770
792
808
794
774
762
768
766
720
710
690
670
636
604
640
696
766
786
750
802
818
838
