# R wave intervals in milliseconds per line
# start time: 2015-12-03-10:34:52, 1449156892.18
574
594
580
556
540
542
548
562
550
584
542
530
534
548
570
558
538
528
536
554
586
584
574
552
564
558
540
576
548
532
512
508
520
530
564
600
566
562
590
612
626
596
560
562
570
570
574
572
540
540
540
544
506
552
544
562
596
622
608
570
570
580
588
570
550
550
542
548
532
518
564
526
574
536
558
528
534
550
538
516
548
534
546
540
526
512
508
520
536
536
598
556
550
546
590
558
526
514
506
520
530
542
532
538
526
522
510
990
522
968
510
514
532
538
538
556
554
560
564
542
546
544
550
536
518
508
504
514
522
522
520
512
516
510
988
526
988
504
504
520
558
538
530
522
538
538
542
526
504
514
520
518
520
504
990
508
534
550
530
528
536
566
584
552
536
542
548
586
586
574
540
532
524
520
514
986
956
514
526
522
520
528
546
540
560
546
506
536
530
508
# end time: 2015-12-03-10:36:38, 1449156998.96
