# R wave intervals in milliseconds per line
# start time: 2015-12-05-13:07:09, 1449338829.78
514
764
762
742
714
682
650
692
640
684
620
638
628
660
676
702
720
706
674
652
622
602
612
618
604
614
660
672
766
732
684
710
708
678
642
610
610
644
636
718
686
646
674
646
748
712
660
662
666
680
682
640
622
648
648
648
638
618
630
638
670
676
664
628
622
634
648
652
634
634
634
642
646
628
626
648
620
602
598
592
588
606
608
664
646
656
644
626
616
612
654
714
758
762
796
808
802
810
816
784
724
724
742
740
742
716
708
740
758
764
776
774
756
736
748
738
740
710
694
720
760
776
770
744
740
756
744
702
642
680
702
736
708
672
710
738
770
752
680
694
710
716
710
658
668
692
710
708
664
634
660
676
666
718
678
720
748
782
782
752
730
738
714
670
646
674
698
754
798
792
786
786
778
758
698
720
728
732
724
728
702
732
738
748
738
672
700
712
720
718
668
690
720
726
702
680
698
726
756
700
626
648
644
674
632
602
576
590
590
580
630
674
676
670
698
742
760
762
696
724
742
748
736
676
720
752
780
784
774
704
730
744
766
724
666
696
700
708
682
662
690
680
744
806
830
768
808
764
736
714
700
696
648
622
638
664
696
686
652
704
732
766
716
654
678
662
678
648
622
644
668
698
730
726
640
670
660
652
652
660
626
620
644
666
668
684
658
620
612
616
606
650
688
784
806
826
834
812
764
802
772
762
740
692
696
724
742
784
758
678
694
720
686
582
620
608
588
586
598
600
588
570
572
572
586
602
616
630
614
598
620
594
638
596
602
630
642
676
738
776
786
808
798
772
748
726
694
672
684
686
642
634
656
680
706
718
724
714
716
714
684
634
614
612
612
654
690
770
814
824
796
800
762
670
630
654
600
608
624
614
616
636
638
634
668
640
622
602
612
572
584
550
604
550
580
574
586
626
666
712
716
726
726
722
692
640
646
646
648
642
678
622
652
698
748
784
718
756
744
720
650
620
638
624
610
644
740
784
784
770
680
632
650
654
678
688
660
640
674
682
716
682
610
624
594
602
618
692
746
800
810
790
764
736
698
640
626
606
584
562
658
764
716
710
658
646
604
596
594
582
588
588
600
604
608
624
654
684
714
740
726
724
612
600
568
680
870
838
784
742
674
654
634
620
590
606
650
696
734
738
738
736
724
674
654
622
598
606
632
662
712
768
784
784
792
788
774
744
706
682
660
646
600
566
574
580
602
650
656
694
732
750
752
698
668
684
680
656
628
622
626
616
594
578
576
580
594
612
638
668
680
666
644
652
638
622
638
648
656
666
650
616
614
614
608
622
616
608
600
596
614
622
600
568
592
592
612
628
642
664
672
642
626
642
636
658
680
646
624
642
656
686
694
672
672
678
672
670
642
648
604
610
610
596
596
618
630
682
748
740
748
720
664
654
658
638
616
592
592
612
638
646
662
654
734
710
716
702
662
604
582
598
592
596
610
588
622
632
642
658
652
614
610
624
628
642
632
606
600
580
586
602
628
632
632
612
590
580
592
560
556
564
576
574
586
614
616
616
602
584
580
590
588
640
630
618
618
632
622
594
580
570
588
600
612
646
714
708
656
628
650
664
656
630
592
578
572
586
622
682
720
724
690
734
734
734
734
666
646
654
654
686
708
662
620
620
656
700
742
752
676
640
692
676
648
626
642
664
666
634
640
662
660
722
684
664
608
614
624
612
632
648
622
614
632
652
632
648
668
672
666
630
648
634
634
618
588
608
618
602
614
656
690
732
744
662
632
646
642
624
598
574
574
580
608
636
646
698
710
652
634
624
624
588
548
558
578
586
612
652
652
642
668
690
638
752
726
730
696
798
752
670
648
656
638
616
656
674
710
730
710
652
646
658
662
624
614
648
692
750
756
730
642
616
678
654
658
622
624
660
686
710
738
738
660
668
684
684
700
710
708
650
586
616
612
646
668
682
658
682
700
702
728
634
620
626
636
634
616
638
656
660
660
660
678
698
712
654
688
714
716
688
724
752
772
744
724
744
742
694
706
730
744
690
642
708
710
712
690
710
734
754
748
690
668
706
696
674
704
646
604
636
648
618
668
676
702
712
670
622
644
676
690
688
642
630
642
642
658
664
660
642
644
656
664
652
630
622
648
692
718
690
698
720
762
778
762
696
702
688
678
668
648
616
636
696
716
718
638
632
688
714
742
738
734
726
674
696
706
708
740
746
730
688
646
678
712
746
738
680
620
644
664
678
678
636
628
646
672
706
726
678
642
628
622
620
612
610
656
694
664
618
694
678
688
654
618
616
628
632
636
622
612
650
702
750
760
702
692
710
716
704
630
640
658
670
706
708
658
624
660
672
676
664
630
628
622
648
672
696
706
650
618
642
632
604
582
584
630
686
778
746
712
720
710
640
676
704
714
718
702
704
748
716
664
638
654
674
696
698
668
704
734
746
696
662
670
694
722
696
644
638
704
760
772
766
702
644
668
660
630
656
612
648
682
730
710
674
678
690
688
662
634
666
672
682
664
626
656
672
676
684
654
660
676
684
714
712
652
650
652
654
644
670
620
620
632
638
654
636
654
674
678
680
642
648
670
670
670
654
620
618
608
604
596
584
610
630
618
632
668
704
780
800
786
784
732
716
700
684
674
646
608
572
556
536
686
870
788
738
712
640
632
612
596
604
586
622
658
682
746
770
764
758
762
740
720
710
696
672
658
642
624
622
640
648
652
666
678
686
670
646
620
630
636
642
626
612
618
622
636
620
586
626
626
642
646
642
610
612
618
616
610
606
584
598
616
652
680
700
704
668
684
676
668
648
600
592
612
636
672
710
734
726
694
744
734
734
734
710
652
634
634
626
634
630
624
674
738
762
752
714
738
734
736
706
660
648
652
660
674
644
614
632
644
640
618
606
642
678
714
734
704
696
700
650
608
570
584
590
612
628
576
608
596
624
658
654
644
664
678
684
654
618
624
640
646
664
658
620
594
616
616
614
590
586
642
754
774
802
772
738
752
754
728
704
654
644
660
668
648
656
676
670
656
682
668
654
644
616
554
596
560
542
548
532
552
536
550
548
568
564
566
570
560
522
544
528
560
534
532
536
546
622
632
646
650
634
610
626
632
632
626
600
602
592
612
616
634
636
636
648
644
594
574
584
636
640
658
680
654
610
600
616
608
608
602
592
612
610
622
618
598
610
596
592
584
610
636
640
606
596
592
610
630
682
748
724
728
686
688
688
670
630
630
650
672
656
674
622
620
604
630
638
664
682
666
634
650
660
656
664
624
616
628
648
678
706
724
702
676
710
668
648
610
576
638
624
654
684
684
710
738
758
752
782
740
740
708
676
658
622
610
620
628
648
658
636
630
646
660
674
684
642
668
654
662
654
660
646
660
682
700
716
718
714
726
712
712
682
632
626
632
654
682
678
714
670
694
714
740
716
670
664
656
654
642
624
636
656
680
694
678
690
700
712
706
698
636
672
642
648
668
642
692
680
692
668
626
606
630
592
598
596
624
662
640
674
696
636
644
642
698
710
702
722
722
740
716
682
654
664
662
650
602
562
590
544
556
580
568
596
820
768
736
730
692
682
674
660
672
712
690
690
710
684
654
622
652
674
680
668
684
698
630
616
602
560
558
570
584
598
590
646
620
612
620
650
700
710
728
682
632
652
658
664
680
662
602
618
602
644
676
712
754
740
722
714
702
700
712
648
618
632
634
666
628
642
688
728
754
706
732
756
750
726
658
650
658
662
680
690
644
642
648
676
692
692
694
656
676
678
692
682
648
656
678
684
706
702
672
664
662
656
648
650
644
638
636
654
650
662
638
626
626
648
664
692
696
656
666
660
642
628
604
614
592
612
636
618
638
666
674
686
682
634
628
638
646
654
666
650
660
666
638
618
646
682
702
712
658
710
684
672
644
626
642
636
640
638
594
570
568
574
578
638
722
760
712
692
700
706
690
646
612
610
626
620
644
648
622
652
662
664
678
666
640
662
694
718
742
746
682
704
670
666
676
698
694
692
712
734
726
712
660
648
686
704
702
664
656
692
728
726
666
686
698
678
648
630
688
708
690
686
684
670
652
604
600
602
626
678
684
682
666
694
734
750
726
660
662
692
698
656
676
664
686
684
690
660
636
662
670
662
670
668
694
712
714
686
676
654
680
678
662
676
694
702
698
668
680
646
674
616
636
664
682
702
714
682
686
708
710
672
632
650
672
694
700
660
676
702
692
694
660
668
686
684
678
664
628
602
614
606
594
592
622
656
662
634
612
610
628
666
728
768
748
700
712
704
694
656
610
650
680
702
766
716
650
640
660
650
646
678
714
724
718
690
630
596
636
632
650
674
700
696
652
650
666
680
682
682
650
684
688
688
686
648
612
628
638
650
678
684
702
668
634
640
650
666
664
662
624
610
608
614
610
624
628
634
668
654
686
694
698
642
662
666
644
660
660
666
666
656
672
622
640
670
662
674
682
674
664
690
698
782
704
696
728
724
724
704
668
628
628
644
664
680
658
610
626
646
656
674
714
670
712
720
698
658
628
638
642
626
606
602
624
650
612
632
636
664
686
692
648
632
632
656
642
656
664
696
692
720
702
700
672
664
680
684
684
652
660
686
728
732
694
698
716
752
730
716
638
662
658
662
648
636
660
688
684
668
684
708
720
722
678
708
740
732
706
668
648
682
680
634
606
586
614
626
630
588
586
540
566
630
614
602
578
606
590
610
626
606
658
658
672
708
708
704
702
696
668
644
672
692
724
770
776
740
710
730
732
720
722
732
730
714
646
626
636
652
662
692
732
798
840
834
806
758
714
692
676
684
704
734
758
768
768
760
748
738
742
742
740
728
696
704
730
750
752
738
766
746
748
780
772
726
706
700
664
638
662
718
696
684
696
650
658
706
718
672
636
630
652
632
618
630
638
642
612
622
662
684
680
662
644
716
710
674
646
666
658
634
606
618
664
718
758
708
708
718
736
694
648
654
666
662
642
624
648
658
668
652
672
758
754
734
# end time: 2015-12-05-13:31:39, 1449340299.66
