# R wave intervals in milliseconds per line
# start time: 2015-12-02-19:15:27, 1449101727.02
694
640
670
696
742
774
756
780
816
816
786
758
776
740
746
672
692
724
738
744
718
730
756
750
742
700
684
710
724
734
726
708
740
750
734
668
630
584
632
714
750
764
770
762
758
732
722
724
670
622
666
646
632
674
702
728
744
790
820
810
814
798
828
792
776
776
742
718
714
746
768
784
790
792
804
790
758
740
716
696
682
690
706
724
746
736
688
710
712
694
642
654
674
# end time: 2015-12-02-19:16:35, 1449101795.06
