# R wave intervals in milliseconds per line
# start time: 2015-04-20-23:50:54, 1429588254.42
738
708
750
732
690
696
726
710
720
678
708
724
758
730
688
694
676
612
636
646
636
652
696
678
658
656
670
696
662
646
674
694
654
658
688
740
774
766
754
748
724
658
672
668
708
892
910
842
834
818
786
742
774
846
860
892
868
864
904
816
762
828
838
832
774
770
792
786
742
724
756
802
804
726
684
654
628
690
720
740
856
868
814
866
854
830
806
814
906
860
846
854
856
744
686
668
690
724
808
788
784
808
858
774
732
698
690
674
666
658
664
712
776
788
768
796
872
794
742
742
760
820
834
840
888
936
882
806
852
842
826
744
746
726
818
856
824
810
796
838
774
768
802
844
802
756
778
830
800
736
704
712
704
724
696
666
670
678
646
670
710
762
814
806
782
798
828
800
766
768
818
780
728
762
780
798
766
756
786
790
748
724
712
724
720
736
784
908
924
882
876
854
804
762
770
834
828
782
814
770
742
708
714
716
708
714
682
696
656
686
668
650
666
664
710
660
622
654
624
634
638
680
792
770
746
844
876
880
846
822
868
868
830
758
758
828
850
840
766
762
792
790
750
786
924
918
848
834
876
890
868
802
740
768
810
830
802
738
674
646
682
902
1046
990
908
816
840
802
736
742
718
754
852
890
864
812
814
758
716
702
696
698
706
712
684
744
710
720
730
704
664
674
694
774
860
878
832
766
798
772
774
752
716
762
796
816
786
746
770
872
902
900
790
814
834
832
804
772
756
766
748
770
734
742
762
744
712
734
748
742
720
726
752
720
686
684
704
688
664
684
678
676
694
744
768
730
704
736
778
824
780
752
780
762
728
700
734
806
864
824
790
814
832
792
748
774
798
760
764
728
762
786
776
744
778
806
792
756
736
774
788
758
770
792
800
808
752
766
778
746
764
758
800
810
762
716
736
790
840
838
830
816
866
832
808
818
854
846
792
738
764
792
808
788
752
776
806
772
728
744
776
774
746
742
788
846
808
756
758
780
780
762
740
750
770
814
788
772
778
770
732
722
756
782
800
738
816
802
780
750
768
786
798
756
686
656
640
614
678
1060
988
958
944
922
900
878
834
814
806
818
776
782
794
788
768
758
730
714
712
732
744
748
748
752
768
774
788
788
768
762
754
756
766
756
740
726
804
770
744
688
758
786
806
776
716
700
708
734
772
756
716
720
752
774
760
728
732
762
772
742
740
758
758
794
716
736
788
830
838
792
782
794
788
758
730
754
770
780
726
752
786
806
770
738
724
740
720
708
706
794
838
826
798
816
826
842
810
798
800
794
740
694
686
716
736
756
734
680
688
714
694
744
702
710
708
674
686
668
670
678
658
648
652
672
718
740
702
718
716
640
700
618
652
656
678
686
682
686
678
704
708
660
680
710
740
724
752
782
798
790
764
784
794
800
788
762
840
854
856
794
760
764
814
748
724
766
838
850
772
840
828
796
752
764
792
816
778
770
802
840
814
792
776
800
810
796
782
832
836
844
796
778
778
768
726
724
760
806
794
754
804
830
818
770
766
808
846
798
762
784
818
846
794
778
780
798
746
756
736
724
728
718
726
748
734
738
822
874
812
774
816
816
764
704
748
776
822
784
754
768
780
760
722
744
774
778
760
728
744
766
766
778
742
766
806
828
810
798
766
752
752
758
764
764
742
832
872
852
804
804
804
780
768
738
760
780
796
780
802
798
762
750
780
772
748
744
778
774
760
778
750
712
684
744
736
698
674
680
686
774
834
782
766
766
754
714
740
804
810
764
806
808
808
758
754
772
770
750
760
808
820
802
754
790
836
828
780
800
818
794
732
756
786
812
764
768
860
922
854
786
798
842
788
742
766
794
798
812
786
830
868
836
776
772
790
800
768
764
812
858
830
766
744
754
762
748
730
768
814
852
854
820
838
866
874
830
832
838
810
762
784
812
826
784
756
826
818
818
782
752
782
832
838
788
810
838
844
796
820
844
850
778
782
788
858
808
778
830
864
834
804
834
866
836
786
830
840
816
772
788
818
816
808
790
782
800
798
776
782
848
810
772
802
816
792
758
776
828
858
816
774
796
800
762
726
758
788
772
730
762
794
804
744
718
728
744
734
716
714
738
854
808
778
798
842
854
800
806
858
878
846
824
844
824
790
748
748
824
774
768
748
748
782
792
754
730
750
848
836
808
798
818
822
794
764
784
806
782
720
778
782
808
768
756
796
824
810
768
778
794
820
776
756
794
834
836
804
808
846
852
808
756
770
784
784
764
752
800
862
872
852
774
732
734
750
786
764
814
838
818
786
806
856
780
738
758
782
794
762
718
754
770
742
726
764
800
754
726
742
756
746
732
768
838
838
784
772
760
738
722
754
804
780
760
764
800
814
782
820
844
790
730
720
698
686
658
658
684
698
700
772
848
874
794
798
824
824
774
746
770
842
860
826
786
798
864
826
778
812
858
818
802
826
830
806
756
774
802
818
818
806
838
854
804
760
784
816
856
810
798
828
832
854
786
812
840
834
830
780
798
824
806
772
812
856
860
802
776
798
822
802
804
828
870
884
830
784
800
820
852
798
786
826
864
842
774
826
782
780
738
774
754
784
810
788
796
854
872
820
764
764
748
732
740
790
778
722
708
758
788
780
738
758
790
808
764
718
760
782
802
744
750
766
772
770
752
768
# end time: 2015-04-21-00:05:59, 1429589159.23
