# R wave intervals in milliseconds per line
# start time: 2015-06-23-11:51:30, 1435074690.67
854
758
848
900
896
872
742
800
780
838
704
686
794
776
760
754
828
844
758
694
638
690
640
658
642
666
726
706
794
820
862
880
900
890
898
856
760
708
726
732
702
738
824
866
844
784
702
712
752
736
770
704
720
694
692
694
690
704
780
844
868
886
890
848
846
878
896
930
942
926
896
886
892
840
736
686
686
690
746
940
888
786
816
876
920
870
788
842
848
788
700
740
802
866
784
716
690
736
828
894
912
874
796
814
848
838
738
754
794
816
848
792
730
794
806
814
744
724
820
850
880
864
806
812
820
828
838
792
812
852
870
878
804
822
852
844
818
724
748
762
752
712
726
798
816
724
662
632
676
886
890
860
820
804
772
752
740
720
676
666
676
700
714
708
762
814
848
850
814
780
778
796
792
802
794
798
784
752
744
730
720
768
856
906
864
876
848
844
832
834
842
842
838
802
700
664
684
670
720
784
786
728
760
784
762
708
724
774
688
718
682
766
826
824
792
844
876
852
848
880
850
800
824
834
834
784
812
844
862
856
788
804
816
838
796
792
816
772
704
716
742
766
732
770
800
818
780
744
806
822
808
818
818
816
770
804
834
840
794
798
830
804
778
768
814
840
844
902
922
898
864
878
858
800
738
786
822
806
762
796
824
754
722
726
724
784
780
782
734
678
634
664
682
686
710
780
816
812
738
754
782
782
784
766
732
758
746
768
682
712
744
784
742
754
864
906
894
788
816
756
654
622
692
808
818
830
850
884
880
848
836
814
812
804
832
812
828
836
842
834
794
772
794
798
824
846
866
870
868
892
892
868
856
812
786
830
876
890
856
832
856
890
880
776
806
794
840
736
702
756
784
774
744
808
858
818
766
814
822
788
728
760
794
822
784
786
840
854
862
802
802
800
806
784
696
704
720
676
650
604
638
644
756
808
894
916
904
922
890
842
872
850
826
846
762
688
614
688
724
802
768
850
920
934
858
796
840
840
762
764
816
850
788
808
852
854
796
750
788
828
834
764
774
796
844
760
794
838
852
850
800
822
822
832
770
772
816
806
774
796
806
830
810
842
846
840
778
794
818
840
812
722
734
734
754
748
814
836
852
818
804
830
820
766
734
792
786
732
766
742
780
824
828
802
880
886
894
816
804
824
822
792
768
798
800
762
742
762
822
802
768
812
844
844
810
812
846
832
788
756
764
784
784
766
820
844
820
750
750
738
688
658
636
664
720
810
892
874
808
786
824
824
782
714
742
748
728
730
744
792
864
846
772
708
782
800
822
778
842
830
830
816
750
770
802
846
818
860
838
818
752
692
730
742
816
850
888
876
840
790
824
822
804
756
808
888
866
876
808
772
796
824
796
772
822
866
860
774
818
860
842
770
800
836
862
796
790
828
830
758
700
754
816
834
782
858
870
858
794
792
820
814
760
744
792
788
778
794
822
816
808
742
788
822
830
826
792
804
816
784
702
762
706
660
592
678
748
792
846
762
818
758
706
688
692
684
664
704
702
718
726
724
740
730
724
708
686
668
660
700
736
720
690
782
794
802
734
732
764
736
704
668
692
738
782
714
720
818
918
840
802
780
786
704
734
654
706
664
680
594
612
598
612
614
552
598
568
614
602
642
628
642
630
644
676
682
856
930
958
838
944
972
710
1054
894
920
912
848
850
856
858
822
816
730
752
798
828
858
840
850
870
884
878
860
910
902
922
742
532
884
880
826
856
876
868
830
858
860
874
810
858
850
766
624
664
686
670
710
764
734
820
832
844
828
804
836
854
864
860
860
840
878
888
900
886
892
882
886
850
748
716
802
816
860
884
854
852
874
880
820
804
838
824
728
756
806
818
808
836
810
738
784
840
818
792
862
926
920
818
828
854
900
802
880
904
900
800
842
890
868
770
890
934
836
762
832
834
768
776
880
886
860
882
896
892
800
830
866
878
890
858
854
876
868
772
836
852
828
772
830
882
898
886
838
860
854
846
754
784
780
690
692
682
702
704
686
740
874
918
934
934
930
892
904
892
884
872
832
798
728
736
808
894
854
862
942
916
802
888
906
856
812
826
900
776
768
856
834
716
786
874
914
866
872
914
922
848
818
868
894
782
844
898
904
866
828
930
954
806
832
864
860
790
856
894
880
820
860
878
886
862
796
816
860
878
908
902
836
780
814
814
838
800
820
862
856
852
766
772
814
836
842
844
854
878
820
754
770
768
774
796
792
814
808
818
826
824
750
718
700
708
680
654
690
796
878
866
890
818
854
868
844
786
716
770
798
794
736
702
680
680
686
698
712
676
748
826
836
796
844
838
794
704
748
846
824
728
688
588
680
830
870
902
914
916
916
908
888
852
812
762
788
830
876
882
834
818
832
816
826
868
888
866
824
740
772
800
842
816
766
802
864
876
904
896
886
868
844
874
844
838
820
856
796
764
802
800
748
692
730
764
776
708
624
652
664
820
882
934
926
872
910
916
906
824
866
854
820
870
874
880
908
816
834
860
920
846
868
906
908
882
792
822
848
848
770
830
880
740
892
802
866
870
840
824
834
844
804
702
546
818
696
788
786
756
810
820
768
734
792
820
784
818
852
866
804
806
838
804
666
694
720
702
674
676
744
774
774
702
704
668
720
742
796
794
800
752
764
762
732
748
648
678
712
730
730
714
726
760
780
778
838
820
806
800
802
702
790
778
778
846
830
876
858
848
800
684
764
746
760
732
772
772
832
864
760
920
826
828
792
774
802
762
778
774
794
796
812
782
502
574
646
1824
1096
1242
768
836
798
814
784
786
768
770
666
700
740
752
784
744
758
836
836
822
802
734
766
786
804
828
788
788
836
876
898
838
778
792
736
742
784
858
890
900
894
858
900
900
890
888
854
888
848
876
876
848
850
880
874
860
740
656
704
736
778
772
810
896
842
858
532
932
848
818
848
850
842
742
734
786
762
704
734
742
694
704
840
870
818
858
884
854
820
766
814
808
842
852
842
806
804
806
832
788
754
816
834
882
872
808
708
662
634
744
780
866
896
874
858
896
864
768
760
748
798
670
626
666
680
664
640
674
714
768
768
784
642
904
742
742
760
784
806
774
714
746
724
802
846
864
894
798
910
784
736
750
768
760
768
742
812
846
780
740
790
824
818
712
794
836
846
780
804
850
844
788
776
824
844
832
824
844
590
704
742
796
846
894
752
854
838
832
846
798
812
786
736
744
762
812
732
768
802
920
884
810
778
800
646
854
770
832
914
582
768
824
882
868
854
528
666
814
864
850
922
850
814
776
720
770
776
782
728
764
918
930
846
930
786
1036
864
846
874
862
884
794
820
820
906
838
744
782
874
866
872
682
882
810
810
738
798
832
904
896
856
882
860
836
852
806
750
918
840
840
850
828
812
830
874
880
876
824
870
858
886
822
520
908
890
860
808
850
874
840
830
872
876
826
868
862
856
788
834
882
848
832
818
822
822
784
758
862
856
796
766
844
820
844
774
860
836
850
768
760
776
804
802
756
792
838
864
824
834
822
846
730
788
788
802
814
752
742
730
748
694
638
626
602
720
778
812
810
764
738
760
814
794
852
822
822
812
808
840
820
828
818
808
826
850
828
880
882
888
874
820
824
870
902
882
766
744
806
802
838
756
786
862
874
838
794
756
808
832
834
846
808
796
762
704
744
754
784
816
800
752
820
792
816
760
796
796
606
656
632
740
814
754
812
792
810
812
808
778
748
770
788
830
798
784
740
776
784
776
748
760
824
758
682
682
682
724
740
698
676
690
750
724
764
788
804
804
752
750
770
766
778
776
776
808
826
822
790
854
832
834
766
668
678
660
664
710
754
780
670
710
762
836
798
772
814
834
828
640
896
816
846
852
822
796
866
860
876
822
834
872
818
776
818
872
912
890
828
828
846
850
804
738
816
866
898
852
812
868
868
802
784
864
884
792
648
726
840
820
842
830
746
728
872
844
856
798
842
508
712
774
800
906
918
894
832
902
886
832
648
546
812
548
806
772
806
838
820
766
820
856
906
802
808
836
784
738
782
810
740
742
856
884
762
830
876
838
766
798
816
816
698
724
784
820
776
782
860
902
930
876
844
872
860
844
836
842
748
778
802
828
832
780
746
766
756
684
720
704
720
790
862
884
862
842
854
860
856
832
792
812
830
864
778
708
776
812
828
752
838
746
756
660
654
662
606
754
812
776
802
786
790
774
744
744
732
758
790
788
810
846
836
826
846
854
838
844
832
842
824
780
790
768
844
864
866
898
840
886
888
886
778
814
820
820
750
754
778
834
858
872
834
860
840
756
798
814
772
766
740
754
762
782
836
860
804
724
694
744
762
792
818
704
836
844
842
882
840
814
520
634
656
690
700
744
800
838
882
900
862
792
828
846
868
826
784
824
810
736
710
738
810
868
870
832
764
830
742
756
794
792
704
688
756
646
740
534
826
770
804
794
792
676
762
760
812
788
748
832
834
796
754
776
836
846
858
788
816
850
822
982
760
832
756
784
# end time: 2015-06-23-12:17:54, 1435076274.82
