# R wave intervals in milliseconds per line
# start time: 2015-06-02-18:14:18, 1433283258.6
720
798
816
836
816
700
502
660
702
588
802
676
804
700
552
748
700
682
684
668
716
768
700
684
834
846
772
716
734
796
688
764
768
784
850
798
832
870
848
522
832
782
820
782
784
766
820
734
760
740
778
836
832
834
798
604
614
816
564
606
796
722
772
570
854
852
816
884
884
530
622
582
832
516
600
584
816
526
646
904
798
898
854
532
880
612
770
718
620
598
848
618
902
648
554
720
766
800
850
888
878
898
870
868
848
764
740
746
752
718
688
664
716
786
844
786
786
832
816
752
780
786
798
748
736
780
770
750
750
786
832
786
730
814
834
790
748
832
832
834
766
752
766
768
766
768
746
718
768
764
820
880
868
868
818
814
802
782
734
684
680
700
704
736
712
754
786
750
778
716
722
714
736
712
820
816
800
784
816
818
812
770
732
736
704
664
700
668
650
662
698
754
736
684
796
802
782
704
786
800
762
736
734
764
768
716
748
804
868
834
850
866
870
796
768
718
734
716
748
734
800
750
754
782
750
650
722
728
684
748
700
700
684
672
648
666
702
748
768
716
718
734
752
684
682
704
740
754
718
716
766
786
782
816
700
780
788
770
730
754
732
750
668
746
750
750
688
614
702
632
616
648
622
630
668
600
632
600
650
704
730
716
684
718
746
772
728
736
766
800
802
800
802
768
830
800
776
760
746
804
780
800
784
798
736
700
766
800
788
746
720
718
684
694
668
700
652
650
666
652
652
646
656
646
632
616
604
648
670
714
736
660
720
714
772
700
716
718
684
664
616
682
702
732
732
720
736
780
716
702
734
684
698
652
700
714
702
668
682
734
716
700
686
694
722
748
782
734
750
716
686
662
704
700
750
682
748
772
698
682
650
682
702
748
724
664
684
664
702
668
696
634
702
766
664
718
766
750
764
572
830
668
716
734
734
698
720
748
764
718
802
832
852
796
766
504
780
698
718
682
684
634
652
700
718
666
716
648
684
684
722
762
746
698
788
746
736
696
502
740
778
734
648
718
698
650
650
732
736
732
772
812
864
654
1014
616
834
684
682
680
684
734
734
666
770
798
782
684
704
744
770
712
718
716
732
652
666
814
702
718
764
534
744
772
748
764
818
816
714
802
800
836
782
716
738
632
716
666
718
720
714
700
700
930
766
698
716
734
736
748
700
702
700
752
734
700
666
730
634
732
700
716
534
766
532
588
744
732
670
670
746
702
764
834
832
802
814
850
900
800
800
752
730
680
646
618
856
866
850
870
530
768
866
852
864
864
870
884
882
916
870
912
834
786
728
734
718
754
796
866
834
766
754
748
732
768
764
754
566
758
818
868
634
720
620
766
530
572
798
816
750
782
802
834
830
804
518
764
832
802
782
766
814
870
850
816
832
834
852
748
816
834
850
784
750
850
552
584
734
770
526
504
618
746
784
780
502
734
750
544
830
752
768
800
818
800
764
782
786
748
714
756
754
716
764
750
738
618
514
800
536
632
746
568
738
796
784
554
666
714
798
802
766
750
720
766
582
772
646
732
668
546
768
702
764
800
518
754
730
684
724
506
784
768
548
616
504
800
782
516
610
508
528
708
646
802
550
818
766
764
818
832
786
818
882
868
784
814
800
854
534
582
716
532
512
786
750
782
604
682
718
768
768
798
816
832
754
516
774
798
870
782
830
818
786
668
710
720
814
552
530
684
682
702
764
734
668
682
634
682
668
700
668
750
650
718
782
750
752
766
784
518
608
702
676
746
734
686
828
602
718
730
534
816
502
600
696
782
768
798
704
764
768
834
850
830
768
786
968
836
566
702
712
744
804
800
800
782
782
834
770
878
752
850
580
602
518
802
766
530
820
698
702
782
518
846
902
620
734
620
754
826
764
800
634
566
592
644
714
752
868
584
768
854
514
614
884
780
802
818
818
830
736
768
778
820
686
784
780
798
572
636
728
622
546
816
800
784
782
512
598
524
838
780
800
754
798
766
734
716
800
548
584
754
798
732
554
816
668
700
782
816
782
786
516
710
714
716
744
648
684
750
766
802
848
518
602
586
648
752
650
532
528
636
552
770
552
594
702
752
800
836
848
868
898
850
770
784
964
568
802
650
744
502
532
622
530
514
732
770
786
584
534
764
734
768
518
612
518
542
642
722
546
816
502
600
780
700
774
530
546
650
552
818
782
518
614
694
590
752
750
518
614
818
746
754
780
784
754
746
522
518
624
538
516
652
502
768
766
732
588
734
850
850
736
780
752
798
686
702
692
552
746
702
734
636
714
736
620
742
704
754
744
700
734
504
800
748
736
536
600
528
536
638
526
518
632
784
568
516
664
586
534
672
544
508
630
566
522
656
568
514
648
506
514
620
748
504
548
632
568
552
682
534
530
640
546
554
662
782
570
520
662
568
850
516
616
518
568
666
518
668
662
650
656
514
662
656
732
722
692
670
658
710
690
682
724
696
690
660
674
678
688
652
634
630
640
574
550
564
564
540
554
574
576
602
550
600
592
572
584
612
580
650
626
576
638
640
616
612
626
614
588
590
604
590
600
590
582
578
592
580
634
634
654
638
698
686
630
648
618
624
614
606
626
636
636
638
1102
# end time: 2015-06-02-18:30:04, 1433284204.71
