# R wave intervals in milliseconds per line
# start time: 2015-11-21-09:45:05, 1448117105.21
616
660
636
646
686
672
1834
1100
604
598
554
570
580
578
578
562
564
586
584
624
670
708
758
764
778
772
762
744
724
722
720
706
692
678
680
684
682
680
690
684
678
678
686
686
682
686
680
688
698
702
690
666
684
700
700
654
646
664
670
650
630
636
636
638
608
602
618
626
634
640
612
612
632
640
650
646
644
612
620
626
624
634
634
632
620
624
630
630
638
648
626
620
632
624
624
598
580
602
610
638
668
688
694
650
652
652
652
666
664
652
632
646
642
648
664
664
668
652
636
652
656
678
690
656
658
686
696
686
650
636
636
628
606
604
582
576
604
620
646
612
600
624
632
642
646
614
618
632
638
650
630
628
638
632
628
632
608
612
646
678
706
744
724
740
728
680
648
640
632
630
630
614
612
630
644
662
684
670
662
672
668
674
654
662
666
658
656
654
648
652
642
596
596
600
574
582
616
686
732
714
720
742
746
696
678
690
682
674
654
628
636
644
672
676
664
702
766
754
702
712
722
718
670
672
690
690
688
656
656
658
666
666
634
622
630
642
664
676
662
698
726
746
744
740
748
750
752
746
748
734
722
694
684
684
688
690
660
688
700
686
662
644
654
652
636
622
628
654
656
660
628
638
664
674
674
660
652
660
652
658
646
622
634
646
660
680
658
686
722
710
694
678
682
686
682
662
638
644
642
650
638
618
634
650
644
618
606
606
606
632
672
690
668
688
688
644
608
616
630
648
694
736
752
730
730
730
720
692
644
652
684
696
708
710
684
690
700
686
682
646
620
642
648
672
708
694
682
716
750
780
796
738
724
728
700
692
676
554
654
656
652
644
594
648
650
652
662
652
612
624
638
644
672
682
640
606
606
596
584
592
558
634
820
834
860
888
888
862
842
836
826
820
770
738
718
712
698
686
678
682
682
684
684
684
686
674
696
714
716
728
726
696
712
708
706
680
654
654
646
622
616
628
630
616
638
664
670
684
662
658
672
682
712
720
676
672
704
714
732
746
700
656
660
654
654
670
682
678
694
668
676
682
692
686
688
682
658
650
664
670
682
704
718
714
688
694
686
686
694
684
662
678
686
694
690
688
676
684
692
692
696
672
664
668
680
688
686
678
700
712
710
698
678
686
692
692
672
660
678
684
688
668
666
686
684
654
624
634
632
622
622
602
616
634
650
648
628
654
664
672
678
650
648
660
656
654
644
614
610
608
614
598
594
596
598
606
770
858
828
804
756
736
744
748
732
724
714
706
684
656
630
610
620
634
660
690
720
724
686
654
680
682
688
690
666
662
656
626
630
650
660
682
698
710
704
698
684
650
624
632
642
666
694
698
700
670
668
676
668
656
616
620
640
650
662
656
638
662
674
690
688
654
640
650
648
650
646
638
620
634
640
648
644
622
652
674
680
698
692
666
668
650
644
624
614
638
648
668
676
672
652
668
678
676
668
652
654
660
656
646
622
634
658
668
670
636
656
678
678
668
684
684
682
666
660
660
652
650
620
610
620
632
640
646
626
646
672
680
664
642
654
642
632
620
614
626
624
634
632
606
630
636
636
646
626
636
632
624
616
624
632
604
614
630
632
640
628
608
628
634
648
670
656
662
690
696
708
680
672
670
672
648
648
666
668
670
646
648
634
694
666
662
676
684
688
666
650
674
664
678
644
648
668
678
682
680
674
680
684
694
658
662
674
682
682
680
684
686
688
676
674
690
698
692
682
684
676
662
632
642
678
708
710
662
664
684
696
680
638
634
636
628
610
604
620
624
626
608
610
632
638
640
622
610
630
632
630
622
594
592
600
600
610
624
656
636
654
676
706
700
692
648
638
646
634
628
630
610
600
606
610
618
648
648
666
682
698
702
690
678
682
678
668
634
630
650
660
684
688
684
694
696
702
664
670
676
684
680
644
646
654
658
646
612
578
576
548
590
646
670
682
682
656
638
634
642
638
638
612
614
632
634
632
644
646
628
636
646
652
676
730
750
742
750
726
672
674
684
690
692
692
646
634
654
662
676
678
636
642
642
638
630
606
610
616
608
600
604
624
604
604
622
638
652
650
622
616
628
634
656
654
616
630
644
638
640
632
608
630
610
614
622
636
624
602
632
644
664
680
680
670
632
644
668
666
668
670
644
648
662
668
678
666
662
674
688
692
666
682
702
696
694
680
662
686
678
686
688
664
658
664
674
692
698
674
708
734
756
728
684
700
700
684
632
622
634
632
642
648
624
640
670
676
686
662
658
674
678
682
668
636
652
676
694
700
662
642
660
666
676
678
682
636
644
640
638
624
616
636
654
660
650
624
630
630
610
606
604
600
612
634
664
708
750
710
678
654
620
722
720
696
694
672
666
646
620
612
618
628
646
668
686
706
728
728
752
774
790
770
720
726
730
686
648
638
610
602
614
614
636
640
664
674
688
656
666
682
688
686
658
646
666
674
686
642
644
658
670
684
652
638
652
660
678
688
652
664
682
682
670
626
612
634
612
634
656
690
718
760
708
660
674
656
650
650
640
616
646
648
656
672
656
660
668
672
674
670
652
636
658
650
656
640
622
636
640
654
664
634
650
632
646
648
652
630
618
638
632
648
644
624
642
650
646
636
622
628
632
640
620
630
646
676
682
674
706
716
706
694
654
654
664
650
648
634
646
668
686
662
670
714
726
718
704
706
696
678
642
658
660
658
638
636
652
656
652
640
666
664
714
660
664
682
674
684
660
644
658
676
682
680
668
684
690
680
666
678
674
674
658
648
700
670
652
654
662
682
700
682
686
714
718
686
680
698
702
692
666
680
678
664
662
686
704
690
648
654
634
682
628
614
592
598
610
616
620
632
646
668
674
646
654
678
666
672
642
630
656
664
676
664
620
618
642
626
636
660
628
630
652
668
690
694
670
654
670
656
638
656
628
630
666
656
650
678
650
680
702
722
734
700
696
696
696
676
640
628
686
676
688
680
674
698
702
700
660
696
686
688
678
654
666
674
654
682
660
682
696
690
664
672
682
686
660
650
664
672
686
668
656
672
662
656
622
634
644
646
614
616
626
660
702
706
696
724
698
734
672
624
680
650
636
616
620
640
662
676
642
602
658
658
650
624
628
640
640
634
616
614
616
622
630
624
632
644
648
652
634
616
636
628
632
652
644
646
664
670
662
642
618
672
654
648
616
624
638
632
624
636
654
654
630
628
668
644
624
620
626
624
614
634
652
664
666
648
648
664
688
694
684
708
740
734
694
690
710
702
678
644
660
670
678
644
642
660
676
684
654
658
672
684
680
650
650
678
688
684
674
688
688
678
642
648
664
684
678
668
698
712
728
700
694
712
700
682
656
666
670
662
648
636
662
662
670
658
666
674
682
658
658
672
674
686
656
654
670
666
658
638
652
664
682
658
640
662
674
674
634
616
628
616
628
626
618
632
656
668
654
622
632
634
654
660
642
640
644
656
672
646
640
672
670
688
692
662
652
660
660
654
648
654
684
714
714
700
722
722
694
650
644
644
624
610
566
612
592
628
682
662
664
700
720
718
690
706
708
712
704
668
676
678
678
658
640
648
668
686
672
676
708
712
706
648
698
686
670
634
642
652
676
680
636
706
720
728
708
678
680
684
676
650
646
668
668
662
638
650
666
676
666
642
666
680
682
650
662
688
684
684
646
646
660
664
674
642
652
678
682
684
666
672
676
668
664
634
638
640
636
628
608
622
634
638
608
660
658
668
656
616
620
626
628
622
612
606
626
636
652
626
632
648
658
668
642
654
668
642
596
648
634
638
636
610
636
648
644
658
642
642
654
646
654
618
632
650
654
658
620
670
658
664
638
630
640
648
636
624
666
676
688
694
654
654
668
676
676
662
682
680
670
638
626
644
652
664
652
668
706
730
714
700
732
750
742
694
678
690
694
688
646
644
664
664
676
650
642
662
662
656
636
644
644
628
614
600
612
622
634
606
630
626
640
654
660
630
638
650
648
712
650
662
654
714
656
662
676
678
680
646
636
648
644
662
628
592
606
602
602
598
594
562
662
686
670
678
672
682
682
662
656
656
644
638
626
610
602
590
590
588
590
598
610
626
648
678
720
678
678
706
718
698
702
716
652
650
670
664
642
606
610
630
634
626
660
728
660
798
834
774
662
774
786
592
702
696
682
688
678
636
652
664
652
642
624
630
642
622
618
646
674
714
704
696
722
750
754
718
708
722
716
700
656
642
656
648
626
652
618
646
652
674
674
652
660
662
688
654
652
666
670
678
654
634
652
654
650
634
610
638
644
636
624
638
664
692
722
690
702
726
724
666
628
646
654
656
634
620
656
650
674
714
716
682
698
710
708
690
650
664
674
676
678
652
652
668
668
680
676
650
648
660
648
652
622
614
606
644
670
686
648
670
682
680
646
640
654
640
694
644
636
666
676
676
636
630
644
652
656
630
644
670
690
680
656
670
692
702
700
664
684
686
678
660
618
664
650
656
654
650
674
686
694
670
644
662
644
630
634
658
680
684
648
652
666
668
666
642
652
652
642
644
618
604
636
632
648
638
644
656
668
666
646
640
656
666
660
646
662
688
698
700
704
714
700
664
658
668
658
654
624
646
664
668
638
630
650
670
666
630
648
680
698
706
674
696
714
700
662
670
682
680
664
630
648
662
668
652
634
656
652
648
628
624
658
652
652
630
648
658
656
608
644
634
642
638
612
626
624
640
628
632
660
666
668
628
630
644
634
616
616
634
638
648
620
618
642
658
666
628
634
634
616
612
608
620
606
602
646
638
662
682
652
648
668
668
642
620
678
668
674
664
648
668
664
666
636
648
656
664
648
646
684
702
716
698
676
682
694
700
682
688
714
718
712
700
720
728
736
690
692
716
718
718
680
676
686
686
652
616
634
650
660
692
666
680
700
710
700
672
684
678
676
660
650
680
684
688
676
636
648
666
678
702
700
688
706
696
688
662
646
660
660
678
674
662
652
668
674
686
658
648
660
666
672
658
652
668
666
658
628
642
664
678
662
642
662
664
660
636
636
664
668
660
658
692
690
682
660
682
690
682
650
654
672
682
668
648
666
666
652
620
624
626
628
636
606
618
640
648
638
628
650
652
648
608
610
610
612
618
594
608
628
634
656
654
636
608
650
646
638
704
654
640
654
650
622
612
624
628
648
638
642
658
664
670
670
628
626
640
646
638
624
600
618
636
668
680
666
678
706
728
712
658
654
662
668
676
652
654
688
718
758
736
758
770
792
776
760
800
752
726
672
666
680
684
688
658
664
700
724
720
680
714
724
676
682
664
690
696
686
644
656
682
688
678
650
656
678
676
646
638
704
690
718
738
702
756
762
758
772
750
698
690
682
730
706
678
690
710
714
712
680
686
702
700
694
684
688
694
690
662
676
702
734
722
698
704
708
692
686
674
684
698
712
678
678
702
720
744
738
700
728
738
734
698
696
712
704
680
672
688
692
652
668
682
672
674
684
688
652
658
668
666
622
604
614
596
570
588
608
598
612
648
642
628
662
706
730
714
688
656
646
642
662
636
622
646
656
666
632
614
648
666
664
644
674
702
732
738
742
766
770
738
728
744
732
688
640
598
566
620
646
664
666
650
626
616
596
606
604
602
594
594
616
624
630
638
642
638
638
640
634
636
632
628
624
604
602
608
622
634
634
644
660
676
686
650
658
672
650
630
606
608
624
648
624
626
658
664
730
688
644
650
662
660
634
596
606
616
622
652
648
670
738
824
858
818
804
770
724
740
722
724
718
708
682
696
704
724
728
714
758
764
766
742
732
746
740
694
716
724
738
704
692
714
714
722
718
710
712
712
698
662
670
680
682
640
698
700
708
712
668
676
686
694
678
684
704
696
690
654
684
740
774
760
760
782
772
710
726
728
710
666
660
686
682
674
658
672
666
666
636
638
640
634
612
622
636
648
634
644
668
660
622
672
682
700
712
692
682
692
674
670
646
638
654
668
684
666
678
702
716
714
666
666
650
646
636
636
666
630
638
662
674
696
676
666
698
708
718
698
668
684
678
682
658
668
694
712
728
712
720
730
696
646
642
690
664
632
634
660
678
696
672
660
676
676
666
638
650
646
644
640
618
640
670
704
706
668
668
680
674
670
632
662
700
748
786
760
744
748
736
702
678
680
662
618
620
632
650
672
632
596
632
604
558
568
572
564
714
720
722
724
722
734
742
714
682
656
640
630
618
618
608
594
626
646
664
682
698
716
690
690
688
690
666
640
646
628
630
624
630
606
598
612
628
636
618
608
632
658
694
680
660
682
704
736
718
704
682
670
674
688
694
662
644
664
672
676
684
684
636
636
644
636
668
710
720
736
756
772
772
750
736
732
728
708
692
682
688
680
666
666
704
738
768
720
710
722
708
684
660
662
680
672
642
650
678
692
672
678
692
702
676
672
688
686
684
648
646
666
676
666
662
678
690
668
648
658
684
664
682
658
676
680
684
642
656
682
680
656
664
688
696
686
650
654
650
660
644
640
662
654
710
654
648
670
676
666
638
654
666
674
680
666
674
674
672
650
636
646
644
640
626
620
656
656
652
636
636
650
654
652
640
620
632
640
630
614
588
608
614
628
626
654
618
646
600
648
624
638
640
618
610
636
636
652
644
628
656
678
700
696
648
648
664
622
618
630
630
636
644
624
626
650
654
648
618
610
618
620
636
620
612
632
644
638
636
662
688
700
700
682
686
692
696
652
644
654
646
646
628
622
638
648
674
644
632
656
682
714
682
686
698
712
678
616
660
676
660
642
638
592
684
656
652
640
654
604
632
638
642
644
622
636
668
682
680
682
704
726
722
698
686
698
686
682
680
642
668
690
688
656
636
648
660
676
688
668
686
708
712
708
668
672
678
664
626
632
654
664
648
600
598
584
632
676
714
724
714
704
694
684
672
638
640
648
630
628
614
588
584
600
608
634
656
656
680
698
690
664
686
724
738
734
706
710
700
680
658
634
640
650
654
638
622
638
658
680
694
688
644
660
678
682
652
638
666
692
698
654
668
684
648
646
656
664
636
668
672
678
668
638
660
670
678
652
650
684
694
694
670
694
702
706
660
642
658
658
668
648
640
674
678
662
626
640
656
664
664
636
642
670
672
656
630
648
656
660
660
622
632
642
646
660
642
632
654
656
664
654
646
654
664
650
628
618
634
634
636
618
632
640
648
642
616
632
638
640
608
594
610
616
612
594
600
616
622
626
610
614
628
634
630
604
622
640
660
670
660
656
668
678
672
642
636
666
676
680
644
652
660
668
662
626
628
610
608
616
636
622
646
688
692
706
694
706
710
714
702
688
706
696
686
658
656
682
694
682
654
692
714
710
748
692
710
688
668
660
670
672
670
634
634
648
662
664
650
668
680
684
664
666
688
696
686
656
666
692
696
690
662
676
688
684
670
640
668
684
666
694
652
670
668
662
680
652
678
690
684
662
674
678
672
634
660
656
662
656
636
644
642
640
622
602
624
646
668
664
660
662
670
654
628
638
652
660
646
624
656
674
682
656
636
642
634
634
612
594
608
614
618
628
624
602
620
620
622
594
594
590
596
604
654
680
688
658
668
670
668
652
626
644
646
666
664
646
650
678
696
716
676
662
710
692
656
632
644
646
642
622
632
662
684
708
690
676
694
694
684
642
644
654
652
654
624
636
660
672
658
630
648
668
678
670
670
698
694
692
648
652
648
654
654
628
618
640
656
646
634
652
684
688
654
622
626
646
642
642
634
630
650
668
676
656
674
680
680
674
666
680
690
688
686
684
676
668
632
622
640
650
668
674
674
694
702
698
672
682
670
710
670
642
638
642
654
620
594
620
636
646
618
614
612
606
610
606
602
612
616
616
598
620
630
638
642
642
610
600
622
648
654
676
704
736
776
766
794
808
756
712
694
722
676
640
640
654
660
676
658
628
638
672
654
648
644
680
698
702
696
668
682
692
686
636
640
650
646
646
618
628
652
690
712
712
720
738
730
698
694
684
676
634
630
634
638
630
638
676
694
696
642
618
618
626
628
650
674
688
684
668
668
652
614
606
622
624
652
670
654
676
706
722
732
694
690
682
666
620
618
630
638
644
622
648
676
708
708
684
686
696
702
674
666
660
656
628
618
634
650
682
682
682
692
688
676
644
642
650
644
616
606
624
634
660
634
644
668
666
694
654
632
680
666
660
634
632
640
642
622
610
612
624
642
656
638
644
658
688
674
642
624
678
656
638
614
598
616
618
600
600
588
612
644
666
638
648
658
656
660
624
632
650
648
660
636
642
658
668
654
654
664
674
658
644
650
656
644
634
612
626
646
666
692
656
664
688
690
662
648
666
662
660
630
626
630
610
658
604
590
610
594
660
632
608
626
632
638
612
606
620
624
626
606
600
622
622
636
610
612
636
642
646
630
622
630
640
640
620
626
668
670
666
638
652
656
662
646
630
646
650
640
624
612
632
640
642
622
640
670
694
696
690
710
722
712
676
662
682
672
668
636
596
594
558
614
662
652
654
660
662
656
648
636
616
610
606
600
604
610
614
616
616
620
620
632
648
656
668
662
662
654
654
650
632
632
630
622
626
606
596
614
620
614
612
628
628
622
598
616
620
644
622
610
632
646
656
630
624
634
644
622
600
614
616
616
624
592
634
612
622
604
614
600
598
616
598
584
588
604
622
624
632
626
642
636
634
628
622
608
618
620
628
602
620
636
634
642
640
648
650
644
608
616
626
622
624
616
604
602
600
602
604
592
570
596
604
624
614
590
586
572
572
566
570
572
592
582
560
598
612
642
646
638
612
624
644
636
636
628
616
628
620
630
622
586
596
618
614
598
608
636
664
690
674
650
660
654
644
610
598
606
610
608
600
564
602
608
626
648
626
616
642
646
652
656
644
644
652
650
642
626
622
632
636
650
638
648
644
648
644
628
652
664
660
624
636
656
680
700
650
660
670
664
628
638
640
648
646
628
642
648
626
626
654
668
676
656
652
678
676
658
644
658
658
656
630
638
640
642
624
620
642
652
650
616
626
648
674
652
638
674
628
610
594
584
578
580
584
564
558
582
580
592
594
586
616
640
638
602
614
638
660
672
648
606
616
570
532
578
626
648
658
# end time: 2015-11-21-10:29:19, 1448119759.09
