# R wave intervals in milliseconds per line
# start time: 2015-04-07-19:37:15, 1428449835.77
750
754
740
728
734
708
736
686
680
684
648
622
620
650
656
660
724
730
732
698
722
742
764
678
768
746
696
706
702
744
804
762
774
728
804
768
688
730
668
746
698
656
692
744
744
750
700
710
708
704
668
686
708
668
640
662
624
652
602
652
654
660
674
664
660
680
698
716
668
634
682
650
634
674
616
624
644
636
588
626
574
592
602
596
606
612
664
644
620
640
646
598
646
628
630
598
580
574
594
590
566
588
596
616
576
608
564
572
522
614
584
596
598
612
566
654
568
608
546
610
564
564
594
606
626
696
666
628
616
564
596
628
614
592
570
862
588
572
554
556
580
564
552
568
684
534
512
570
584
566
548
570
648
618
616
578
640
616
608
584
570
576
582
616
580
562
570
596
588
598
550
560
570
600
588
566
626
622
656
640
660
634
594
632
598
622
518
538
554
532
576
590
630
672
700
716
620
650
604
614
546
552
608
614
672
656
658
636
664
630
612
630
586
578
608
612
606
628
610
608
612
640
630
680
650
620
640
600
614
626
596
582
580
612
618
634
658
616
634
662
656
648
644
620
582
592
598
618
1382
1216
1146
688
570
590
572
598
582
1144
686
914
568
522
550
556
534
584
570
578
596
602
616
604
594
558
574
552
600
578
550
566
596
580
582
628
588
550
600
550
562
564
576
586
586
620
618
604
620
530
578
538
584
580
590
578
576
574
598
590
604
596
608
542
600
584
588
602
604
596
604
634
600
616
618
580
646
634
640
646
582
616
594
602
584
594
582
586
582
620
588
600
584
554
590
528
546
576
582
598
660
620
632
588
620
566
590
582
572
566
570
556
596
584
576
608
546
646
588
570
600
574
556
528
548
530
564
584
620
652
666
656
704
656
570
612
578
550
618
584
572
598
572
640
604
616
584
594
618
572
562
832
532
538
600
580
632
618
592
596
620
636
594
616
594
564
590
548
554
576
556
618
552
594
580
628
626
566
574
612
580
622
590
548
574
574
582
538
616
604
578
632
636
618
602
614
588
640
648
596
632
578
604
616
540
610
606
598
636
606
640
612
622
656
688
682
660
656
654
656
672
662
638
686
648
678
608
634
628
614
690
648
664
628
616
640
634
588
586
576
594
582
624
652
666
636
634
654
660
662
624
648
586
612
610
620
632
632
652
616
638
648
650
656
658
648
676
674
702
620
644
632
662
672
662
706
642
668
608
670
626
562
638
600
620
606
610
632
624
640
600
618
628
718
686
706
624
652
680
630
620
586
614
580
586
562
588
610
560
630
628
632
696
664
606
600
640
532
640
586
592
618
588
654
626
612
610
648
634
670
648
604
618
588
606
548
594
568
574
598
570
598
574
634
638
628
618
568
620
580
574
592
578
624
606
602
616
640
608
624
598
624
582
586
584
546
582
582
588
576
590
618
616
586
636
594
602
584
570
628
546
648
620
650
644
704
612
622
652
632
628
618
622
626
586
630
622
612
588
574
554
562
620
636
648
612
644
612
646
612
604
588
584
578
626
638
696
714
686
690
676
706
686
672
656
642
616
626
594
592
564
620
542
600
534
582
562
604
646
682
766
672
656
678
656
682
634
638
600
632
636
746
718
696
724
680
732
710
708
662
646
686
688
704
682
660
714
662
690
662
616
638
642
610
586
666
674
668
680
596
536
598
790
516
632
618
624
694
660
750
670
666
654
668
660
648
622
702
688
696
714
714
796
758
756
684
692
668
632
674
686
724
764
766
796
760
680
720
662
692
672
636
612
608
602
574
624
630
618
620
678
636
660
710
694
654
706
704
672
736
688
706
678
734
746
730
752
712
748
722
696
718
724
718
748
758
694
708
712
712
748
754
690
704
696
740
730
694
730
718
770
750
744
664
676
716
750
718
708
694
740
780
792
776
770
736
712
700
668
616
616
588
668
658
640
628
644
610
602
618
628
660
644
638
628
644
640
624
616
608
618
654
634
604
628
632
636
616
632
588
642
646
668
700
692
742
694
688
672
658
644
614
616
650
682
720
696
738
732
742
730
718
678
710
728
726
818
718
762
686
736
674
692
616
628
690
666
716
644
708
704
726
722
634
670
624
666
616
626
740
808
824
878
830
778
784
764
742
728
702
730
764
748
756
816
808
832
752
768
764
774
796
778
808
800
810
786
828
776
752
796
756
738
732
746
786
756
748
736
674
710
646
660
646
632
614
646
666
690
688
742
676
690
692
732
744
750
722
740
760
778
746
706
740
770
764
780
776
714
698
690
700
808
800
794
780
834
808
768
762
772
778
732
762
812
838
830
820
780
774
808
764
744
744
734
800
800
762
698
744
720
706
736
700
752
734
748
732
762
772
806
796
724
732
780
768
760
764
756
816
816
800
786
714
734
764
738
706
742
744
748
794
708
696
720
676
690
750
684
778
606
706
782
762
766
762
832
814
804
778
758
818
784
712
758
754
770
806
762
790
800
810
760
722
786
758
818
806
768
844
844
846
826
838
784
832
816
812
784
790
792
814
786
766
836
828
802
718
702
730
754
784
748
812
810
794
756
752
788
794
788
690
742
744
778
794
776
824
816
782
724
716
694
702
728
696
688
766
774
722
718
806
802
806
738
660
662
714
746
746
720
676
702
712
728
730
692
672
698
750
780
754
750
734
756
750
776
688
754
772
790
808
814
758
810
796
804
742
702
698
720
736
768
788
756
680
666
656
626
616
612
632
744
764
790
700
734
758
738
662
666
738
734
730
738
704
778
760
758
794
720
752
782
788
768
714
728
736
734
684
696
724
780
790
800
750
818
740
668
736
706
658
668
720
746
776
752
704
756
796
814
854
804
808
806
854
794
760
762
786
796
786
752
790
756
690
608
658
688
696
688
744
748
706
732
782
786
726
696
734
724
692
684
682
788
800
804
790
762
818
776
774
730
700
734
734
744
678
696
692
766
718
758
760
766
720
710
598
584
622
708
620
660
660
674
648
584
634
708
738
636
626
694
716
744
764
712
702
704
762
786
780
758
812
766
754
748
708
772
790
792
786
732
708
662
710
702
674
730
684
646
636
636
614
602
626
644
662
668
696
706
664
670
716
752
752
700
716
686
706
720
772
748
734
666
686
758
780
774
736
752
770
840
818
814
774
758
708
714
730
716
734
736
680
734
746
712
794
764
760
790
782
754
752
746
818
782
788
730
730
772
742
718
694
670
692
708
794
752
726
746
752
746
672
734
684
688
672
684
636
702
694
700
656
700
684
716
710
738
666
714
708
744
752
696
728
694
740
684
684
672
664
692
724
686
768
780
820
756
722
754
758
728
692
754
774
782
754
718
726
744
752
732
670
688
668
672
720
774
700
738
752
724
704
666
698
702
732
734
730
712
758
742
804
708
698
720
710
718
640
722
728
734
734
726
720
724
704
742
662
698
728
746
770
662
638
668
636
640
692
# end time: 2015-04-07-19:54:41, 1428450881.47
