# R wave intervals in milliseconds per line
# start time: 2015-08-16-22:42:23, 1439779343.38
734
680
702
714
708
670
668
684
692
690
672
648
662
674
684
686
696
724
736
732
676
650
666
668
638
610
628
654
654
676
682
698
706
726
708
686
662
678
628
624
632
662
716
734
784
818
808
752
696
718
736
760
750
700
704
744
762
720
694
722
756
770
718
676
686
708
694
678
652
672
712
748
738
690
708
758
774
754
714
714
674
706
656
662
688
716
720
716
776
794
788
730
702
750
774
794
776
734
752
756
760
744
712
708
670
642
658
690
740
766
766
860
910
828
754
764
750
750
712
678
690
708
722
700
684
724
750
770
732
712
730
734
716
682
674
724
794
816
746
698
740
760
756
710
720
742
742
722
702
726
744
758
724
688
696
714
720
718
730
778
796
774
722
736
742
748
736
698
712
736
740
724
698
720
744
756
748
706
712
726
736
714
676
690
724
760
774
752
728
734
742
720
694
706
720
732
726
694
712
738
750
714
684
710
726
736
704
680
706
720
678
652
654
682
696
704
678
672
668
684
654
652
670
700
720
700
716
750
760
744
718
726
738
746
744
728
742
754
742
710
728
746
760
742
718
744
756
734
700
712
738
750
742
740
776
790
776
734
696
714
740
732
718
742
768
744
684
696
706
718
712
722
764
780
762
724
750
758
754
704
718
730
738
712
720
742
760
736
698
712
756
760
726
700
714
730
700
678
704
728
674
650
638
632
628
658
688
688
694
738
760
754
708
694
710
740
732
708
722
750
766
754
716
726
748
766
754
724
744
788
812
786
722
730
736
740
726
698
738
780
808
790
734
746
756
760
722
684
704
722
748
758
724
750
760
756
746
724
728
758
782
784
750
726
754
770
782
758
720
734
746
734
696
674
704
722
728
696
668
694
718
738
716
702
728
732
716
690
698
728
758
760
718
702
722
722
734
714
728
764
780
752
726
744
750
732
696
700
734
760
726
710
732
748
744
716
708
740
754
738
720
730
742
758
752
712
736
756
772
768
734
748
750
756
720
682
694
718
740
746
750
772
778
760
712
700
722
726
724
692
696
736
788
784
736
760
774
774
732
704
722
734
724
700
724
754
794
752
720
744
760
764
718
704
726
740
722
692
702
718
728
712
712
754
802
796
752
778
766
746
708
714
736
766
756
742
768
778
760
728
754
754
758
728
696
734
676
712
678
680
710
740
738
702
706
726
738
738
712
720
728
736
728
706
706
734
762
758
728
710
728
736
734
716
732
748
748
718
706
730
744
728
694
714
742
752
720
690
710
732
734
720
710
744
762
726
678
694
724
740
734
726
742
754
724
678
668
676
650
636
642
650
648
686
744
808
800
730
720
744
750
732
688
712
740
774
772
746
768
790
766
732
748
756
728
692
706
736
748
728
722
758
776
790
732
724
734
732
708
686
698
726
768
776
748
776
790
792
732
690
716
738
762
750
704
720
752
764
748
704
726
760
784
780
726
726
744
748
740
706
746
802
828
794
740
758
776
774
732
712
742
770
778
732
724
754
770
776
740
714
746
762
764
728
706
728
726
748
732
706
736
760
768
736
756
770
762
724
704
720
724
726
688
686
698
716
720
704
704
732
748
714
680
716
698
716
698
658
626
604
628
1110
880
786
734
712
696
686
682
664
662
690
690
680
708
738
750
750
740
732
736
734
730
720
708
706
706
714
730
756
766
770
762
746
724
686
686
712
736
758
750
754
774
772
722
676
710
728
736
710
728
754
754
710
676
692
700
712
698
682
714
744
738
696
710
730
736
696
662
662
666
690
732
724
708
758
794
778
732
736
772
846
812
762
736
710
686
674
680
686
654
662
640
604
642
624
608
610
618
628
622
620
620
620
636
662
696
714
708
718
714
704
670
678
692
700
702
686
716
744
758
756
724
716
724
736
726
692
706
736
750
706
684
720
752
762
718
690
718
736
734
696
708
744
794
778
732
748
756
754
716
708
730
726
712
684
718
740
730
712
748
782
778
730
736
744
742
722
692
714
734
722
704
764
796
768
726
744
748
762
714
682
708
728
724
708
752
796
792
740
752
766
774
744
722
746
766
758
704
704
682
668
670
662
642
646
662
688
726
750
730
738
760
762
724
694
712
724
724
686
688
702
712
700
678
684
706
708
692
676
704
728
740
720
704
726
740
732
706
708
754
776
762
730
744
740
732
688
688
710
748
772
742
744
782
844
786
718
734
760
764
732
684
694
714
722
722
694
708
730
740
730
690
674
672
648
642
632
640
622
624
632
660
704
688
666
692
700
694
670
668
684
690
698
692
670
694
708
714
718
696
694
720
742
762
752
708
718
728
732
722
682
690
714
742
740
704
708
718
736
722
698
712
730
696
654
674
690
694
664
672
704
748
756
722
730
746
756
736
688
710
744
768
766
730
758
780
792
778
734
744
758
772
764
716
736
758
744
714
732
760
770
728
686
722
746
768
760
744
750
740
740
718
696
718
754
790
768
752
794
786
780
744
736
746
760
748
712
720
732
732
716
712
720
712
682
692
718
732
712
724
734
746
726
700
720
718
700
710
688
692
724
686
656
654
642
654
630
638
640
634
622
638
608
614
620
630
660
706
738
726
702
730
742
728
686
656
682
698
698
674
718
758
764
706
704
728
744
728
696
706
740
760
740
728
736
740
738
706
680
708
722
712
682
692
680
686
660
648
# end time: 2015-08-16-22:56:30, 1439780190.72
