# R wave intervals in milliseconds per line
# start time: 2015-12-02-19:23:34, 1449102214.92
630
614
686
694
694
660
658
642
670
698
744
776
776
806
828
820
818
806
782
754
752
718
720
710
678
688
714
720
716
738
752
830
822
814
736
706
688
630
628
560
620
554
626
576
590
598
610
612
622
618
614
626
586
630
638
654
660
680
724
700
656
642
686
662
624
596
592
598
592
594
612
600
634
672
688
712
676
646
684
720
760
732
690
682
692
688
680
668
670
690
704
690
674
702
724
732
690
684
704
724
740
718
726
748
758
740
682
660
670
654
658
628
644
702
750
772
750
722
738
748
728
742
686
690
686
642
612
616
648
708
760
752
716
684
658
676
782
808
826
826
788
744
754
732
700
690
694
694
664
648
652
