# R wave intervals in milliseconds per line
# start time: 2015-04-06-19:56:05, 1428364565.53
732
902
888
858
830
766
704
662
662
682
752
838
870
848
810
850
856
906
840
830
790
800
810
808
814
844
822
796
756
720
704
706
704
698
706
724
764
780
786
786
758
758
742
738
738
750
716
704
736
838
838
868
848
844
852
856
836
820
798
862
848
842
818
818
822
876
934
916
940
964
968
936
916
928
922
912
878
904
912
862
866
908
872
822
822
840
844
792
852
864
850
818
812
810
796
858
892
850
842
798
774
798
856
884
880
892
950
960
922
924
950
956
918
912
940
974
936
936
962
950
932
900
950
966
964
950
986
990
974
950
934
948
882
904
958
984
978
976
980
962
964
914
950
978
988
978
1004
978
988
838
788
796
708
758
780
910
912
870
874
850
830
838
836
866
866
854
816
812
782
744
746
712
706
698
724
766
774
770
784
830
780
764
784
804
782
786
854
884
900
878
832
770
764
818
868
920
926
922
922
916
906
882
876
834
866
922
936
914
840
868
876
896
876
820
850
896
902
854
876
890
860
782
708
796
856
906
968
886
884
906
910
896
880
846
812
798
748
754
784
852
898
898
858
792
798
804
874
918
926
912
924
918
928
900
850
876
902
906
896
886
896
954
934
904
938
948
918
914
934
920
888
912
932
946
920
908
942
946
934
918
944
934
908
914
924
942
924
930
954
956
924
946
952
960
874
920
954
952
896
878
902
890
846
830
850
864
798
762
756
824
868
896
862
824
792
778
824
882
912
872
774
856
916
924
968
920
902
940
940
928
874
882
936
962
940
904
938
956
952
942
956
948
936
886
884
958
952
952
916
972
960
960
938
902
912
920
934
916
930
970
980
974
932
968
976
990
958
990
1006
994
964
952
968
978
942
946
962
960
944
946
980
990
966
966
994
978
940
942
962
948
914
954
988
1006
966
972
1002
996
948
926
956
966
938
920
952
952
926
904
954
956
892
864
866
794
754
836
952
938
922
970
946
820
792
808
810
844
824
796
838
886
918
906
914
926
930
922
924
986
968
952
962
970
986
970
964
982
1004
1010
974
950
996
1024
1036
992
984
1004
996
978
982
990
996
982
972
986
1000
998
972
984
992
992
970
970
990
980
970
934
848
890
846
792
780
696
664
650
746
820
838
814
818
840
828
776
756
804
824
852
872
920
942
916
900
912
882
872
884
930
938
930
902
946
966
968
956
940
970
956
942
950
946
862
898
1010
1002
950
936
1002
1010
984
926
816
680
716
930
906
906
924
938
968
978
956
958
968
958
946
884
922
968
960
1030
938
860
818
748
722
698
734
848
902
904
910
914
892
920
890
906
852
912
930
964
954
938
940
930
930
902
898
920
922
912
904
868
858
864
866
852
894
986
974
970
950
930
916
906
832
840
842
866
834
762
758
750
784
882
870
830
844
852
838
784
798
864
888
912
876
906
930
942
916
910
920
926
900
908
930
946
926
902
964
954
928
914
926
934
918
894
894
836
800
852
914
906
878
884
806
786
838
776
730
792
776
784
750
800
834
816
822
862
850
838
816
820
746
848
900
918
906
926
966
922
900
916
932
936
934
946
954
952
866
836
818
780
750
704
922
1012
948
966
1018
998
936
934
972
976
970
952
966
950
932
984
1004
980
968
1004
1010
940
896
930
952
932
938
962
960
962
980
922
898
936
902
878
900
934
924
920
940
1002
962
946
912
882
782
720
752
800
884
934
918
884
818
728
736
688
678
736
768
768
860
838
778
756
820
842
858
832
886
900
914
900
900
900
856
758
714
718
822
830
770
740
786
928
968
986
982
912
958
944
936
888
916
994
988
950
998
1024
1026
1038
962
982
1022
1004
998
1028
1022
984
1004
996
964
918
910
974
930
928
928
948
918
918
816
740
716
760
932
960
900
898
916
882
836
848
856
766
760
684
668
668
680
706
770
826
788
762
734
754
898
954
954
928
978
906
912
916
920
920
930
956
976
1000
942
962
1014
1014
1004
1050
1038
1010
1020
980
1000
970
970
950
962
914
918
932
918
952
928
886
956
934
914
946
942
944
916
914
914
910
932
902
880
866
796
720
744
788
934
956
938
926
934
996
932
884
912
936
920
866
882
872
830
770
820
910
922
848
854
834
918
830
866
910
908
882
918
912
926
876
848
824
824
774
878
842
818
862
764
750
760
748
762
800
872
876
932
854
764
754
832
920
932
900
920
944
958
928
904
892
904
922
960
902
950
988
978
# end time: 2015-04-06-20:10:16, 1428365416.23
