# R wave intervals in milliseconds per line
# start time: 2015-11-28-21:24:07, 1448763847.93
682
684
674
676
688
702
688
660
672
680
684
646
662
686
692
678
670
710
726
724
692
694
710
696
658
632
650
662
638
620
646
668
654
642
684
692
674
638
596
598
596
572
566
588
606
590
564
570
558
558
550
558
582
626
644
620
620
618
614
610
620
638
660
670
656
694
716
718
708
706
696
678
648
624
632
644
634
638
680
666
634
630
628
810
752
734
752
750
746
718
688
656
640
648
684
704
710
712
712
678
690
708
700
682
656
606
602
594
602
630
672
662
626
620
612
592
588
594
608
632
660
670
680
662
636
596
612
614
614
600
612
650
690
708
710
692
656
656
646
636
616
610
622
642
658
642
652
660
656
628
612
638
656
670
674
726
762
738
750
780
756
702
714
726
710
710
732
734
710
688
706
718
710
700
720
732
714
726
742
716
700
716
714
684
682
706
722
714
696
702
696
664
608
598
596
574
570
574
604
646
654
678
694
706
682
670
666
648
602
566
560
562
566
578
590
612
660
682
686
672
680
638
628
646
636
632
618
590
570
580
586
594
614
640
658
654
634
616
596
570
584
594
610
648
676
670
684
682
670
652
652
650
648
638
654
682
692
672
694
716
746
692
674
698
698
680
648
646
636
604
588
598
592
574
562
580
574
564
572
600
648
642
620
630
634
632
622
608
616
618
576
558
554
568
584
618
628
622
676
672
650
648
618
668
748
838
826
798
782
752
736
704
670
658
634
618
622
654
714
730
726
700
710
728
744
758
744
738
734
776
794
744
736
756
752
774
738
738
728
702
670
648
648
644
626
608
616
696
730
718
692
708
746
742
684
692
716
728
714
714
702
688
708
732
718
708
738
758
742
700
670
714
742
776
748
710
728
722
676
716
736
746
722
710
694
704
710
718
728
724
704
654
680
682
700
716
678
668
704
732
756
770
776
764
748
734
720
698
692
696
706
708
684
700
724
740
732
724
728
714
682
678
692
702
686
664
696
714
704
686
714
706
666
670
700
712
696
706
738
750
728
690
708
718
694
682
706
714
698
696
714
720
714
690
700
710
712
692
700
698
700
686
698
714
706
682
688
698
692
652
668
678
664
642
662
690
666
680
704
688
654
666
678
658
634
660
668
662
638
662
676
662
682
698
650
648
640
636
648
652
638
632
668
702
730
700
692
700
682
648
654
688
734
716
740
788
794
754
752
732
694
714
736
760
728
728
732
704
670
708
730
744
716
746
746
690
728
710
678
650
666
686
696
680
692
716
732
718
684
714
716
708
686
720
716
720
664
664
676
686
680
640
668
684
640
656
670
680
686
660
656
628
620
640
646
650
632
652
678
654
634
660
692
682
710
724
724
654
670
680
684
694
682
654
618
636
650
648
640
684
714
734
698
736
754
742
702
722
728
704
672
696
722
718
684
734
756
764
696
714
712
704
664
674
702
722
736
706
716
740
744
714
710
720
728
698
678
692
702
678
654
682
708
726
706
728
738
730
708
698
716
718
702
684
700
706
718
702
712
2116
1338
802
538
692
702
688
646
666
678
682
666
630
642
678
714
684
722
760
730
742
718
688
688
684
618
662
656
668
696
706
694
734
736
730
664
652
674
702
718
704
690
722
726
706
680
698
698
664
638
650
664
656
628
654
666
688
646
640
658
690
708
676
696
696
688
670
632
656
672
676
662
698
732
738
698
694
722
738
732
692
698
706
688
662
678
688
690
660
640
662
674
646
624
630
640
654
652
652
650
622
620
630
636
654
654
646
690
730
740
726
684
706
726
746
724
718
746
758
748
708
718
730
726
714
694
710
722
710
680
686
696
692
660
664
694
718
708
670
684
692
688
646
654
684
698
684
694
706
708
670
654
680
684
680
664
692
708
700
652
654
656
660
650
634
674
716
758
754
738
760
750
706
692
702
706
720
716
684
704
708
712
692
688
704
706
712
690
708
718
680
634
632
650
662
668
642
684
712
718
684
664
696
702
700
664
678
658
642
648
682
648
640
652
662
638
628
662
686
662
670
698
712
718
678
686
700
696
670
650
662
692
714
714
728
714
660
642
670
664
648
622
636
644
656
668
634
624
650
664
662
636
662
688
688
664
642
664
668
658
636
646
680
706
734
724
690
720
726
718
690
666
686
686
656
648
664
680
694
680
716
732
748
740
692
704
710
704
688
670
686
714
732
708
672
684
700
706
688
662
690
702
698
664
624
634
632
626
642
650
636
604
616
648
680
718
722
692
720
716
708
700
662
658
670
672
678
660
666
682
670
606
548
614
766
772
750
748
692
668
654
646
644
656
662
666
692
720
746
756
744
740
716
704
684
682
684
686
692
696
700
674
640
622
624
642
672
710
712
728
718
726
706
668
630
634
644
656
678
690
674
690
696
704
690
678
664
648
648
650
648
636
664
694
708
686
654
682
684
666
632
660
670
684
652
666
702
720
706
692
700
692
682
652
654
664
670
654
650
652
626
618
630
666
654
660
688
712
682
642
652
646
648
634
640
666
686
718
702
700
736
724
694
646
644
658
670
682
680
724
748
752
710
722
720
706
658
650
674
708
742
734
716
710
708
694
678
668
694
704
704
678
686
688
696
686
662
674
670
668
642
658
692
724
740
722
698
704
698
690
664
664
670
674
654
650
672
676
662
668
702
700
674
648
672
692
670
668
688
704
678
654
678
692
702
682
680
698
698
676
678
702
704
684
672
686
676
656
662
668
682
660
666
694
710
712
672
654
674
670
660
626
614
634
662
714
722
734
760
754
722
710
734
726
732
716
704
716
712
712
684
684
696
692
678
660
684
688
700
676
678
696
716
704
662
686
702
694
670
648
676
696
706
672
674
696
694
656
654
664
670
656
634
662
696
740
722
726
732
700
652
654
672
678
664
670
686
694
676
672
694
706
684
644
638
642
652
652
664
670
662
636
654
672
688
656
628
640
640
626
644
690
728
726
706
748
760
738
736
758
744
708
712
728
724
676
626
628
654
686
732
756
764
788
802
790
730
676
582
584
668
746
802
814
816
758
668
624
640
660
708
750
760
758
716
694
662
638
640
660
694
744
764
760
754
742
738
720
704
682
658
640
618
612
620
662
694
728
704
698
724
738
710
654
658
674
666
652
682
716
724
696
680
696
698
668
638
660
686
732
728
756
786
788
742
738
756
748
688
658
656
658
654
644
672
704
726
706
710
728
720
696
690
706
714
706
710
746
756
752
732
712
712
714
714
706
714
718
716
692
678
692
714
720
706
710
720
730
708
676
696
696
692
680
696
710
700
658
650
676
720
730
698
686
690
678
646
644
658
674
670
654
680
688
682
646
642
664
676
712
700
676
686
686
670
632
646
668
670
682
666
676
690
698
678
670
674
668
672
656
644
662
672
666
648
642
666
668
666
646
642
650
656
636
622
618
626
670
704
686
694
718
718
688
636
656
672
682
674
646
672
700
726
710
676
692
702
708
678
660
688
704
738
734
694
710
728
728
700
678
698
712
712
680
686
702
714
684
658
672
674
666
644
640
664
680
694
674
688
704
698
686
660
674
674
678
676
672
680
686
664
646
660
674
662
642
660
676
670
666
682
696
684
668
684
690
672
654
656
654
634
614
618
614
606
638
678
670
684
708
710
684
684
692
688
658
668
702
722
726
702
732
732
718
672
660
686
694
696
650
640
652
666
662
678
658
688
698
640
640
604
654
528
584
586
582
576
602
616
632
618
608
600
602
612
612
614
618
610
596
582
598
608
616
628
638
632
658
688
704
704
706
664
636
656
672
664
646
662
710
716
732
720
1992
1360
818
640
714
722
660
624
656
668
680
694
656
650
702
736
754
714
664
712
722
728
680
642
672
684
682
644
644
696
720
744
712
652
698
714
704
694
664
614
616
640
660
698
730
676
594
558
604
704
706
720
682
648
632
644
654
646
634
620
602
610
632
628
650
696
578
622
648
640
634
628
612
610
616
620
628
622
616
616
610
638
574
530
640
708
684
686
672
642
628
622
610
618
640
678
718
754
784
770
754
724
690
660
638
634
620
612
612
618
610
604
596
604
620
634
638
646
660
672
682
684
694
682
662
642
628
616
620
626
636
658
674
684
706
702
696
696
672
624
610
624
626
648
618
618
646
660
646
632
672
684
696
686
634
632
654
656
652
662
648
620
644
656
676
680
664
620
618
632
640
658
650
632
670
720
768
770
702
712
702
688
644
636
652
642
640
640
658
680
696
688
664
678
680
674
648
614
610
622
646
672
702
692
674
686
696
692
660
648
658
658
658
644
622
634
646
660
656
632
632
648
596
570
560
584
592
590
580
600
598
692
1950
1206
748
1484
890
598
724
684
684
636
848
680
710
696
694
726
742
746
672
694
714
688
712
678
702
728
730
674
720
738
726
678
680
700
710
684
660
686
718
682
520
588
642
566
714
590
1312
854
512
710
586
774
786
726
1244
746
740
744
720
760
746
754
722
716
716
698
692
656
664
666
666
654
636
646
676
752
814
796
770
786
766
762
708
652
668
676
690
682
676
724
752
694
660
690
710
720
680
704
754
786
784
694
658
688
706
740
718
758
804
822
764
676
712
740
774
750
686
670
714
748
768
736
676
698
728
736
742
702
704
720
712
694
656
698
718
722
706
688
728
738
748
710
714
744
734
724
678
688
696
688
662
672
720
740
734
742
758
740
678
680
698
708
686
664
694
706
696
674
698
704
672
640
666
692
684
654
688
706
732
658
576
580
594
748
772
784
790
786
754
740
728
718
708
706
690
622
638
648
662
690
684
652
668
686
698
698
694
694
684
672
684
696
704
722
726
736
690
682
692
698
694
668
716
748
766
714
706
742
756
754
712
636
650
672
684
716
744
700
684
718
732
730
698
690
708
704
698
664
646
672
696
722
692
716
750
764
742
684
696
708
702
664
656
680
692
706
682
662
694
700
708
690
654
660
652
620
596
624
664
690
676
704
744
758
726
670
684
696
692
666
644
652
652
640
610
608
632
656
662
642
642
636
690
714
684
698
694
690
700
678
692
676
642
658
652
658
660
666
640
608
622
616
614
602
600
652
706
762
776
772
788
772
720
644
658
670
652
628
610
624
640
654
706
812
888
880
886
856
858
844
808
726
756
796
820
750
674
714
724
678
720
764
774
710
756
794
804
764
706
750
770
782
768
704
736
772
788
782
722
698
726
728
682
682
712
740
724
718
770
786
724
698
730
718
694
664
706
736
718
652
692
714
724
682
654
682
688
660
632
662
700
736
720
662
676
702
718
720
680
650
674
686
688
676
652
684
714
706
674
698
744
760
766
708
714
718
722
692
682
720
736
746
724
704
732
738
736
714
718
732
730
708
682
718
730
716
666
674
686
676
650
648
696
728
710
682
742
768
732
678
700
684
678
712
718
672
702
740
758
766
694
688
722
724
732
708
668
710
730
740
714
682
706
714
676
642
672
700
722
692
704
738
732
714
666
684
696
704
678
666
694
708
704
652
654
676
676
670
638
652
682
716
688
698
726
712
676
642
672
688
694
652
660
668
676
652
626
658
678
700
680
722
752
768
728
714
734
728
692
654
694
706
720
688
694
720
734
712
658
676
702
710
688
678
700
706
686
648
656
680
688
670
658
686
706
688
646
662
682
676
654
646
670
686
654
652
688
694
678
668
686
680
658
678
682
646
636
628
632
640
662
666
638
664
692
720
704
654
674
694
688
682
648
666
708
740
752
738
768
776
756
702
688
700
698
684
654
700
760
818
844
794
756
786
774
724
652
690
704
696
662
680
708
720
714
666
670
700
712
676
648
672
696
694
672
662
688
704
694
654
640
676
692
700
674
692
702
686
650
642
650
640
632
678
712
726
734
748
758
764
754
700
688
694
658
648
644
634
668
710
744
766
720
702
714
716
720
676
662
698
716
730
718
662
686
712
722
686
670
694
700
708
676
656
678
686
682
658
674
704
712
678
664
708
718
710
666
676
706
698
662
660
682
688
658
636
670
688
684
646
642
654
654
634
634
664
692
718
682
690
732
746
722
656
654
672
688
710
670
674
684
686
678
636
652
666
688
712
678
662
682
678
658
626
624
626
634
638
674
718
722
722
716
730
760
730
710
656
742
744
718
712
694
640
624
642
630
618
606
580
600
636
698
782
794
742
706
682
690
718
728
708
690
724
754
768
784
708
686
688
654
624
636
674
668
716
776
800
780
708
722
726
720
686
678
686
716
742
724
692
724
702
664
628
640
618
646
706
732
776
