# R wave intervals in milliseconds per line
# start time: 2015-04-05-18:12:17, 1428271937.66
748
840
844
798
762
830
846
832
762
794
738
690
688
706
648
632
654
688
640
654
732
778
816
724
738
772
788
756
688
796
856
854
784
756
718
640
650
666
704
632
632
654
654
734
698
686
636
658
692
768
802
808
766
766
782
854
872
846
900
930
932
896
890
872
856
772
804
852
876
918
836
892
886
878
798
768
784
886
900
862
906
918
918
832
884
878
894
848
868
874
912
856
900
914
846
742
728
770
816
830
778
758
768
834
842
844
794
876
876
862
830
868
884
894
826
882
932
900
880
868
842
850
776
840
962
966
916
914
912
932
880
868
916
926
856
866
910
940
868
912
922
878
856
840
886
904
854
846
820
852
800
814
890
924
880
870
916
900
820
870
898
834
836
848
858
880
794
874
868
898
804
820
832
904
874
836
902
892
898
836
848
876
846
812
812
886
884
838
798
826
770
732
734
812
882
864
846
834
840
860
792
816
882
908
886
894
946
902
832
832
920
862
892
884
958
892
794
848
850
880
806
828
858
868
826
854
898
884
816
812
812
816
752
782
834
894
868
870
922
958
890
850
840
894
786
736
800
850
890
848
842
876
878
828
820
856
866
824
822
894
894
832
814
840
858
848
830
782
776
786
822
778
866
896
896
858
844
840
890
868
792
776
824
824
842
806
860
858
806
804
874
878
836
818
866
898
872
808
834
912
846
784
812
852
872
862
850
866
914
810
802
812
784
742
716
694
790
870
904
884
844
818
818
844
808
830
866
910
908
870
906
900
852
878
784
822
826
814
794
718
780
770
828
780
710
716
758
816
842
850
814
876
896
678
996
832
882
884
830
828
874
848
860
802
844
866
870
820
846
906
920
876
866
890
868
796
776
808
816
758
788
866
894
816
824
878
840
758
794
804
826
806
762
840
870
804
742
812
834
820
782
802
866
842
810
730
742
822
830
810
760
832
810
792
696
690
746
756
836
742
756
764
824
840
798
788
796
782
782
780
844
858
884
818
868
854
840
828
806
826
762
714
678
712
714
780
930
922
928
902
974
932
834
784
832
824
844
758
856
892
860
846
870
884
792
810
812
768
704
762
754
802
780
732
740
746
772
702
658
650
630
648
684
800
768
774
760
782
768
692
718
674
692
736
780
812
820
762
752
814
776
766
766
800
912
904
886
860
918
920
878
792
854
870
884
800
848
904
894
846
812
874
876
810
806
914
918
802
888
918
782
690
632
696
840
910
948
972
970
950
914
936
890
922
858
806
830
862
858
908
870
916
860
830
878
858
884
876
842
874
882
920
862
776
830
816
798
872
794
732
806
822
882
852
802
700
718
718
758
732
708
706
752
818
906
894
834
844
870
826
830
788
830
846
926
890
852
884
882
898
840
802
850
898
914
844
844
886
874
784
776
840
884
864
826
834
882
852
810
810
852
872
860
796
812
848
854
790
752
870
860
826
780
798
788
780
776
840
862
804
774
834
836
832
748
822
852
848
846
840
872
828
802
700
758
802
848
868
908
928
894
868
730
740
774
840
832
842
818
854
870
756
836
864
852
802
814
892
882
870
814
834
882
868
836
792
842
832
862
772
794
810
818
734
822
856
894
862
854
872
874
814
760
814
872
876
832
812
824
810
844
822
878
900
846
840
880
876
896
778
870
866
834
814
754
856
882
808
850
836
830
686
678
736
748
720
766
754
732
782
688
644
680
640
708
706
758
844
902
914
890
830
862
886
902
846
776
806
854
882
892
870
892
912
856
816
898
914
956
866
840
898
872
850
832
852
832
766
780
860
914
880
836
862
850
820
734
754
796
822
798
780
850
898
848
836
848
848
798
800
850
870
814
792
862
814
766
788
860
866
796
758
848
864
858
836
834
902
894
836
850
836
764
726
760
718
692
768
946
966
920
904
840
818
792
774
708
778
850
860
860
892
934
908
870
794
866
832
752
734
704
826
670
904
872
822
872
816
724
704
758
748
750
770
820
866
914
828
790
808
824
808
788
748
770
870
816
768
822
818
840
896
816
844
858
800
850
758
776
824
832
868
808
790
802
762
706
696
780
792
810
866
772
768
708
728
724
692
738
664
666
758
796
772
784
844
772
788
796
860
870
796
780
850
828
784
728
714
752
862
888
890
874
822
880
836
864
744
732
762
822
844
840
816
830
868
876
854
754
810
808
746
720
812
840
856
832
808
814
832
824
764
768
848
794
742
826
848
848
832
790
864
868
862
846
818
896
870
808
786
834
858
794
834
846
812
776
704
758
758
742
738
798
876
832
812
774
830
806
804
742
788
794
758
788
808
802
860
768
752
772
798
778
788
862
898
850
724
740
718
758
756
730
690
736
728
716
694
712
778
800
796
784
772
760
786
798
770
748
792
824
916
912
868
906
902
878
806
812
840
810
786
742
760
796
738
674
708
682
734
798
866
852
804
684
734
730
684
706
664
764
762
832
828
824
832
848
824
712
708
740
758
786
804
804
918
910
888
878
888
862
874
842
856
874
858
864
864
936
872
890
878
898
786
748
832
808
842
790
848
894
802
844
844
870
748
758
790
690
648
674
686
720
664
688
662
666
632
638
624
640
620
612
704
606
612
598
634
610
616
596
570
684
670
680
684
586
614
610
700
594
592
606
646
644
622
652
638
682
650
696
734
744
742
702
762
720
746
710
788
786
794
804
710
760
798
858
890
876
828
858
856
904
842
826
860
904
862
896
894
918
826
804
838
864
874
838
860
878
888
884
860
900
924
894
870
896
888
882
806
878
938
874
876
908
904
850
802
868
882
848
852
876
912
854
868
886
868
764
794
814
850
780
798
868
782
736
764
704
734
764
818
770
864
834
830
742
812
798
750
754
838
878
824
800
810
840
738
758
814
880
900
836
882
864
886
848
810
856
900
888
896
882
914
844
756
738
736
788
862
910
852
892
894
918
850
852
908
910
844
832
900
882
852
840
892
908
902
854
870
864
894
782
742
806
768
764
700
754
752
854
780
768
734
782
800
824
768
808
794
820
780
852
868
850
770
804
868
848
770
772
812
782
750
702
714
742
772
716
790
804
854
514
598
796
786
806
808
750
786
838
864
794
830
834
824
852
756
802
782
776
692
754
830
858
826
820
880
884
788
816
876
784
756
710
802
778
700
716
798
816
758
780
804
846
844
774
796
828
842
782
760
820
848
826
792
792
842
804
806
844
914
884
870
810
858
856
870
818
830
822
914
892
886
896
906
842
792
768
722
710
764
884
886
842
920
914
858
750
752
832
852
796
852
894
936
916
874
906
870
846
812
846
884
908
828
840
868
914
882
838
856
902
842
826
786
856
852
782
818
800
846
800
770
830
832
880
762
774
786
868
832
812
814
844
864
858
838
866
846
864
764
808
828
882
840
782
878
850
820
758
734
760
838
826
778
754
836
856
798
718
766
782
714
768
780
812
854
800
778
804
834
860
756
774
766
806
796
734
782
810
824
868
782
778
762
700
706
748
782
734
780
810
874
794
790
766
840
830
768
742
786
898
876
796
866
876
892
812
762
834
580
800
766
814
866
864
774
808
804
860
824
746
794
770
828
748
734
814
840
828
752
744
808
810
766
800
800
852
822
816
698
716
686
616
506
724
750
776
782
726
726
824
822
828
784
740
706
746
780
758
694
716
800
836
834
780
786
836
836
890
808
742
740
762
798
780
718
710
740
754
850
878
526
698
628
514
684
580
834
818
796
844
904
950
932
900
936
948
964
894
904
922
986
982
900
926
928
966
866
880
910
954
932
874
894
904
854
746
804
804
800
772
712
760
722
822
872
828
838
892
886
920
864
860
910
898
900
830
878
896
794
834
850
856
912
880
834
802
790
816
848
810
738
722
782
838
908
878
754
966
870
888
820
836
868
858
830
830
912
862
882
874
888
890
856
884
888
848
846
850
866
864
828
876
904
814
874
884
874
788
720
680
688
676
724
670
722
796
792
722
810
808
742
726
690
752
724
690
696
740
786
674
670
686
696
670
718
614
662
648
612
676
656
610
626
582
612
606
610
656
670
682
686
638
694
672
676
678
636
698
714
774
878
826
854
810
852
746
720
692
656
672
656
648
662
664
666
644
702
666
658
654
646
666
616
652
656
714
694
686
722
704
690
650
700
632
672
630
700
580
590
630
600
628
754
802
754
806
792
802
680
678
690
644
716
692
722
746
810
786
780
704
830
838
842
804
794
746
668
636
628
644
680
684
716
824
700
736
722
710
522
606
730
1808
1730
1040
752
924
954
912
886
902
866
778
738
710
690
728
730
702
838
914
950
908
858
810
854
842
788
710
802
840
884
800
752
768
866
898
874
860
864
902
808
694
694
656
706
706
744
730
678
710
734
768
722
750
742
772
810
738
782
788
772
722
734
644
662
680
664
718
708
736
734
792
770
704
800
772
754
728
628
662
660
682
714
750
678
742
754
854
832
726
676
712
680
706
782
728
668
742
748
718
694
620
658
896
858
908
822
802
842
824
816
834
732
744
708
766
816
804
784
656
720
722
740
764
846
854
810
782
854
874
862
880
838
880
894
850
888
830
768
780
736
774
828
820
834
788
818
834
810
876
808
780
816
908
896
818
798
756
726
714
716
800
908
980
932
830
904
896
892
888
786
768
702
784
902
868
866
820
852
938
940
910
832
900
878
888
794
670
734
766
774
702
754
792
822
764
860
820
806
766
754
# end time: 2015-04-05-18:41:29, 1428273689.42
