# R wave intervals in milliseconds per line
# start time: 2015-06-27-19:32:35, 1435447955.51
706
718
700
670
698
708
706
668
672
680
712
634
622
648
690
736
676
688
716
718
694
688
700
680
678
666
626
646
660
678
678
658
672
674
688
694
650
606
622
646
708
782
788
776
810
796
672
682
688
688
694
662
650
664
668
638
626
714
728
736
680
658
720
692
688
672
692
684
722
652
666
700
730
742
698
738
748
712
674
696
714
710
670
694
722
744
716
698
730
736
718
666
706
722
714
664
696
702
770
688
694
710
694
630
596
638
680
666
670
720
776
756
686
706
692
650
630
666
696
736
736
712
764
764
726
706
744
726
720
688
706
732
722
710
680
690
700
708
662
664
670
686
672
634
676
700
724
668
712
746
730
662
694
732
756
676
668
678
718
726
688
690
710
674
672
638
676
698
726
680
712
734
702
650
672
688
680
656
698
702
712
668
700
730
728
672
674
698
710
668
664
684
700
654
666
702
714
690
688
708
726
682
662
706
734
684
650
666
598
604
610
650
702
742
698
698
700
654
662
660
638
654
646
660
688
634
664
684
698
664
608
616
594
628
666
638
626
616
660
612
596
570
582
668
708
706
714
716
732
726
710
704
692
656
702
676
654
660
670
694
720
734
702
664
674
698
760
784
792
764
726
700
668
640
636
634
686
682
666
686
718
692
676
646
650
696
646
620
616
626
632
672
706
742
678
690
746
796
788
742
776
798
754
672
690
714
728
672
678
714
742
742
712
758
794
792
762
698
744
760
764
712
728
768
792
740
654
690
728
764
718
738
760
792
766
718
736
728
672
676
726
772
774
764
774
718
656
692
720
722
674
732
768
728
602
604
646
710
758
790
766
746
724
678
648
676
632
620
596
588
594
604
648
716
716
702
738
750
720
698
734
684
682
694
708
700
680
710
744
724
704
656
636
640
638
630
612
628
646
658
626
628
636
674
706
738
754
750
714
654
676
676
698
718
666
678
718
736
712
642
670
698
730
670
620
670
714
754
788
694
704
736
756
702
654
682
700
716
666
656
704
722
726
656
616
634
702
724
764
774
734
710
644
668
682
698
676
640
676
702
726
720
662
652
696
754
814
812
786
730
736
726
722
686
690
722
730
726
668
678
720
744
772
730
746
748
754
744
696
702
730
742
714
700
738
748
714
668
724
760
764
702
742
752
744
678
678
714
706
640
660
682
696
754
674
694
724
726
658
664
690
702
664
626
624
642
638
638
664
728
752
746
732
710
694
670
652
656
624
612
616
642
670
678
692
772
826
842
836
814
798
744
698
700
704
700
692
696
676
664
648
642
666
694
730
756
738
712
666
648
648
664
638
618
610
628
664
700
724
700
692
738
748
736
736
650
658
654
666
674
644
628
656
694
730
766
726
680
720
738
698
642
650
652
674
672
666
720
762
794
792
760
694
732
712
690
650
662
690
726
730
702
736
816
800
674
648
662
646
646
686
734
770
760
740
758
774
770
768
700
714
742
764
762
748
678
694
760
748
714
726
790
794
780
686
754
740
756
746
678
670
714
760
820
774
798
840
818
698
662
676
690
710
642
664
682
748
750
752
804
766
716
654
644
642
640
608
792
750
754
738
724
710
692
664
632
660
672
714
722
748
698
644
730
752
742
752
746
718
726
720
704
652
712
746
772
790
740
774
778
766
726
708
716
730
702
652
712
742
776
720
736
802
818
760
738
738
802
746
676
704
742
754
760
680
690
716
704
656
646
706
756
758
704
760
796
796
744
726
738
668
688
694
722
666
652
710
726
738
718
704
704
742
748
752
744
768
772
734
722
734
758
724
722
756
790
784
698
734
754
744
686
664
708
720
728
690
696
728
704
648
668
690
698
656
600
642
688
736
786
792
724
730
732
730
680
680
704
712
708
696
742
776
778
714
740
822
798
670
640
614
642
912
874
846
836
826
824
800
780
760
752
722
694
674
730
738
768
778
782
744
680
646
652
652
678
750
790
814
814
780
682
668
714
730
766
758
720
748
756
746
746
736
690
724
742
746
732
658
680
710
730
726
654
634
654
686
708
716
660
652
672
676
686
658
614
650
652
664
700
722
704
728
796
736
652
712
698
680
644
654
674
702
716
680
650
704
742
762
780
766
802
688
678
684
692
694
704
670
646
674
704
712
710
768
762
810
712
694
678
684
704
698
652
682
690
676
640
610
632
662
708
716
674
692
688
698
692
692
672
694
712
724
720
702
658
636
656
662
650
702
632
652
632
634
632
656
666
642
600
608
618
706
740
774
734
656
708
706
714
686
672
700
724
728
714
670
694
720
744
742
702
708
748
772
774
700
706
730
794
704
662
720
744
752
684
702
744
738
686
634
630
668
692
736
718
656
704
734
758
760
732
742
744
738
700
678
710
724
738
680
648
660
690
734
720
740
772
758
680
708
732
734
672
662
682
678
670
642
652
680
676
624
666
692
732
758
694
688
724
738
706
702
710
732
762
714
682
730
754
770
776
706
732
744
754
720
714
732
734
720
664
680
708
734
728
684
732
752
694
668
688
736
686
632
622
642
640
662
622
650
698
672
640
692
680
626
606
632
646
586
638
628
626
624
598
574
578
564
580
592
612
640
644
628
588
590
602
612
624
648
634
650
694
708
720
712
652
662
686
702
718
736
708
730
744
740
696
650
684
678
620
602
594
612
638
722
766
754
824
840
798
702
742
782
784
714
706
732
724
704
652
690
734
772
706
694
756
796
696
652
692
760
748
696
708
738
744
734
668
726
772
782
720
756
746
740
744
700
732
770
778
722
754
786
774
702
690
724
738
734
700
726
752
764
704
686
730
740
750
692
712
728
764
704
718
746
740
690
660
708
740
734
684
760
772
762
692
712
722
720
686
708
734
742
692
680
694
692
638
630
678
726
742
688
708
754
758
736
742
740
680
662
712
732
736
684
704
750
782
746
744
752
740
766
678
682
710
738
706
672
728
760
762
702
674
716
734
698
638
654
704
708
660
680
680
670
628
632
664
688
696
660
710
754
754
700
716
730
720
684
690
704
702
712
680
730
762
754
708
756
754
790
742
776
804
798
740
738
746
744
670
662
708
756
758
710
798
812
752
658
626
674
734
800
806
708
678
712
740
750
724
664
692
708
728
742
706
742
758
658
642
668
704
682
670
702
738
754
742
732
748
742
740
698
660
684
740
774
804
830
804
782
776
776
734
684
710
738
770
786
762
728
762
770
770
734
696
742
748
728
664
642
660
728
790
822
736
768
772
756
692
736
756
754
706
720
746
746
712
678
730
766
782
730
698
704
764
684
698
746
778
790
774
744
760
758
728
650
718
720
768
786
780
798
804
748
724
746
730
690
696
736
766
724
732
768
766
730
680
716
708
726
686
732
734
686
664
676
688
666
630
652
674
798
818
826
792
752
680
744
786
846
808
860
902
824
824
862
824
708
766
762
758
714
726
742
810
732
702
780
750
756
672
748
758
806
816
784
806
772
676
626
630
678
728
768
688
696
764
806
830
746
750
754
746
692
680
682
662
638
612
614
610
604
580
644
920
874
852
850
846
802
758
710
692
686
668
646
648
694
750
786
782
760
762
754
766
766
728
722
732
752
740
716
674
628
590
612
610
640
690
678
696
734
730
686
646
650
676
696
688
642
636
668
730
704
664
708
692
706
710
626
698
688
692
668
662
668
676
680
676
628
646
542
608
580
572
586
550
604
578
582
550
548
556
534
540
548
552
558
584
626
610
642
630
620
676
584
602
618
568
568
622
566
620
682
746
760
698
722
706
732
660
618
662
630
612
568
602
622
660
688
650
668
708
734
688
682
742
726
672
642
684
704
666
620
632
628
636
668
658
630
594
696
692
718
670
662
706
716
718
660
658
680
694
656
678
792
856
846
748
846
844
794
814
838
850
786
788
816
822
732
754
794
822
746
706
760
796
794
706
764
798
768
666
684
714
702
664
646
620
632
656
728
700
664
674
716
744
706
686
714
726
702
696
788
836
808
734
744
802
830
788
734
746
766
770
750
758
798
768
684
736
740
726
668
708
742
786
754
690
710
722
726
676
678
738
776
776
708
756
786
804
750
702
756
794
796
720
748
744
774
700
756
776
768
680
722
752
762
706
718
750
756
724
724
780
784
732
734
772
762
794
706
712
770
730
722
722
758
766
714
750
776
774
708
702
738
758
734
710
780
790
796
720
744
736
732
648
632
658
634
638
668
630
628
636
632
690
716
692
680
712
728
680
654
676
680
650
626
658
698
720
690
658
696
730
756
678
684
634
712
704
686
626
634
678
710
738
680
660
696
714
754
732
722
772
808
790
726
682
682
686
650
610
640
656
692
678
662
716
802
814
784
750
692
660
644
602
620
620
616
594
558
600
588
596
586
672
696
666
636
644
658
672
656
630
668
680
686
656
646
662
712
762
802
768
744
776
762
686
642
642
676
706
696
736
794
820
852
740
694
640
696
718
674
778
792
774
712
702
728
742
740
760
726
706
754
782
806
804
714
696
738
774
778
716
698
638
642
592
614
654
680
684
742
760
766
696
690
712
736
768
766
732
778
656
640
642
690
760
794
756
726
754
710
732
774
818
800
782
746
702
722
786
844
832
774
738
678
724
754
740
706
730
730
698
682
720
756
744
704
740
776
784
772
694
700
712
714
716
684
716
744
728
724
764
778
770
704
732
732
732
694
680
706
716
732
712
664
678
714
696
710
648
670
688
690
616
618
660
700
738
696
664
688
690
652
636
644
638
606
624
662
700
750
720
656
646
682
680
686
646
636
686
710
722
666
624
642
706
686
648
620
642
638
682
638
628
640
634
634
628
626
616
586
618
594
600
646
682
682
694
660
642
632
622
624
632
644
608
596
614
628
634
634
622
580
576
822
598
648
656
612
644
658
626
620
606
632
694
692
670
706
730
756
730
670
656
686
696
686
656
704
752
768
750
710
734
736
700
676
768
808
832
752
772
760
754
678
668
720
768
740
692
786
824
782
722
806
796
710
642
688
702
740
674
650
696
728
754
760
760
750
752
714
670
706
730
728
692
734
738
702
650
628
654
690
730
726
688
730
734
738
710
694
708
714
704
678
708
738
756
714
692
732
742
676
672
704
692
714
660
692
718
734
678
690
718
714
680
688
750
764
712
642
632
690
720
736
654
618
660
674
794
782
810
726
636
622
650
652
626
662
610
626
642
654
684
674
656
696
702
732
726
746
758
782
772
772
800
796
786
734
730
740
728
732
702
748
834
852
828
728
732
800
764
708
652
680
728
772
682
666
640
684
650
630
642
674
640
638
662
688
648
604
604
622
634
658
694
674
612
628
702
696
680
650
680
696
716
696
688
752
786
796
786
772
800
750
670
688
706
714
712
692
668
714
748
754
698
678
692
744
746
722
700
768
768
768
694
714
772
788
830
784
704
710
778
762
760
708
734
760
784
754
714
752
774
706
632
592
622
672
854
888
886
854
886
770
682
654
664
700
756
772
676
684
672
712
758
796
788
730
732
738
726
698
704
724
710
698
786
772
740
696
714
702
742
668
670
664
720
654
642
676
724
768
746
724
764
752
710
728
752
694
628
628
622
632
666
730
720
676
710
678
652
666
620
620
640
642
620
656
704
732
728
712
654
664
676
696
708
720
694
724
730
740
746
740
746
722
670
704
728
756
718
674
724
742
726
686
714
760
778
792
732
734
742
728
672
638
696
650
656
694
740
770
712
722
742
754
746
706
664
696
710
736
722
788
860
854
800
884
850
838
816
780
802
826
812
772
792
808
814
812
770
758
764
730
664
684
706
696
650
626
620
684
972
892
882
858
834
786
782
750
714
710
738
756
780
766
756
736
684
674
638
648
674
682
684
628
670
702
728
744
730
720
794
748
672
706
704
712
686
672
678
650
656
680
762
766
698
676
688
766
750
754
692
638
680
710
716
700
630
616
648
634
668
678
642
624
618
668
668
674
708
700
684
640
628
654
656
668
674
724
680
656
610
586
622
614
636
744
720
652
638
656
650
732
780
746
710
682
684
734
690
620
674
680
702
670
632
588
660
700
768
814
794
728
792
784
748
748
728
738
766
784
748
780
828
844
814
770
820
830
832
836
802
840
846
862
858
860
846
826
766
714
758
790
794
734
708
782
832
832
788
816
802
778
724
754
770
738
722
804
836
816
758
830
844
790
666
730
762
794
730
624
586
634
1104
1006
950
898
902
856
822
784
710
696
740
756
780
782
760
720
734
708
712
694
672
692
678
704
676
640
646
668
684
706
746
758
770
740
716
680
658
634
650
600
574
596
618
648
676
654
608
604
604
604
604
588
598
594
600
592
606
632
662
684
694
700
692
668
626
568
592
562
562
570
620
742
752
750
724
702
746
758
736
722
644
608
616
620
638
654
688
684
708
726
720
688
632
632
# end time: 2015-06-27-20:05:47, 1435449947.59
