# R wave intervals in milliseconds per line
# start time: 2015-04-26-14:51:20, 1430074280.93
600
596
738
714
770
744
720
636
594
590
626
654
698
692
840
852
848
818
786
828
814
724
704
728
766
780
716
700
754
780
778
730
686
724
738
774
692
744
758
812
804
780
778
688
686
664
690
694
690
754
788
746
732
756
788
836
750
752
762
772
738
732
734
798
850
800
784
810
836
702
728
720
766
798
690
728
764
752
684
688
660
708
774
832
806
730
788
732
782
666
734
722
804
820
800
786
830
824
772
706
742
776
828
832
844
752
790
806
816
794
798
784
830
806
684
764
780
806
804
706
724
768
792
768
672
690
734
720
728
676
640
706
748
772
734
698
746
746
686
656
680
728
752
800
806
798
728
740
766
750
784
740
772
780
824
738
710
732
664
718
748
706
748
826
846
854
790
702
766
760
752
782
752
816
850
780
770
818
812
802
714
742
828
786
706
738
770
802
830
766
738
746
818
810
758
746
820
832
862
808
734
786
794
776
698
742
766
824
740
668
714
726
754
786
698
752
744
792
730
718
722
808
820
848
770
796
786
832
768
714
730
788
816
826
752
792
802
858
776
720
770
818
832
804
730
730
786
786
738
726
702
730
738
676
646
654
660
656
722
822
824
722
760
772
710
704
638
624
696
720
728
694
650
692
696
728
732
680
664
726
724
736
702
656
690
668
684
758
858
764
810
804
802
770
786
680
760
770
826
868
770
850
868
842
808
710
738
826
834
856
814
738
798
814
826
852
770
770
818
820
828
710
734
782
784
800
740
692
742
782
830
858
762
680
736
744
744
694
676
728
806
866
852
752
780
798
780
772
686
752
754
728
734
694
776
836
854
830
792
708
772
754
808
750
694
766
798
812
786
700
792
812
824
750
716
786
778
774
702
732
750
820
764
702
758
778
802
736
712
752
784
800
730
702
762
786
796
708
694
694
710
734
708
658
648
664
684
754
746
732
788
812
824
748
672
700
698
704
690
660
684
706
758
800
856
768
780
808
766
766
680
656
666
644
730
766
818
780
740
772
776
748
752
642
706
714
740
746
830
740
714
764
762
756
698
688
708
718
758
748
694
746
752
784
798
722
668
632
662
646
678
744
782
732
782
782
780
756
712
662
726
790
818
740
766
792
858
758
676
714
738
776
790
694
716
770
812
834
740
744
790
764
766
718
764
796
784
714
718
754
754
776
682
706
730
798
762
718
768
788
794
732
650
724
704
744
754
756
764
804
818
758
726
758
738
734
740
708
724
700
710
726
718
656
634
666
644
686
742
792
742
724
726
752
778
774
796
682
720
750
782
800
718
724
794
788
726
696
730
790
854
848
778
712
734
718
770
794
762
742
798
778
758
680
712
688
664
652
670
644
700
726
802
844
864
762
768
750
772
674
634
672
692
798
764
788
820
864
918
850
766
754
730
644
636
600
628
694
762
780
764
798
792
790
704
714
722
754
764
790
744
738
706
766
780
802
812
822
790
722
764
774
784
798
780
734
736
740
796
700
676
696
738
752
788
692
696
702
710
712
676
648
678
704
726
680
666
720
750
818
794
758
674
764
760
770
736
596
750
726
776
734
704
706
770
770
778
730
678
712
728
802
810
796
714
752
772
802
798
714
708
756
736
748
710
688
746
772
734
734
672
736
758
760
696
696
728
742
768
706
692
734
748
774
758
704
726
742
748
706
720
696
720
810
790
744
726
724
746
752
734
664
694
662
670
698
754
726
720
720
778
768
754
696
632
654
650
732
738
778
736
738
760
768
798
772
756
738
786
764
736
698
746
744
762
702
678
704
768
788
722
698
704
734
664
664
642
656
698
698
768
702
642
668
680
736
754
778
798
754
704
730
734
736
750
718
678
750
782
834
836
786
834
810
772
736
730
712
778
778
786
732
784
778
758
700
700
720
754
778
662
686
704
660
682
682
744
828
742
754
738
730
658
630
632
638
662
736
836
746
772
700
752
708
658
620
708
650
706
678
624
654
706
676
644
668
704
696
652
654
646
714
712
662
694
722
746
752
734
682
736
764
784
732
704
752
790
818
728
810
820
808
722
736
768
810
756
738
788
812
750
726
764
782
826
698
698
740
770
788
728
758
778
776
724
712
770
806
794
734
732
752
808
760
746
736
752
748
740
710
754
792
790
756
710
776
758
702
646
690
690
688
710
612
636
664
704
770
800
844
752
734
746
740
730
688
710
758
782
796
790
830
864
844
792
750
708
668
722
682
702
768
852
864
840
866
882
876
808
800
772
716
764
712
758
800
846
790
748
806
804
758
696
734
756
818
726
704
782
794
762
696
732
758
760
708
734
780
808
772
730
780
820
798
722
746
740
728
696
702
750
798
766
742
792
832
814
770
772
796
766
692
708
762
760
682
682
704
722
706
658
658
720
782
828
764
714
730
810
766
682
672
718
760
794
716
696
768
710
714
666
706
728
676
670
748
760
738
698
738
754
772
766
718
780
818
822
766
728
818
804
774
702
752
786
818
736
766
802
822
754
750
776
806
762
730
790
810
792
714
762
788
754
694
708
732
796
720
674
740
762
774
746
728
758
778
788
712
674
746
776
792
750
804
842
798
700
704
754
824
838
740
708
774
780
760
748
680
736
758
792
802
716
750
780
808
794
678
718
720
724
712
710
640
706
718
668
770
762
846
808
766
698
740
714
712
690
696
714
752
754
682
738
716
796
756
762
708
692
734
770
794
788
780
704
730
768
782
768
710
750
766
770
782
722
728
718
760
712
696
666
708
744
746
758
656
692
690
710
754
768
738
786
814
836
750
704
738
756
758
780
710
730
752
762
746
668
676
690
672
650
662
714
688
656
690
728
744
698
660
676
704
710
706
652
686
708
716
758
680
698
738
750
776
720
720
744
768
776
746
680
668
650
706
750
802
774
714
646
686
700
736
768
768
718
748
732
746
762
812
794
724
744
740
742
674
690
710
756
790
738
702
708
676
696
702
734
744
794
708
702
646
634
648
654
726
688
670
748
782
766
696
736
750
752
740
686
676
690
806
832
838
772
712
714
770
760
784
706
656
734
752
776
784
756
734
764
756
732
744
764
820
822
766
784
762
772
744
750
666
670
676
692
784
804
826
752
660
684
682
682
718
670
652
708
726
682
634
646
630
618
700
736
782
772
738
642
662
620
662
676
724
782
806
778
748
766
786
790
736
744
736
754
766
784
712
712
788
792
850
820
738
720
764
766
790
776
704
758
800
824
744
710
740
762
710
678
728
682
672
698
744
708
698
784
800
786
798
680
722
748
760
782
702
666
706
756
778
782
702
740
838
800
770
714
730
762
744
740
668
662
654
746
742
798
882
888
894
854
822
816
804
788
728
800
786
802
828
764
780
764
764
684
660
678
744
808
814
868
726
784
778
788
770
710
736
744
760
716
666
716
736
772
788
730
756
764
748
672
650
654
728
802
824
818
794
838
838
786
784
816
824
774
768
810
810
772
786
810
826
852
762
732
758
774
756
698
734
812
822
802
726
788
800
770
694
754
734
710
706
684
756
770
774
718
670
758
502
784
740
698
734
752
736
714
726
740
808
748
664
748
772
794
784
740
780
756
692
624
710
732
768
724
656
636
650
690
750
796
724
748
756
802
724
644
700
702
698
694
656
760
798
846
798
752
808
782
774
680
674
764
736
720
710
814
840
852
784
708
752
752
726
728
656
722
746
776
746
700
732
740
734
712
718
756
794
860
752
782
798
810
772
752
770
768
706
690
762
834
796
736
836
864
834
890
894
818
816
820
836
784
722
788
818
802
776
740
786
794
754
730
700
640
660
666
698
768
756
812
876
806
768
736
714
748
670
630
682
730
766
750
672
740
790
808
780
768
798
778
802
708
714
806
800
786
718
790
808
824
812
786
728
744
810
734
692
746
782
834
840
796
834
836
786
766
734
758
798
784
808
804
814
870
762
658
720
710
704
720
676
684
674
702
750
738
710
750
772
738
740
684
692
714
716
686
678
756
790
760
694
672
700
706
710
668
768
802
792
722
756
780
812
700
766
768
742
692
734
770
814
776
726
732
742
744
734
700
732
762
780
778
724
666
670
706
752
790
704
728
694
668
654
738
802
850
822
796
814
770
834
782
782
836
826
886
804
804
798
834
776
736
794
858
844
758
780
814
832
776
706
756
798
816
770
700
750
800
744
720
786
820
838
828
828
774
734
748
808
756
786
720
716
782
824
818
786
652
694
734
760
790
750
692
750
758
788
708
668
670
686
592
574
592
796
872
848
890
834
758
804
762
796
778
750
792
756
744
790
782
778
754
796
808
810
800
786
754
736
796
828
852
866
784
788
780
770
752
738
676
654
696
742
818
794
730
806
796
758
680
736
720
794
734
708
728
712
724
658
714
732
764
756
732
742
790
796
798
720
764
768
742
736
676
718
756
770
700
686
736
752
776
706
740
758
780
740
722
722
754
728
744
710
738
762
782
722
762
774
804
806
780
800
810
826
814
788
712
754
708
696
620
664
718
736
712
722
698
# end time: 2015-04-26-15:16:00, 1430075760.11
