# R wave intervals in milliseconds per line
# start time: 2015-08-07-19:31:22, 1438990282.69
614
704
726
738
696
666
730
768
750
678
654
664
650
622
620
628
666
718
678
670
690
718
686
662
672
690
714
716
676
660
678
710
754
744
704
710
714
692
670
620
594
582
602
856
832
836
844
856
836
812
762
728
704
690
680
674
684
688
698
700
706
712
706
696
688
690
696
696
696
698
700
704
706
716
718
700
654
630
642
658
684
688
722
758
766
710
670
674
686
692
674
640
646
666
682
686
662
644
680
708
740
722
708
742
750
718
702
718
724
704
678
694
708
716
700
704
742
760
730
704
730
744
728
686
690
714
728
716
712
740
748
708
684
708
702
672
640
670
714
754
738
752
764
746
688
704
732
742
714
658
654
662
668
668
656
708
756
782
730
746
752
740
694
704
730
746
712
716
748
756
714
708
730
726
694
712
730
722
708
716
724
700
666
694
732
768
772
722
762
778
728
688
710
716
680
620
612
648
706
808
794
764
766
776
738
750
762
750
704
702
722
722
686
654
680
696
710
670
654
658
666
672
690
654
616
634
658
686
728
736
692
712
732
736
768
784
784
802
816
832
830
788
798
798
756
692
690
722
754
774
754
702
708
678
640
672
684
662
658
672
712
690
664
704
736
764
756
696
658
688
720
764
780
716
704
734
762
756
708
738
760
772
764
772
792
800
796
782
764
760
758
728
682
722
758
810
794
780
800
794
750
696
734
740
710
678
730
764
798
760
760
782
764
694
638
634
668
714
788
820
812
774
786
790
768
702
670
698
696
670
666
700
720
706
678
716
772
814
764
780
802
782
734
768
782
774
740
712
744
754
752
704
662
704
704
662
652
696
746
794
756
764
766
708
670
702
700
698
674
692
704
702
668
696
738
764
738
746
778
784
740
728
740
698
660
690
756
800
834
792
780
808
804
760
694
708
746
778
782
702
714
764
770
736
688
694
728
738
704
710
746
748
706
722
734
710
674
694
716
726
696
702
770
822
808
822
842
796
726
728
734
732
686
652
690
694
704
678
686
692
668
634
658
688
732
706
726
754
768
710
700
716
692
662
688
706
682
656
680
692
686
698
728
704
712
742
746
712
680
708
730
720
676
686
706
720
706
720
750
750
688
648
668
708
750
756
728
774
800
794
726
682
700
718
732
714
702
744
776
786
726
690
722
746
746
690
674
688
710
728
708
688
710
730
720
686
716
738
740
748
736
686
706
736
766
784
720
646
676
714
756
794
780
714
742
772
780
758
708
740
776
788
766
700
728
754
776
766
718
752
766
754
702
668
698
716
692
686
708
728
724
692
714
766
786
762
710
748
750
742
700
700
710
680
634
638
672
710
714
722
798
820
750
668
658
678
670
662
674
718
772
784
748
766
802
798
772
740
752
752
748
716
676
698
734
746
718
718
752
780
732
660
678
714
738
750
680
656
702
734
764
732
668
650
666
666
680
694
670
614
636
642
678
746
804
796
682
660
652
688
742
788
818
770
758
780
724
672
662
684
724
788
838
808
768
790
790
772
722
714
734
746
724
670
684
726
764
780
778
770
782
776
756
724
760
758
744
694
690
734
766
776
714
744
782
786
732
748
778
794
750
698
736
750
742
720
748
774
750
688
694
726
686
688
722
768
756
716
754
778
784
718
690
720
718
714
680
670
714
748
768
730
752
776
746
708
746
768
784
746
746
766
770
742
704
726
754
768
746
728
744
732
684
674
676
650
622
626
666
716
740
688
676
680
704
766
786
788
720
742
774
766
710
668
694
716
734
704
696
740
780
764
706
736
736
710
660
632
666
692
686
676
710
738
706
676
708
730
744
700
700
690
658
672
724
772
798
770
794
828
822
776
800
788
770
702
652
694
722
722
688
746
768
718
718
766
750
710
744
758
708
696
760
794
752
762
802
774
698
712
732
752
706
672
688
692
680
680
664
642
642
652
678
740
796
838
840
740
748
762
774
746
714
734
752
726
662
654
640
604
604
726
834
822
834
848
836
826
782
742
722
706
702
678
660
652
662
690
700
682
690
718
716
700
688
696
704
670
696
722
734
692
702
730
718
672
668
694
700
704
716
728
748
698
656
644
646
652
636
640
690
726
722
692
736
768
766
694
682
706
710
688
654
662
660
640
712
714
692
680
666
662
644
682
706
718
680
680
708
722
728
764
706
714
698
654
608
594
598
598
622
686
740
802
810
816
832
814
808
792
774
750
700
712
746
766
764
704
688
722
730
738
714
674
702
720
718
680
686
712
726
738
718
754
774
740
674
686
704
716
676
650
678
710
738
706
720
742
740
682
676
714
738
712
686
728
746
736
694
714
734
734
702
686
706
716
680
652
660
698
724
734
692
694
698
690
680
638
654
660
666
660
678
726
760
752
702
726
734
706
662
670
676
650
624
642
674
692
672
708
738
740
684
688
700
662
652
670
696
668
646
652
678
694
666
668
686
688
662
706
752
784
754
734
758
762
730
708
728
710
664
674
708
736
710
670
700
722
722
662
626
632
642
674
730
758
756
778
766
708
672
680
676
656
634
658
680
690
656
672
706
728
706
670
702
696
688
660
680
706
698
650
618
634
616
612
614
624
632
638
656
712
764
794
796
740
746
754
746
700
678
696
714
706
674
672
656
652
698
720
754
750
786
802
784
734
720
726
718
680
642
674
714
748
742
710
756
776
744
672
696
718
726
690
658
704
734
746
686
684
708
724
754
726
688
724
734
728
674
688
720
740
708
668
700
714
706
664
664
684
704
680
676
698
706
692
654
680
698
676
654
664
688
712
704
666
692
702
696
660
680
686
670
700
738
754
716
754
780
780
734
750
760
748
694
658
688
684
652
664
716
776
766
746
800
796
700
678
712
730
742
706
716
744
748
694
668
700
718
726
690
710
740
752
726
734
756
750
700
688
704
710
700
690
712
724
672
700
724
776
750
736
764
750
680
680
694
712
686
668
708
722
676
628
608
616
652
714
760
748
784
808
798
740
704
716
710
692
652
646
666
688
698
674
704
750
764
724
746
778
742
692
684
706
724
702
740
690
660
672
692
694
670
684
698
686
660
658
676
694
720
700
670
694
706
708
666
622
632
636
638
632
624
660
712
780
774
736
754
752
726
668
658
664
668
676
660
684
724
756
710
732
760
752
698
734
760
734
672
692
714
700
676
712
738
718
674
708
734
736
696
730
744
738
678
702
722
732
688
690
710
720
694
686
720
750
770
728
730
752
754
720
714
738
758
766
720
748
770
760
710
696
742
762
752
698
688
708
726
728
702
748
778
748
684
712
732
728
684
650
662
678
686
660
664
692
672
652
674
682
652
670
692
702
700
650
650
664
670
642
640
656
676
660
672
718
756
722
692
720
716
674
682
702
700
676
660
674
702
754
786
744
740
746
716
676
692
718
740
706
690
706
712
704
670
684
696
702
682
682
700
718
716
682
688
724
756
742
700
714
722
680
652
674
694
724
714
680
700
714
724
694
670
692
696
670
646
672
710
740
716
660
646
674
688
688
686
744
768
770
710
702
718
720
690
662
692
718
708
674
698
716
722
684
672
700
720
722
692
718
744
752
728
704
714
732
696
674
694
684
640
624
636
642
648
660
714
764
730
686
682
680
642
656
636
650
662
730
782
744
748
764
748
698
652
664
670
674
648
630
650
662
676
662
646
684
706
670
660
650
676
698
678
672
716
758
758
690
708
724
724
680
660
684
700
698
682
718
732
718
658
670
702
712
672
670
698
686
686
744
762
738
686
710
722
674
634
632
644
666
700
682
664
670
660
696
658
650
670
684
668
658
696
704
682
640
652
684
704
724
740
696
710
726
726
716
692
742
794
838
800
800
822
812
756
768
772
770
738
710
730
742
724
674
658
688
712
708
670
692
724
698
648
660
688
722
706
666
682
692
692
664
684
700
704
668
636
644
678
706
728
720
704
670
688
696
704
674
678
720
764
702
696
754
774
802
790
800
794
796
734
702
716
718
716
680
664
684
690
666
634
640
666
678
654
652
680
656
670
722
758
744
696
714
728
734
704
666
694
716
680
650
664
672
680
654
668
686
698
670
658
688
728
732
708
738
746
738
692
694
704
682
638
624
656
718
736
716
744
802
822
762
772
776
740
682
700
726
712
684
708
734
684
640
644
630
626
634
672
670
684
730
764
738
682
708
760
748
676
632
602
620
710
762
758
704
2016
1210
1828
1096
1436
862
708
746
686
706
728
744
696
730
748
762
764
694
678
700
718
732
678
652
668
688
664
622
668
682
652
644
638
588
664
694
672
630
692
724
742
760
750
730
658
642
664
666
680
640
622
654
686
738
750
700
768
822
842
766
694
752
784
800
748
666
706
726
712
642
624
644
678
728
742
694
704
694
668
664
674
706
686
684
724
750
736
686
668
708
742
770
730
678
720
728
720
660
666
696
722
702
662
700
732
712
654
678
712
728
704
650
642
656
662
644
632
632
620
614
606
600
610
658
696
682
676
672
672
686
# end time: 2015-08-07-19:59:05, 1438991945.85
