# R wave intervals in milliseconds per line
# start time: 2015-12-02-19:28:30, 1449102510.86
678
690
714
726
704
720
734
734
726
720
710
694
700
714
736
732
736
736
724
706
712
712
682
678
682
700
716
666
680
654
642
622
630
658
704
722
732
718
710
692
668
644
640
650
660
676
686
714
726
710
674
660
656
654
650
636
646
686
678
670
694
714
710
674
642
622
592
580
586
604
630
664
666
672
684
704
694
690
672
680
660
642
632
634
618
616
606
634
652
666
668
656
656
646
636
628
636
650
644
628
628
638
636
606
580
590
588
594
580
606
588
618
642
688
648
656
670
682
664
652
644
642
616
612
602
590
600
# end time: 2015-12-02-19:29:57, 1449102597.73
