# R wave intervals in milliseconds per line
# start time: 2015-06-19-11:00:32, 1434726032.61
800
720
736
806
858
876
814
788
760
708
774
810
830
892
902
876
914
926
920
898
886
882
880
882
892
870
880
900
898
844
812
836
848
794
780
838
874
866
782
728
726
746
824
808
740
838
882
896
822
826
856
848
792
838
876
866
810
850
914
936
908
856
888
916
920
916
856
810
844
844
864
814
854
884
902
870
772
760
764
842
900
940
908
882
902
904
890
870
888
910
922
910
904
914
924
880
888
918
912
912
882
920
916
900
814
814
852
842
764
850
928
972
962
924
846
844
834
772
700
750
800
826
770
834
888
862
886
910
906
826
846
862
850
806
844
872
900
890
898
918
926
902
850
874
866
878
838
852
908
930
918
882
876
872
794
736
836
926
952
930
906
936
910
870
918
916
914
846
822
854
888
902
904
930
916
826
720
694
754
790
794
828
916
934
912
878
878
854
788
832
872
878
786
780
852
872
798
726
744
708
670
662
742
854
928
930
882
914
924
912
838
820
830
830
758
770
834
886
848
810
908
930
928
886
920
946
940
848
864
890
898
904
840
842
872
870
826
834
890
918
898
824
860
882
882
870
918
904
882
816
842
878
886
848
838
892
902
886
866
890
882
812
724
778
842
908
900
836
860
880
852
806
856
864
844
814
838
860
782
794
862
878
886
828
854
870
856
814
770
808
830
840
786
808
836
848
800
778
844
872
860
854
898
906
882
868
888
914
914
900
910
870
770
682
658
624
680
744
774
778
754
732
754
756
734
706
688
676
676
702
744
802
826
852
854
814
780
752
788
824
790
794
748
740
792
766
706
694
704
756
764
764
702
670
718
724
696
682
748
794
784
724
708
746
742
712
678
734
784
792
740
758
752
718
780
752
786
826
808
792
834
860
832
822
858
854
784
712
736
760
814
792
782
854
860
862
782
794
822
828
772
740
718
768
840
876
826
818
846
842
790
702
718
710
696
680
646
692
794
824
790
788
828
822
830
722
722
752
786
780
744
792
816
796
760
804
842
848
810
738
764
754
676
650
648
666
750
784
790
768
722
672
618
652
676
658
660
636
616
600
646
668
676
672
680
706
744
716
720
696
596
706
686
710
672
672
706
778
808
768
686
720
750
716
740
778
748
698
690
698
724
726
694
706
684
660
654
634
872
850
784
756
718
678
694
692
682
716
728
756
792
830
840
826
830
820
816
798
760
708
680
672
658
678
734
818
880
816
748
752
734
708
732
814
814
776
796
814
796
750
764
786
738
754
800
840
818
768
768
808
824
834
834
784
790
824
852
830
766
780
826
774
734
824
864
834
742
750
796
812
746
714
788
784
720
768
820
828
734
760
808
822
794
748
788
798
754
696
734
756
732
720
792
782
764
718
704
704
738
778
758
742
792
814
850
810
794
850
876
868
794
806
836
848
846
832
836
772
692
710
780
818
788
804
848
858
836
742
752
768
796
730
734
792
804
778
702
748
742
716
670
704
734
710
678
698
710
776
768
776
836
838
792
776
802
794
760
738
794
826
790
752
752
792
818
754
780
824
816
758
764
780
752
674
676
728
792
804
784
820
814
742
742
778
810
754
748
802
816
792
728
764
778
766
708
746
760
756
712
716
742
784
756
730
776
780
726
714
690
688
700
754
724
688
716
776
790
730
704
750
798
794
752
778
810
818
838
794
764
792
782
752
690
704
738
708
676
734
806
844
802
516
728
780
750
668
714
756
784
756
676
676
674
634
606
592
590
612
598
584
602
586
598
598
610
640
644
684
740
770
798
818
# end time: 2015-06-19-11:10:47, 1434726647.02
