# R wave intervals in milliseconds per line
# start time: 2015-06-17-18:10:07, 1434579007.56
1580
1524
914
802
768
734
722
754
766
796
726
800
812
812
740
786
842
818
796
824
790
794
720
744
782
748
686
644
630
616
730
804
830
868
914
830
786
784
734
740
714
812
798
856
830
782
774
772
756
698
770
762
782
778
756
832
812
774
826
808
738
730
776
790
876
774
800
826
778
776
802
740
740
796
772
788
724
726
732
664
692
700
646
724
722
766
768
768
736
732
722
690
690
724
716
734
702
728
786
764
764
840
788
734
776
846
822
842
832
838
840
822
830
760
662
736
746
734
740
744
734
712
702
718
724
750
776
720
760
742
734
720
710
698
676
688
692
704
724
748
778
732
734
692
726
750
738
710
742
790
746
728
790
828
832
790
770
780
744
748
744
746
774
786
780
804
792
786
760
778
794
822
770
804
852
856
860
806
834
814
814
796
762
758
788
812
802
740
754
776
796
786
754
760
806
812
764
802
800
786
732
666
676
728
752
782
800
786
796
794
780
756
758
750
760
768
758
762
794
800
756
698
710
714
696
674
612
652
660
750
820
850
884
832
798
796
758
698
684
742
766
836
850
812
766
790
786
758
764
796
784
734
722
760
756
802
766
764
774
758
714
694
700
728
752
732
752
746
748
740
690
708
728
744
770
728
662
720
722
728
746
756
706
734
758
756
718
722
742
766
810
772
762
788
808
798
760
802
780
776
694
620
692
732
760
812
678
762
782
768
822
812
734
770
730
722
694
680
684
726
756
756
726
744
748
750
710
716
780
794
804
764
762
756
710
660
708
708
744
762
734
746
796
806
778
816
818
818
782
796
796
778
746
782
796
784
718
746
776
788
742
766
800
816
752
732
788
808
766
706
754
746
696
664
640
680
712
744
786
744
830
848
852
814
832
810
818
830
784
806
828
832
856
808
798
810
816
738
740
792
802
888
836
808
824
834
764
776
810
842
834
820
832
850
804
730
788
806
766
738
786
838
848
836
816
826
826
744
750
832
866
908
886
850
848
882
864
868
820
752
674
734
766
806
754
708
712
802
836
850
848
852
848
812
822
792
766
744
780
800
836
850
850
818
836
838
824
802
832
838
818
804
776
804
824
802
768
792
764
778
728
768
794
782
754
802
814
772
778
800
796
732
806
806
818
772
780
792
812
768
722
776
812
762
716
720
698
704
738
696
742
786
804
780
764
786
820
822
790
804
802
814
788
666
632
598
946
956
900
878
818
820
806
788
742
786
836
828
832
862
850
818
790
680
732
734
730
702
718
744
744
750
740
772
698
690
700
704
724
718
712
732
738
686
698
710
704
686
684
712
748
754
770
772
760
764
782
778
774
804
770
692
754
720
732
774
750
784
790
726
688
690
678
674
688
676
778
832
800
850
864
798
774
802
810
802
714
714
800
814
784
758
796
798
728
728
766
768
742
788
842
848
734
726
752
776
780
792
764
710
754
790
812
796
744
694
722
724
702
724
742
748
728
666
700
716
748
758
736
744
768
760
754
742
708
710
760
746
766
766
750
762
798
756
762
774
768
734
730
728
708
686
716
720
704
704
720
690
668
646
646
662
724
732
734
712
670
680
708
746
796
844
862
882
886
862
866
816
848
816
802
782
784
802
820
798
788
774
822
792
722
768
778
802
816
800
806
812
782
760
772
780
758
718
746
766
790
732
746
768
794
770
776
790
830
782
788
786
806
738
730
760
790
754
760
786
816
782
742
734
782
736
710
744
758
750
774
754
766
772
788
760
788
808
818
784
780
808
820
780
782
800
798
796
752
750
756
726
776
728
692
734
830
890
866
814
836
858
814
756
792
854
860
786
770
826
818
716
688
716
710
690
728
828
762
702
778
846
882
826
782
830
854
822
734
696
726
736
878
920
912
882
904
896
894
866
854
876
878
832
840
874
894
880
842
888
916
888
812
806
856
858
786
812
872
880
808
812
890
916
780
712
820
860
756
698
654
652
646
796
870
896
922
896
872
874
812
792
804
790
700
690
644
674
694
712
802
830
862
840
842
832
818
796
760
752
722
700
768
722
728
738
722
724
734
704
668
658
648
688
734
776
772
814
758
676
704
742
770
788
772
768
804
784
816
756
794
782
770
742
724
746
728
754
752
758
752
780
788
804
784
776
770
794
768
744
696
722
754
790
846
794
862
820
808
802
746
782
698
672
664
662
666
718
720
768
748
768
758
722
758
736
712
730
738
758
786
836
848
842
824
808
830
782
766
738
734
736
722
740
746
800
802
812
844
828
822
784
812
792
780
772
760
782
756
756
754
768
758
790
760
822
804
802
756
842
780
766
758
776
726
778
728
786
732
724
750
760
726
730
718
762
724
750
768
786
786
792
782
802
788
772
772
758
778
732
730
736
676
700
644
678
672
668
702
714
712
698
740
710
706
714
722
696
702
744
696
722
702
734
696
704
752
728
782
746
760
758
654
620
630
738
1032
1022
932
946
850
834
794
750
656
686
656
644
616
618
626
682
728
762
776
758
774
760
718
702
664
646
640
660
714
764
786
806
788
802
806
792
812
822
834
834
824
772
752
766
758
850
860
870
862
840
838
822
818
816
814
774
814
804
796
780
762
766
758
770
792
800
806
806
780
810
782
790
774
746
756
772
788
792
792
784
800
760
694
714
730
680
716
718
710
642
662
658
690
672
648
624
650
652
650
682
736
818
890
926
950
906
884
794
796
732
724
772
770
770
756
780
758
762
776
758
782
838
830
818
818
794
778
764
774
768
744
710
698
670
650
652
652
642
652
660
686
672
658
670
656
646
708
698
714
746
734
706
740
716
696
766
736
774
774
748
714
694
682
666
672
688
688
714
672
708
732
738
748
716
706
700
678
676
712
718
738
818
826
734
690
676
672
666
656
656
678
742
730
794
790
754
708
710
730
724
708
668
648
640
624
934
886
822
758
704
650
650
640
658
702
700
718
722
754
720
690
674
752
734
808
790
758
734
758
738
714
718
738
760
768
724
748
728
758
814
884
888
912
930
894
884
848
880
850
852
862
836
762
778
808
834
846
842
848
862
858
830
756
792
800
862
818
714
760
778
798
752
700
742
766
756
736
762
800
776
718
734
762
852
796
756
790
820
790
750
758
808
824
806
726
722
714
680
656
672
764
848
906
830
856
900
884
832
772
814
818
814
758
752
800
836
766
786
822
854
810
746
776
860
842
812
746
792
828
824
776
802
840
830
742
838
830
812
746
784
846
862
798
814
842
890
826
824
858
842
832
736
774
798
802
732
768
788
880
774
746
802
826
796
734
802
836
864
778
746
838
860
858
760
778
776
738
670
706
748
830
792
720
834
858
856
774
762
822
826
764
794
838
854
734
794
766
780
734
766
828
866
786
808
858
870
808
768
766
812
826
744
756
776
816
754
722
810
796
750
790
830
822
756
762
808
820
782
766
834
816
724
746
738
794
736
774
798
840
782
864
852
798
744
808
812
788
762
820
756
730
734
782
784
726
722
778
788
748
770
800
820
752
768
858
836
758
724
760
824
768
730
792
796
764
658
728
722
670
706
620
672
694
738
746
712
672
698
704
730
738
748
766
740
794
758
672
652
728
674
670
716
732
728
736
764
720
740
730
688
700
734
732
730
732
706
782
756
814
794
786
770
768
760
802
802
802
794
768
788
774
760
738
728
722
732
722
800
750
688
732
706
704
686
676
662
736
708
674
638
672
656
634
692
690
694
776
728
734
768
764
740
778
772
758
724
716
702
710
718
686
672
672
716
720
734
738
760
786
786
754
734
764
600
658
680
702
678
728
680
690
710
726
686
652
668
686
698
660
652
664
710
682
642
734
774
790
756
714
768
836
862
828
806
844
822
806
778
800
798
778
788
860
868
796
736
716
774
822
792
790
864
878
754
858
864
858
784
792
806
806
752
774
822
828
840
792
824
822
782
760
800
810
774
804
846
812
760
790
810
772
738
756
796
804
772
764
834
884
806
784
822
828
780
730
782
812
750
708
698
684
644
618
626
654
892
886
778
808
810
844
864
874
852
800
710
684
704
736
756
782
838
868
826
682
746
766
766
754
732
792
746
696
596
656
706
760
844
902
876
732
762
760
768
782
774
814
784
698
736
730
716
716
696
692
732
788
840
820
794
838
856
868
862
814
816
812
892
900
870
844
838
814
820
730
792
758
782
812
774
814
872
856
802
842
856
828
834
892
790
780
838
860
806
764
830
878
800
728
796
874
832
730
706
752
694
700
730
682
682
752
700
708
726
878
874
794
822
828
794
770
796
874
836
836
852
904
898
830
764
854
870
864
812
882
894
844
794
878
878
852
810
890
870
896
832
868
866
852
786
778
836
766
718
812
850
810
840
856
844
762
832
792
746
778
834
884
822
876
918
876
850
888
818
754
792
818
750
748
820
870
810
786
834
794
744
754
820
764
738
784
758
754
804
838
800
758
808
812
796
722
760
820
792
742
832
832
798
792
828
814
794
812
774
720
752
804
766
710
722
720
752
812
772
692
744
782
736
736
830
876
840
830
858
820
732
810
870
856
790
854
902
878
808
852
872
850
772
768
784
756
752
828
818
772
848
886
750
842
790
766
750
818
856
822
754
830
848
612
926
796
858
828
790
864
884
816
810
842
794
786
754
812
764
732
820
854
776
750
806
750
678
694
708
686
670
704
782
788
744
800
828
762
732
788
834
786
778
826
796
748
818
818
778
764
770
856
838
758
836
854
860
802
808
854
856
784
780
780
796
746
748
796
838
792
760
830
794
718
776
812
788
764
820
880
806
756
808
788
788
764
808
780
760
822
868
798
790
846
796
748
806
812
764
770
750
710
686
736
788
750
762
828
814
838
766
812
812
744
750
790
844
798
794
868
848
832
738
790
818
812
816
882
892
862
786
810
826
826
708
678
674
698
714
688
742
764
744
704
674
700
706
698
680
648
698
742
760
750
684
710
754
728
724
720
684
718
746
806
778
854
886
856
808
752
716
710
752
822
830
786
822
904
950
944
916
830
858
870
874
858
836
862
918
884
846
860
924
886
784
720
744
794
802
732
712
784
838
826
756
740
792
760
706
626
686
670
674
736
686
704
820
896
920
840
872
828
782
774
802
790
780
808
866
898
930
888
884
872
796
832
866
824
874
914
904
814
828
874
848
758
806
888
884
800
792
820
822
786
866
926
914
820
782
846
882
798
748
836
892
804
730
684
898
948
884
816
742
684
700
704
684
736
824
778
782
816
812
798
772
768
754
818
766
738
718
692
702
708
712
726
750
800
850
846
856
862
844
842
842
814
782
726
742
808
854
896
910
910
926
922
928
860
742
816
850
862
886
838
796
838
844
780
686
790
802
884
786
860
914
852
760
816
858
846
792
800
830
776
726
786
820
760
762
798
780
772
824
854
804
780
830
848
792
766
804
788
794
758
848
824
778
756
814
804
742
770
812
794
760
816
864
854
770
804
798
806
720
742
782
802
768
800
832
800
798
820
854
776
746
808
870
808
774
736
764
840
836
754
834
848
508
752
752
782
678
704
732
754
736
808
870
866
782
770
816
808
762
772
808
800
736
766
800
900
820
770
778
848
872
830
768
832
850
864
806
# end time: 2015-06-17-18:42:07, 1434580927.31
