# R wave intervals in milliseconds per line
# start time: 2015-06-28-11:51:18, 1435506678.05
716
696
734
810
840
772
840
790
710
732
784
720
646
680
684
714
662
698
694
766
816
834
826
806
790
782
744
704
732
798
860
864
880
892
818
696
684
722
730
802
734
676
810
822
798
838
784
764
690
646
660
710
810
882
858
788
814
868
866
924
896
856
818
776
754
718
688
690
714
844
824
778
728
754
782
768
744
776
800
680
648
634
628
648
874
860
870
832
750
690
720
706
714
750
766
750
754
754
756
760
764
770
760
754
768
764
768
776
768
754
786
722
706
754
770
774
794
806
786
842
830
794
776
766
782
764
728
700
716
684
710
686
710
786
846
844
804
786
838
734
766
802
832
844
840
776
738
790
798
772
674
676
740
784
850
850
800
752
792
808
822
792
706
668
728
766
820
858
846
818
818
772
750
774
790
816
828
816
766
808
808
724
694
664
740
760
790
726
750
766
776
794
776
798
780
776
764
736
706
712
688
704
704
800
834
860
798
758
830
826
804
724
658
726
766
796
852
850
842
804
802
798
794
790
848
820
828
838
836
822
798
780
764
776
788
800
784
764
772
786
734
722
714
734
730
682
674
704
736
776
784
768
650
704
732
732
782
764
708
660
730
710
716
686
692
720
720
704
736
766
770
820
694
678
704
706
706
778
730
790
750
756
664
688
742
800
852
820
786
824
862
874
844
758
758
784
790
782
826
788
744
656
626
690
712
758
790
766
804
804
808
808
808
754
718
724
742
800
812
828
842
858
824
828
802
820
736
762
764
720
770
776
792
730
668
702
722
742
724
640
696
696
724
716
682
748
754
798
746
758
760
762
712
726
764
788
818
730
680
694
760
770
798
730
696
712
748
762
734
752
786
796
792
764
790
772
738
748
814
766
752
778
770
784
720
666
732
754
798
802
846
750
718
706
716
728
780
826
856
872
814
834
814
748
744
732
750
772
764
696
740
762
794
814
832
796
764
772
768
798
752
718
772
768
746
706
664
712
766
764
760
722
762
808
824
736
744
740
738
740
730
736
760
762
730
740
748
768
730
698
714
738
752
752
732
650
682
676
702
696
672
678
688
712
718
690
700
694
692
700
648
648
700
640
684
680
664
668
670
638
638
610
560
574
590
650
856
820
760
778
736
734
712
696
720
650
630
662
644
632
662
652
710
768
758
776
780
774
758
764
742
782
716
682
716
688
678
668
708
706
684
738
706
736
708
702
718
708
680
712
710
736
746
738
704
714
682
702
716
718
700
662
678
640
638
608
626
598
604
634
586
590
620
648
710
698
726
644
702
724
714
662
654
688
680
704
672
662
652
704
666
644
636
652
638
634
674
714
686
754
778
826
782
692
736
752
800
794
714
744
766
784
810
722
702
738
760
792
768
760
740
742
748
690
744
742
744
740
694
752
752
820
792
794
690
730
750
706
744
798
824
828
806
698
734
724
780
704
678
716
802
774
780
772
760
766
704
654
618
662
602
656
926
910
864
836
806
736
736
768
738
738
740
724
678
654
656
698
734
764
784
796
790
772
776
800
768
778
762
762
754
740
724
716
728
710
688
698
736
762
784
798
748
744
754
724
678
650
684
670
720
674
688
712
726
712
680
746
728
702
650
704
710
708
704
656
690
696
716
762
688
662
688
708
702
744
696
642
726
702
722
732
712
724
724
716
692
642
668
672
694
680
698
766
750
696
708
728
682
686
678
684
718
714
716
710
730
774
800
720
658
654
680
684
690
690
686
750
746
752
742
716
692
698
672
654
676
680
700
690
712
740
706
716
716
736
714
634
670
678
684
676
636
608
640
672
694
666
654
646
612
600
650
626
630
654
694
712
644
672
674
730
732
752
670
682
638
680
654
642
710
688
640
718
734
756
694
690
738
802
762
724
768
696
728
690
790
720
726
748
778
778
790
728
664
668
666
696
760
806
768
732
772
806
792
692
694
732
738
672
764
796
808
742
708
746
780
784
702
746
784
750
790
662
680
630
672
712
792
804
820
800
796
750
718
648
654
688
682
740
770
824
816
826
816
794
778
772
786
818
836
858
804
848
798
808
798
776
766
784
812
836
842
822
830
830
822
756
762
774
782
740
764
808
818
746
700
754
720
678
710
712
692
736
770
804
764
714
754
770
774
718
714
806
858
866
846
846
814
828
754
750
730
740
724
706
748
808
850
868
816
818
840
782
762
790
818
788
708
738
768
746
680
726
762
792
722
750
794
828
794
762
762
758
690
710
690
774
742
844
850
870
832
740
766
702
706
686
732
772
770
716
716
724
682
630
632
590
622
690
866
832
782
682
710
698
668
668
652
624
600
622
634
658
686
730
716
742
700
750
706
678
670
672
700
760
784
804
796
786
786
680
706
714
738
726
718
772
774
792
782
682
640
642
630
658
738
910
938
946
948
916
944
850
860
794
706
712
652
650
630
632
616
668
674
720
824
880
892
848
880
846
818
796
786
776
768
764
782
844
866
890
874
854
818
784
814
802
808
812
790
810
792
848
780
758
672
640
710
764
842
848
894
846
856
760
650
968
848
848
882
834
782
772
764
802
810
864
876
886
864
870
846
852
858
826
846
842
818
710
668
614
648
674
726
706
650
654
636
654
712
768
726
732
772
792
744
740
748
798
790
840
834
818
862
658
692
# end time: 2015-06-28-12:05:45, 1435507545.05
