# R wave intervals in milliseconds per line
# start time: 2015-06-29-20:56:12, 1435625772.12
732
684
708
700
740
686
638
694
694
682
654
614
674
628
696
666
656
718
712
724
680
668
670
674
726
680
630
638
674
612
698
656
658
616
650
632
644
610
634
630
654
714
658
662
698
698
694
620
660
646
650
650
630
618
650
664
702
680
630
654
650
676
688
650
664
628
606
660
666
680
684
656
700
756
784
768
698
770
736
824
786
722
732
762
774
740
696
740
772
802
772
718
730
740
718
682
696
730
728
708
674
698
750
800
772
768
810
764
788
686
724
694
752
708
678
744
794
806
752
766
818
784
720
704
744
766
732
722
760
758
688
650
662
710
688
644
664
686
704
686
662
684
718
710
670
670
686
678
642
640
656
670
622
676
676
698
670
638
688
670
716
664
668
682
664
722
712
706
662
642
654
668
684
686
646
654
658
654
638
622
602
622
650
718
732
746
666
674
654
664
694
664
612
640
646
688
738
716
678
700
686
650
706
704
678
686
634
632
668
694
684
654
666
674
638
666
656
616
654
696
748
758
708
716
710
736
678
650
642
628
680
702
722
680
716
730
692
664
620
584
576
586
568
564
550
556
548
580
822
856
806
788
812
680
708
636
638
640
646
682
684
678
624
604
606
604
634
676
686
654
660
736
804
812
744
654
686
692
702
712
656
640
674
704
738
790
760
678
740
738
728
626
644
644
654
646
642
648
636
698
694
666
674
682
700
708
720
760
742
680
658
680
678
694
700
646
652
606
636
616
612
612
610
576
562
586
560
578
634
814
854
830
770
716
648
700
644
640
652
664
656
676
612
592
660
676
652
636
716
758
800
768
696
674
704
722
756
706
710
692
774
708
684
674
688
680
684
630
680
648
716
660
654
678
650
690
620
650
646
678
700
672
660
702
706
722
702
682
686
696
658
638
688
738
784
762
710
760
766
794
704
652
666
702
706
684
646
654
680
690
650
708
748
776
702
700
672
648
620
630
664
642
610
590
656
662
692
682
648
622
650
682
694
736
776
696
692
708
690
718
662
688
720
718
742
686
626
652
658
694
736
688
712
730
796
754
694
698
708
718
672
638
668
684
702
678
682
710
718
748
672
676
670
664
696
632
638
670
692
696
686
670
706
714
722
674
658
658
678
668
646
686
712
814
726
710
722
758
696
714
658
668
692
700
682
664
686
710
748
696
662
670
658
708
648
666
660
694
642
612
630
616
614
618
600
604
620
640
620
672
708
724
718
652
650
668
676
688
684
642
668
698
722
712
684
718
716
688
662
650
652
684
690
696
660
756
752
764
718
696
726
724
700
678
696
726
734
710
718
746
762
710
724
730
718
724
666
682
664
674
636
626
640
658
630
620
614
598
628
608
610
606
612
568
622
608
620
618
658
674
648
628
664
664
724
696
652
662
696
702
732
672
714
716
738
722
672
630
662
694
730
806
732
708
764
762
712
698
634
672
680
674
648
670
692
700
654
626
660
692
690
702
666
680
722
692
682
652
724
676
650
638
632
662
672
686
672
710
734
766
772
726
688
710
754
734
800
728
650
722
752
776
780
804
736
654
734
716
732
728
686
736
750
800
758
740
776
738
768
700
710
752
700
638
722
740
712
688
730
730
678
692
622
662
674
682
694
654
678
694
704
682
662
752
744
726
718
704
712
718
696
662
710
704
782
752
674
738
724
728
702
684
700
708
682
666
702
712
764
710
748
776
788
686
728
766
748
560
572
684
722
758
766
710
654
616
692
714
736
698
720
738
738
682
686
718
700
676
660
730
718
702
648
714
692
686
648
618
638
640
678
678
610
706
704
718
692
646
752
688
724
736
702
666
652
722
726
686
640
672
702
752
766
724
728
744
736
720
678
680
744
734
694
688
696
718
752
720
660
776
728
726
760
704
724
722
706
596
778
704
712
702
670
686
744
730
704
652
724
712
728
672
676
706
732
752
728
792
738
738
662
666
722
706
716
662
736
734
702
654
676
678
706
698
656
694
694
776
756
670
720
702
688
714
668
652
726
676
626
628
660
646
692
626
696
676
672
690
698
736
700
632
682
642
696
662
638
658
692
672
654
598
586
612
652
686
774
788
768
774
762
720
710
674
690
706
736
770
806
784
774
718
710
686
726
736
760
730
674
680
682
738
714
716
734
728
722
722
742
790
734
722
708
714
714
702
696
726
784
722
700
734
736
728
676
628
720
718
696
692
708
766
714
722
676
694
720
684
670
698
698
686
658
674
668
650
668
690
674
742
760
788
784
764
738
750
766
766
750
750
756
764
710
666
696
706
702
660
650
808
856
776
848
824
766
724
750
762
728
690
710
710
654
678
668
742
698
666
714
754
812
754
694
706
746
698
672
678
708
706
696
718
768
834
738
762
748
724
688
688
732
762
754
772
778
830
744
752
724
792
784
750
754
718
728
660
668
700
718
686
674
722
730
690
690
720
712
724
630
632
632
660
666
654
606
676
642
724
762
718
732
726
770
700
672
694
726
726
756
692
766
756
740
688
690
750
744
740
696
770
794
788
768
736
746
730
750
706
682
720
702
712
744
698
728
744
704
650
706
714
708
670
670
758
758
734
638
722
702
702
704
746
734
688
704
676
706
688
674
704
672
708
720
736
700
674
756
750
732
686
740
744
738
678
696
732
724
752
682
702
724
720
718
664
690
658
728
678
696
708
808
762
528
636
692
742
718
662
738
708
708
676
702
714
704
716
678
716
704
736
664
708
702
698
690
678
712
736
726
724
722
728
700
706
704
704
728
678
678
740
724
718
698
706
732
732
730
676
722
720
684
686
690
672
726
644
648
748
750
690
668
752
658
708
646
684
710
714
688
682
710
728
700
692
724
734
706
730
692
698
700
644
634
650
668
736
728
662
652
682
676
688
670
678
636
644
654
686
726
846
758
722
704
706
634
650
612
670
672
736
678
696
728
788
714
660
626
616
598
594
608
666
660
534
620
758
762
758
688
692
746
748
778
706
688
674
728
662
716
718
764
756
752
736
728
# end time: 2015-06-29-21:12:15, 1435626735.92
