# R wave intervals in milliseconds per line
# start time: 2015-05-26-10:19:14, 1432649954.3
800
694
738
760
758
694
622
668
650
636
608
634
660
684
718
670
660
684
702
698
654
680
702
720
734
738
734
658
668
686
652
624
632
658
680
664
690
694
674
660
672
672
672
632
660
646
656
666
672
684
656
654
682
690
698
702
654
688
696
716
718
690
660
686
684
698
704
706
768
798
734
698
626
582
736
790
820
820
792
788
722
686
684
696
724
746
766
764
752
738
682
680
704
712
698
684
684
692
714
742
756
746
740
680
648
652
646
688
670
678
698
722
728
710
726
694
694
618
650
666
680
702
696
658
644
656
646
630
638
670
706
702
622
646
686
722
742
738
730
672
628
648
616
614
632
650
666
660
682
692
678
662
630
610
630
652
676
702
676
656
662
644
616
616
692
714
738
756
718
666
662
692
704
704
698
662
658
654
656
650
608
640
672
714
746
782
724
738
726
702
652
660
682
688
710
706
684
666
692
694
672
634
662
688
728
762
702
688
696
710
694
666
666
670
658
640
668
688
700
722
758
772
766
708
680
716
740
746
760
758
694
696
730
722
720
734
720
734
720
668
694
700
704
688
640
620
624
648
680
730
730
800
832
840
820
788
762
814
780
774
748
710
656
622
640
652
650
640
634
642
666
752
744
812
830
800
736
740
776
738
668
700
700
696
648
674
708
754
744
694
708
744
760
768
712
684
680
696
686
652
618
624
676
654
784
818
848
646
832
762
782
716
702
694
682
618
642
654
654
684
660
670
716
732
676
704
720
704
738
670
720
732
734
716
760
698
632
686
678
682
692
656
686
760
738
710
658
704
720
722
736
778
1378
826
646
682
650
648
680
704
716
706
708
720
742
738
710
660
664
648
658
660
640
634
626
602
638
652
712
742
742
684
700
700
702
720
716
700
626
672
690
720
742
694
698
740
760
774
750
704
730
700
758
720
666
666
728
700
724
692
646
692
716
748
760
760
686
704
732
714
762
746
702
722
726
718
724
688
668
724
732
742
728
656
698
728
742
734
670
684
726
748
748
718
672
702
716
702
680
648
680
734
786
814
772
762
786
738
742
692
734
796
640
692
712
696
642
670
692
712
710
668
620
650
644
664
722
782
784
726
664
732
722
712
696
660
688
722
738
756
724
706
746
738
742
712
652
692
716
746
776
710
684
730
752
740
698
718
740
758
710
638
738
716
660
704
806
788
750
702
698
736
730
688
638
660
692
734
774
782
710
742
754
758
712
712
628
634
684
692
720
716
696
736
724
792
750
782
772
712
772
740
730
774
742
730
756
782
762
760
700
746
746
728
732
642
648
694
734
662
608
642
690
700
686
706
718
732
558
612
518
1234
740
666
642
754
622
738
596
938
628
740
710
642
726
720
720
700
536
574
1000
984
680
694
696
688
660
724
776
808
762
762
734
792
784
768
730
692
722
720
720
732
718
700
740
724
738
690
678
714
728
746
708
670
698
712
658
608
674
656
668
642
632
706
666
652
676
652
674
646
696
688
694
680
710
670
610
658
628
578
580
586
622
670
642
690
734
700
674
658
724
710
712
702
636
634
658
652
614
644
638
674
760
772
736
720
642
686
650
650
682
646
600
670
700
748
766
770
742
706
718
648
706
726
702
758
714
764
800
840
832
828
784
712
754
764
744
756
744
716
668
744
754
746
714
652
746
736
764
740
674
696
746
722
676
658
740
754
754
760
696
742
760
764
742
680
700
1430
1356
814
626
696
702
656
682
714
716
658
632
802
668
656
660
656
702
724
694
656
662
688
766
960
648
708
694
700
732
670
650
700
684
682
656
598
614
582
626
698
788
816
820
832
826
836
812
756
818
758
762
704
702
690
688
698
710
718
712
710
690
660
672
698
530
734
724
696
662
688
686
690
696
646
626
656
714
548
726
664
692
676
674
726
664
632
708
706
670
674
664
652
692
674
676
670
644
658
654
638
618
604
642
618
594
612
642
660
670
634
668
696
694
694
662
672
678
684
688
682
700
768
778
756
708
736
740
730
714
664
686
716
728
722
662
696
724
722
704
670
694
714
722
704
660
668
692
708
696
672
726
770
762
692
670
696
702
662
642
676
690
704
702
654
664
696
714
716
706
656
678
664
714
694
672
680
710
720
722
686
726
740
754
762
702
682
720
704
704
676
612
650
658
664
652
622
618
644
628
600
594
604
604
632
608
616
596
604
580
554
540
528
604
642
738
742
762
784
766
756
762
778
760
750
732
676
660
680
688
696
736
736
718
734
720
644
694
738
688
676
696
712
692
728
686
646
620
636
644
658
672
720
756
786
708
692
672
692
712
720
706
658
622
640
634
620
628
622
620
616
594
630
640
690
672
716
658
662
662
680
656
668
674
658
618
610
618
606
608
648
678
690
650
624
704
698
664
642
686
708
720
720
636
678
670
700
682
708
672
704
716
708
704
618
588
608
610
592
612
624
658
678
720
702
668
686
684
690
608
638
620
612
652
604
612
656
698
726
726
680
698
708
700
740
698
652
650
658
656
660
636
644
688
706
746
738
670
674
700
690
652
610
630
644
652
666
662
626
660
662
662
674
704
698
692
652
682
660
706
682
646
668
696
724
710
672
694
740
714
658
640
676
692
724
702
652
700
716
736
700
640
640
666
688
700
680
698
716
784
734
716
780
758
864
638
654
706
750
734
670
696
736
744
698
676
700
728
756
688
682
646
654
716
700
690
648
726
752
754
762
744
690
694
676
728
702
698
706
688
714
736
750
722
726
732
738
718
706
672
670
700
698
694
650
664
696
712
700
710
652
672
702
698
660
644
688
594
668
692
676
678
702
694
670
622
668
684
716
698
626
646
662
672
656
682
648
676
640
668
632
600
624
586
630
620
612
614
622
832
632
642
612
620
608
648
632
638
646
682
704
712
716
720
710
740
684
680
644
658
652
632
666
710
686
658
692
696
700
698
648
616
650
666
650
626
678
700
726
664
684
720
750
758
696
680
750
744
716
662
684
722
736
688
716
752
754
738
698
682
700
716
764
718
670
704
728
756
734
706
764
760
738
674
662
680
680
658
640
660
686
722
686
678
674
674
710
724
746
696
712
710
698
678
620
634
648
636
642
632
582
588
558
536
632
642
646
640
708
682
698
680
666
666
674
676
666
664
660
650
662
710
714
748
748
748
762
734
700
676
676
664
668
686
698
732
686
718
708
712
694
678
700
704
702
658
640
650
660
682
676
692
640
664
692
670
732
684
690
702
746
702
712
674
714
714
766
724
744
678
724
726
732
722
672
696
736
760
712
678
750
738
668
692
700
772
760
732
666
752
748
766
780
738
774
792
846
814
780
796
824
830
792
744
768
750
746
694
710
720
692
646
664
652
652
690
724
716
664
678
734
724
732
710
660
686
686
704
654
604
602
600
578
580
606
632
712
750
724
760
690
670
666
724
702
692
642
656
686
698
710
730
722
696
716
686
704
666
716
740
750
772
726
750
752
736
694
676
698
700
676
674
638
610
638
618
620
600
636
620
624
628
630
618
612
588
616
596
572
594
604
650
694
714
718
678
676
704
714
720
690
694
734
742
760
704
746
770
762
724
692
730
752
722
686
734
772
780
702
722
744
730
726
698
718
766
794
760
696
718
720
702
650
692
688
694
688
646
676
728
734
742
686
720
754
754
758
704
652
728
720
750
780
732
698
768
780
776
690
714
694
668
636
652
704
710
724
798
750
704
690
674
694
732
720
698
736
754
776
768
774
812
832
828
778
758
774
774
750
690
724
748
752
738
744
786
790
788
734
740
760
748
712
676
684
666
652
674
664
680
706
702
724
730
714
656
704
696
702
720
728
746
732
676
742
754
774
764
698
656
714
714
738
768
702
788
804
820
798
710
702
682
730
706
666
678
776
786
824
776
800
822
828
774
728
764
802
816
790
796
812
826
772
800
820
832
802
722
766
790
808
768
716
794
808
784
700
748
750
706
652
658
646
658
694
746
758
704
746
768
782
772
702
754
766
744
698
758
780
778
786
700
736
732
726
726
688
702
702
784
756
694
736
750
760
770
714
712
766
748
736
702
714
778
772
796
768
712
736
756
744
754
732
728
754
736
756
708
712
790
772
754
690
734
722
694
596
630
600
664
758
828
820
794
718
698
668
608
666
632
612
636
658
682
702
722
718
694
714
714
718
690
682
690
688
710
756
758
730
764
788
768
826
812
710
746
740
736
700
646
626
636
628
604
610
632
664
710
752
758
722
726
748
702
740
712
706
684
660
638
708
714
722
780
758
760
756
740
688
690
718
736
776
784
710
734
736
708
638
638
640
656
650
684
738
768
730
778
788
788
772
710
674
666
674
698
728
752
702
656
718
730
742
742
700
730
744
756
766
710
732
768
774
776
722
742
766
732
716
640
684
698
742
750
678
774
802
796
706
746
746
752
696
734
756
766
694
678
696
702
720
696
722
756
768
742
722
730
786
754
730
784
764
760
702
682
738
726
746
720
652
698
700
698
704
676
658
688
688
650
720
718
746
736
702
686
712
718
728
706
714
754
738
750
718
698
720
684
640
660
670
716
750
724
712
740
728
724
654
640
656
662
650
618
622
612
668
598
632
642
674
722
774
782
776
714
734
720
720
694
652
664
680
706
746
742
684
754
744
758
748
670
690
702
712
720
696
662
688
722
710
646
642
698
740
790
806
732
772
798
798
758
666
742
738
736
716
704
662
706
766
736
694
746
768
806
802
774
708
740
722
740
672
696
754
762
800
760
812
826
718
656
690
704
726
738
724
674
654
702
662
692
738
748
790
812
816
798
774
694
674
674
684
718
752
786
852
820
832
774
698
704
732
754
796
798
796
732
684
706
750
714
766
732
700
734
746
756
730
752
700
722
760
780
796
732
734
780
768
762
716
672
694
720
706
670
638
716
738
790
758
718
766
766
726
662
698
710
728
708
650
666
750
766
744
666
710
720
748
690
664
698
712
690
714
744
748
764
750
682
662
688
698
718
736
768
808
860
844
806
764
784
774
806
700
704
740
736
684
622
656
678
696
726
738
696
690
732
764
766
714
682
736
764
784
702
668
704
732
726
668
620
596
744
802
796
814
788
752
756
772
782
790
802
798
784
780
750
730
738
732
736
742
744
742
752
756
742
740
742
734
710
702
700
702
684
660
688
666
668
652
712
696
668
616
642
662
662
618
596
652
664
656
648
664
642
662
632
620
600
602
616
668
708
744
766
772
756
758
732
722
732
716
710
736
726
730
698
646
682
712
740
740
704
680
676
702
704
704
658
690
706
680
652
678
704
718
740
720
652
670
702
692
690
654
652
676
666
698
696
648
648
712
630
642
636
656
624
638
584
572
582
580
602
602
614
630
672
684
684
660
658
638
658
732
756
802
814
764
734
762
762
758
754
752
738
680
682
712
738
746
798
768
752
776
774
766
764
722
712
768
764
764
764
722
694
738
742
746
724
652
672
712
682
682
692
702
718
670
710
722
742
756
738
790
794
794
724
770
754
776
684
698
736
744
750
698
740
756
756
698
650
706
728
764
726
722
732
762
738
718
642
754
758
764
760
748
724
690
702
716
728
738
706
746
768
756
776
766
720
742
762
766
758
694
732
734
746
744
680
724
740
748
714
720
736
754
752
716
656
736
716
722
708
662
696
726
730
690
680
720
712
726
686
704
728
762
766
724
692
726
732
748
718
724
766
788
796
738
792
782
780
740
714
732
802
816
802
820
840
822
752
742
772
786
758
682
752
776
750
700
694
756
778
770
700
748
744
726
714
642
718
732
766
760
706
738
754
746
702
656
704
728
692
650
674
710
722
706
654
708
756
784
800
734
730
744
734
720
676
660
722
750
782
780
760
732
668
682
640
598
622
582
552
594
600
596
598
584
588
596
572
574
540
576
576
602
632
650
670
692
706
730
698
680
682
686
694
718
728
758
760
744
718
636
638
664
722
814
848
826
806
840
832
818
752
722
746
756
744
676
746
766
780
714
676
712
736
720
764
690
710
744
766
732
684
736
732
746
780
748
760
786
778
698
690
724
758
782
752
658
724
738
738
738
710
656
642
650
666
670
666
658
634
636
624
622
616
616
602
590
582
574
552
568
594
660
724
754
766
782
780
756
730
732
710
686
688
650
656
666
700
730
766
740
706
696
700
696
718
784
804
812
800
798
758
692
748
730
770
810
810
720
740
770
784
766
708
720
792
756
740
700
748
756
758
742
720
752
762
778
732
714
732
802
784
728
754
782
758
700
724
738
726
650
714
744
766
788
760
790
778
742
724
748
772
806
750
798
808
832
758
812
806
796
758
718
772
784
734
702
738
758
772
722
722
710
776
694
668
728
758
782
750
706
796
800
816
774
738
770
768
764
712
750
794
800
710
710
762
774
788
764
690
730
756
760
762
716
692
670
708
736
768
766
714
766
790
808
778
740
760
756
728
666
688
716
736
748
690
720
746
756
750
692
724
742
760
788
770
704
768
798
792
730
698
712
684
702
662
706
746
794
712
686
740
746
756
684
700
718
730
708
662
700
722
740
724
658
672
692
678
664
662
698
686
666
696
684
686
628
644
646
634
644
650
642
634
628
628
654
668
678
684
720
698
698
718
730
738
710
678
704
778
778
734
726
780
808
824
774
754
758
812
760
672
722
744
764
736
712
722
772
784
804
706
742
762
724
690
716
754
798
802
700
700
710
700
694
660
614
620
618
598
602
690
736
718
686
654
628
636
678
746
798
808
820
800
762
712
708
708
720
724
700
686
658
662
680
712
740
760
786
702
668
690
708
714
692
668
692
732
776
810
806
770
732
754
738
730
698
652
670
716
764
804
804
726
674
724
736
744
724
646
648
694
704
738
768
718
706
742
750
764
746
672
702
732
732
714
662
642
678
694
694
696
686
706
724
724
730
660
648
682
694
702
716
702
636
686
708
740
758
766
692
628
658
672
680
718
746
696
688
700
712
728
722
716
706
682
670
662
660
652
638
636
620
598
586
576
556
584
606
668
620
668
662
646
642
622
608
594
628
536
564
554
530
534
686
642
524
536
562
642
718
720
702
746
818
874
908
926
910
888
886
856
836
826
808
782
764
752
730
664
632
666
748
866
898
782
826
854
854
776
742
776
822
778
692
736
772
818
734
706
756
770
732
656
670
690
694
656
640
656
640
632
652
666
670
700
782
820
758
780
828
834
810
736
676
738
718
720
690
640
704
788
828
892
770
748
722
758
730
674
712
754
784
816
722
728
770
778
760
686
1232
932
568
564
612
712
708
696
690
692
710
686
678
670
678
654
640
636
658
704
742
764
746
698
684
682
652
646
632
626
628
624
620
622
638
672
718
728
698
662
686
698
654
546
632
612
638
654
692
682
648
678
706
754
784
732
658
656
684
702
742
720
658
708
736
792
1570
944
712
736
752
720
670
726
750
770
760
700
750
766
762
692
650
670
694
718
682
648
668
# end time: 2015-05-26-11:05:04, 1432652704.25
