# R wave intervals in milliseconds per line
# Active training
# start time: 2015-12-01-21:10:53, 1449022253.3
676
668
670
668
716
738
762
738
744
748
720
678
652
666
668
684
664
662
678
674
652
634
658
668
662
710
740
762
774
784
742
744
752
738
690
692
706
696
710
688
656
632
618
596
574
686
830
798
796
796
742
694
728
738
738
736
736
738
726
690
690
702
706
708
696
722
730
706
738
750
744
728
684
686
688
658
640
608
610
638
634
638
656
676
688
676
722
736
716
706
716
732
698
702
712
678
662
694
720
732
676
684
716
694
652
682
690
660
626
652
668
672
658
680
712
736
742
696
684
708
710
710
694
654
634
628
616
626
634
672
692
718
768
752
740
774
782
782
730
708
736
742
738
724
680
680
698
698
690
674
682
714
734
704
696
746
774
756
716
704
740
746
710
664
656
674
704
744
722
760
802
804
790
812
818
768
714
730
720
696
