# R wave intervals in milliseconds per line
# start time: 2015-07-04-00:22:34, 1435983754.51
704
688
738
746
766
750
684
706
720
706
672
676
710
724
716
692
706
738
754
732
710
716
756
782
710
680
708
720
746
728
690
716
718
686
654
640
648
658
680
752
708
746
794
786
722
666
712
708
758
708
662
702
720
714
678
648
684
700
664
680
734
786
816
720
698
732
740
698
678
696
704
706
678
716
744
770
728
712
756
762
750
706
684
690
708
716
696
658
672
718
700
682
696
748
770
824
762
752
772
770
742
720
728
784
742
688
666
732
724
734
678
712
762
782
764
698
756
732
782
702
656
672
686
684
662
690
746
790
728
674
770
790
760
710
740
766
820
760
692
716
740
742
720
692
720
730
732
688
708
732
748
698
658
640
638
638
642
650
702
754
734
782
784
750
688
682
696
700
664
684
698
756
776
776
696
722
746
730
750
700
668
650
696
698
716
724
676
682
708
716
716
662
678
720
728
738
710
734
730
756
686
668
684
688
738
670
666
678
738
778
786
744
700
728
740
754
732
692
710
736
738
732
688
684
704
760
778
800
754
754
762
764
738
694
692
708
720
704
724
730
778
798
740
694
708
716
680
662
636
654
658
684
708
702
724
768
740
772
674
686
714
728
672
614
666
652
668
668
656
622
694
678
684
676
668
706
724
728
686
658
692
698
712
734
730
710
720
724
688
658
686
722
734
722
702
770
746
754
710
720
740
754
754
720
692
760
750
730
734
688
714
732
746
686
708
716
728
754
700
704
744
756
716
706
750
776
732
688
668
706
718
690
666
702
740
728
686
664
682
690
686
640
650
656
708
656
624
662
690
702
688
670
650
666
644
612
616
616
620
640
670
682
722
782
738
646
666
686
696
702
680
642
708
724
746
714
682
664
676
670
642
632
644
654
630
642
686
764
782
752
692
726
732
710
674
682
700
694
654
684
690
702
712
696
664
650
646
626
618
636
630
628
618
612
588
600
582
642
674
640
672
660
668
684
712
688
676
656
684
716
720
660
636
644
638
636
636
634
682
702
662
658
712
752
768
672
714
714
742
758
764
706
676
710
732
748
740
756
726
694
650
698
708
750
746
712
662
690
736
732
700
694
740
762
780
758
700
706
730
756
744
714
734
730
746
706
702
730
754
774
688
664
694
714
672
684
650
700
692
656
700
708
698
738
662
710
660
706
666
620
668
686
714
766
754
734
734
708
752
670
702
718
750
748
686
714
726
728
694
716
744
782
768
712
708
736
750
750
706
684
702
726
740
732
694
736
724
708
660
684
722
732
718
680
706
706
742
668
672
702
720
718
678
722
746
752
694
694
722
728
668
682
700
734
728
688
692
712
716
652
678
682
728
716
686
730
748
758
720
704
740
722
700
682
728
752
740
712
700
726
744
710
684
688
686
672
628
628
694
676
660
664
690
700
700
674
630
668
666
696
682
660
678
696
694
658
662
654
684
684
698
662
644
648
672
670
748
714
672
716
734
718
742
644
698
682
682
650
686
714
734
686
714
650
716
734
700
700
682
700
682
682
650
602
600
632
614
582
588
546
600
582
720
812
822
582
584
700
616
598
636
612
610
632
692
728
700
782
812
830
768
734
802
748
770
830
778
726
772
770
790
742
708
698
696
688
672
686
736
774
780
724
712
692
750
750
728
688
676
692
706
680
662
700
688
670
668
686
702
748
780
710
686
670
648
636
676
646
646
600
650
600
630
592
634
634
652
680
680
684
672
702
704
660
636
668
690
672
698
638
706
644
630
636
656
660
636
714
752
782
788
668
680
714
722
674
676
720
748
762
708
640
692
696
700
686
678
684
712
734
702
662
698
724
718
678
664
700
726
668
690
682
734
658
664
682
722
724
686
644
672
678
674
668
640
652
700
686
702
662
686
686
656
632
644
668
684
666
688
680
688
690
646
666
680
696
684
658
662
686
684
640
632
652
622
604
646
650
640
674
712
726
732
698
668
698
692
690
682
676
710
748
760
708
710
722
732
706
668
682
706
732
702
672
698
728
706
714
636
684
688
680
652
688
702
694
658
680
712
722
698
652
698
720
702
658
690
712
720
710
668
712
680
668
678
670
698
690
696
688
680
724
712
720
668
700
698
676
634
628
620
612
628
626
632
622
642
664
658
662
674
646
694
710
676
648
674
684
680
672
654
642
702
680
656
626
646
642
626
678
750
732
682
644
592
606
624
628
664
730
730
750
678
684
684
672
714
706
682
694
714
744
