# R wave intervals in milliseconds per line
# start time: 2015-12-02-18:15:31, 1449098131.92
754
722
730
760
770
784
714
726
762
770
782
788
772
782
784
746
726
740
746
736
696
664
698
742
728
694
680
612
754
784
798
820
806
800
784
754
732
718
700
692
694
694
696
706
702
690
684
726
714
724
730
734
714
672
646
660
674
678
692
726
734
732
718
692
648
588
586
604
680
766
856
850
852
836
832
814
790
736
710
682
656
630
622
634
628
638
646
666
694
716
718
740
716
736
738
734
714
694
682
656
644
628
626
658
660
690
708
718
722
718
706
702
696
698
700
692
712
732
722
770
718
652
622
604
666
668
700
742
768
766
772
762
718
698
742
712
778
760
778
802
782
772
768
752
738
720
686
676
658
660
676
742
804
818
810
816
816
792
790
788
772
760
722
676
654
648
626
620
632
660
684
660
692
766
790
802
792
828
822
774
698
712
706
726
714
720
758
792
764
730
744
756
748
702
732
704
706
700
670
672
686
746
792
810
802
794
802
786
784
766
774
766
750
716
726
746
754
764
758
750
724
756
726
694
676
720
704
710
682
674
714
724
740
702
734
744
734
732
700
714
722
700
664
652
676
622
578
566
614
616
632
674
702
684
754
738
720
736
724
700
670
660
632
678
692
694
742
720
734
734
702
708
702
694
700
700
698
678
708
678
686
696
714
718
730
676
638
648
632
712
764
814
822
820
814
808
752
688
636
648
658
704
756
782
804
804
810
808
798
782
766
756
734
724
718
696
728
698
702
662
718
702
756
752
690
640
626
642
724
712
726
732
734
738
724
698
666
668
666
674
678
706
700
694
682
676
670
672
696
710
734
730
718
670
670
686
712
700
736
728
732
716
666
662
652
664
656
692
690
718
726
710
682
708
718
726
724
724
728
732
738
694
748
736
732
732
706
708
716
714
700
702
678
706
632
626
588
656
640
618
596
638
616
630
622
626
576
608
592
582
560
592
568
576
588
594
602
620
680
730
754
760
748
746
724
710
704
682
658
632
642
662
682
660
712
706
760
770
788
790
734
764
736
742
752
704
666
678
656
666
652
632
628
646
608
598
594
762
798
810
816
784
752
702
668
644
630
642
670
690
712
734
728
724
702
692
636
620
586
610
602
640
666
694
712
696
712
720
686
708
694
696
686
722
694
702
700
698
690
682
664
660
648
642
614
648
632
648
664
736
746
770
772
750
732
736
710
750
706
716
712
768
760
748
730
692
698
700
# end time: 2015-12-02-18:21:46, 1449098506.07
