# R wave intervals in milliseconds per line
# Active training
# start time: 2015-04-21-16:47:30, 1429649250.13
704
690
710
710
698
680
728
768
784
738
710
732
732
720
676
656
678
694
702
688
734
786
816
818
784
728
746
750
744
716
674
704
728
738
726
710
744
756
762
732
692
722
738
732
692
690
710
704
668
650
676
722
774
780
734
752
772
754
742
694
680
704
716
726
702
684
720
726
732
700
698
714
710
700
668
696
714
738
734
708
752
756
754
704
694
718
718
704
672
710
738
766
742
680
714
714
708
668
600
636
600
590
614
664
726
758
782
834
800
800
806
792
734
688
722
778
780
808
852
856
808
802
828
838
774
726
756
778
814
800
798
778
782
846
866
852
818
832
842
822
768
808
824
754
718
654
698
714
716
700
716
778
818
828
778
766
784
780
732
708
744
758
774
766
764
818
854
864
844
830
826
814
750
756
796
838
852
840
848
834
790
824
852
846
778
760
782
820
788
802
832
840
830
758
740
756
744
696
702
748
788
800
780
754
792
800
784
736
760
790
808
804
736
746
770
796
794
828
854
852
810
788
748
608
638
564
630
776
806
826
818
824
764
756
716
716
710
716
728
716
720
692
670
618
608
614
636
658
662
650
656
690
718
734
742
752
718
698
680
658
630
650
648
702
714
752
772
770
798
748
676
640
658
622
612
612
602
666
644
708
760
746
694
674
678
696
690
650
632
644
660
672
682
694
702
712
670
682
710
840
1066
1142
686
616
870
1622
976
1426
856
586
732
750
758
718
748
810
850
842
