# R wave intervals in milliseconds per line
# start time: 2015-12-14-19:43:50, 1450140230.34
724
752
768
738
688
690
730
712
684
674
648
654
648
706
794
846
854
782
752
776
784
774
728
766
772
742
776
816
766
748
778
788
800
740
744
736
708
748
792
788
810
826
768
768
770
774
744
690
674
698
698
716
734
766
778
874
900
840
712
694
686
670
650
676
672
682
726
824
792
762
802
802
764
794
806
706
718
716
732
710
668
664
686
750
844
896
872
886
882
832
796
798
790
734
738
754
776
742
728
756
788
808
758
782
784
712
670
688
712
738
762
720
742
736
740
784
774
802
810
788
770
782
806
774
734
748
754
744
718
698
738
780
752
792
794
786
742
710
726
738
756
702
668
682
716
748
798
762
780
720
666
678
684
688
756
796
820
830
790
816
860
876
856
830
720
714
724
714
668
652
670
672
654
616
652
674
708
730
748
702
696
666
638
654
688
668
658
680
754
810
834
860
780
774
800
826
768
742
772
792
796
738
722
752
766
722
708
702
690
744
748
730
736
788
826
810
732
732
744
700
684
690
684
716
796
830
764
700
732
708
678
692
688
686
736
790
778
766
770
760
756
742
738
716
710
762
728
766
786
742
710
750
734
722
726
704
690
718
722
788
828
844
840
794
776
780
728
664
646
656
664
684
758
870
896
848
778
746
792
808
760
706
700
692
744
840
886
876
838
802
804
824
754
694
678
660
652
676
716
794
828
836
790
714
686
674
694
744
790
796
780
754
808
830
834
766
756
800
796
780
742
722
762
792
782
738
726
772
804
770
738
780
794
792
728
688
712
688
692
730
750
702
692
726
752
818
806
848
832
796
732
750
758
704
728
770
778
732
758
780
764
718
674
680
702
736
730
738
762
770
782
704
708
730
746
764
694
702
722
744
712
708
746
722
688
664
682
692
692
688
688
680
694
696
696
700
694
680
672
664
718
774
764
770
766
778
808
830
822
746
746
752
718
732
726
758
794
762
822
808
776
788
800
728
700
728
754
782
748
704
724
740
754
758
704
672
686
696
704
674
684
742
796
836
806
732
734
742
748
708
700
734
752
708
714
772
830
818
730
712
704
748
770
762
768
742
728
734
754
776
760
786
786
750
750
760
738
746
786
772
724
690
680
658
664
668
706
780
788
780
786
792
776
764
738
762
770
778
794
742
762
742
728
746
742
686
658
654
656
670
688
694
700
712
746
828
842
816
758
754
746
690
704
728
722
756
714
704
752
784
814
756
684
664
648
634
654
678
870
920
900
924
944
928
890
870
794
744
762
816
810
734
698
730
778
760
786
880
838
792
812
806
756
726
746
766
736
692
700
726
756
744
764
742
742
778
792
770
732
716
732
718
714
780
756
766
804
802
706
668
658
642
648
666
704
678
650
684
700
696
674
706
732
750
736
704
726
734
744
716
656
674
698
710
670
646
678
682
686
754
834
770
752
790
798
766
714
746
728
668
642
652
664
704
732
786
832
832
848
820
800
800
810
752
706
708
760
792
816
830
760
736
750
764
736
700
710
708
720
748
754
770
792
728
696
734
756
816
836
806
758
708
744
758
766
716
682
698
730
694
654
642
638
672
688
694
760
752
720
766
768
774
728
710
718
714
692
712
744
770
752
694
660
644
644
674
726
736
748
784
826
888
866
828
716
662
692
702
660
648
662
700
694
736
784
852
820
808
840
842
778
810
834
830
814
762
796
804
824
782
714
752
780
824
852
820
746
790
806
780
706
718
770
802
762
734
796
844
806
740
782
832
830
794
740
796
820
822
746
746
794
806
800
736
766
800
744
724
794
858
874
800
806
828
746
728
764
800
764
718
780
808
746
744
798
816
804
736
728
744
678
638
642
662
706
704
690
750
768
776
704
670
696
720
710
696
734
760
772
712
698
734
758
746
728
770
774
700
676
706
714
674
664
674
668
668
672
694
702
704
732
768
788
730
724
756
762
728
662
666
708
736
720
686
682
682
692
750
770
770
696
660
666
700
686
720
748
700
680
680
664
668
662
646
656
682
666
714
756
782
800
792
820
744
740
724
684
666
646
630
608
602
602
616
622
644
670
726
738
758
824
792
712
718
744
736
710
712
736
776
760
692
660
690
694
720
672
660
652
650
682
694
702
708
724
732
728
690
682
670
640
622
622
654
672
674
644
644
648
626
640
642
648
640
646
638
602
626
596
588
592
594
592
610
638
694
718
702
742
766
732
642
682
694
686
692
682
668
610
604
632
686
766
832
804
742
702
674
674
652
618
830
778
754
756
734
688
664
656
678
696
738
756
774
784
786
810
814
840
852
878
888
864
822
804
782
738
734
764
806
838
832
828
828
824
822
826
816
828
848
844
818
810
812
794
764
748
714
722
782
792
810
782
748
750
748
748
716
672
684
690
712
716
670
656
658
650
640
668
702
750
752
774
780
780
772
750
740
740
730
718
704
728
746
766
794
776
754
756
756
732
668
640
628
638
636
698
736
706
688
702
710
724
728
722
724
700
698
674
688
700
702
714
680
692
710
724
700
650
688
726
760
762
768
774
784
790
790
794
740
692
674
648
672
706
780
858
854
854
856
832
820
796
768
768
734
696
706
706
738
768
788
792
780
754
728
708
684
630
622
634
674
732
760
798
786
718
732
698
692
718
718
730
698
696
736
746
744
776
780
740
684
690
702
708
698
708
708
726
720
712
710
710
734
694
686
718
720
696
666
668
660
648
606
598
644
688
704
662
680
724
764
790
700
700
720
746
764
740
772
792
790
754
750
776
794
768
704
710
752
810
788
760
784
806
808
782
746
750
770
786
766
738
738
768
780
794
780
796
808
796
744
696
694
694
668
668
712
756
786
824
836
812
824
836
802
798
810
810
762
772
808
840
856
840
780
798
790
796
778
744
778
786
798
748
690
708
706
686
730
746
726
718
742
774
798
762
704
728
762
784
824
810
784
804
814
792
788
816
822
776
792
830
842
822
822
854
862
816
810
828
806
770
790
820
830
800
838
850
788
762
774
804
794
756
780
788
732
724
736
736
716
702
766
844
900
864
890
912
846
822
834
848
828
816
860
910
912
844
846
864
808
692
704
742
798
802
672
648
662
718
720
736
694
730
736
708
690
678
680
684
682
662
658
666
702
734
768
776
794
822
838
846
860
874
862
862
852
846
846
832
810
828
842
870
870
864
850
802
792
804
828
838
820
820
806
768
778
808
842
814
744
804
834
824
766
758
800
814
740
740
806
838
786
772
790
776
700
728
776
796
784
790
802
750
714
708
754
794
798
848
878
848
846
846
806
774
766
738
686
674
678
680
726
780
822
800
830
824
836
810
772
766
784
804
870
890
848
840
826
778
736
752
770
748
716
738
756
740
786
826
794
830
848
810
750
718
704
700
798
904
908
874
892
864
838
838
862
864
828
830
832
772
722
758
782
786
820
870
868
858
808
806
822
824
808
794
812
810
786
790
820
830
834
782
806
798
798
792
814
852
852
810
786
800
794
774
742
776
788
812
774
756
750
696
684
730
780
788
822
872
868
824
778
808
804
792
738
710
708
740
774
784
784
816
856
876
882
820
770
778
810
848
814
786
852
882
868
804
808
816
798
728
730
732
686
726
794
804
750
768
766
726
708
796
810
772
760
742
710
740
768
728
740
790
804
754
696
756
792
766
734
814
846
776
706
728
744
778
766
712
690
716
760
816
814
812
856
862
846
810
792
816
828
806
748
788
846
878
858
810
828
822
824
790
754
780
792
750
712
710
758
798
840
848
818
818
834
838
828
764
798
818
848
828
756
796
840
856
828
762
790
808
764
722
692
734
810
896
858
708
712
736
764
808
740
714
730
714
698
732
752
780
762
760
764
770
716
690
686
712
742
764
716
700
734
750
760
724
696
714
720
718
714
754
790
832
842
806
802
798
788
790
798
774
744
758
796
828
868
864
846
790
772
774
708
652
684
718
714
684
696
810
830
840
794
726
728
722
708
666
646
680
724
796
806
738
784
832
834
816
792
816
836
836
814
794
816
806
810
760
766
834
834
826
784
812
822
794
762
756
714
674
664
646
662
700
710
726
746
764
700
756
772
756
718
608
714
694
700
700
652
620
636
648
668
696
778
850
882
886
838
746
686
696
680
680
670
702
740
772
756
758
716
728
680
694
704
760
726
674
680
718
744
764
758
722
684
692
744
822
860
836
796
814
838
838
834
812
818
818
798
828
868
828
750
774
806
830
816
788
700
650
686
716
756
824
800
794
816
798
744
692
732
754
768
738
736
792
816
818
824
782
774
810
814
816
790
768
780
740
680
674
688
718
696
718
736
734
714
698
676
678
744
796
806
810
748
700
726
746
766
788
772
744
754
766
788
800
802
794
746
724
762
792
792
768
742
742
726
728
722
786
780
758
770
780
764
688
648
646
678
722
742
738
800
830
816
756
698
722
734
698
698
728
782
798
716
688
686
690
734
790
810
806
796
828
846
852
848
830
762
770
794
818
824
796
790
814
812
782
704
688
714
738
732
708
708
744
840
858
846
740
722
724
746
786
730
660
650
668
686
676
762
848
882
836
# end time: 2015-12-14-20:08:55, 1450141735.71
