# R wave intervals in milliseconds per line
# start time: 2015-11-29-10:07:51, 1448809671.86
758
672
1012
608
1630
1462
878
1384
830
614
638
634
696
718
796
834
864
860
812
800
748
722
664
680
640
692
802
842
874
856
816
802
744
710
792
762
810
768
738
722
692
712
726
756
718
764
742
814
740
756
768
732
706
686
714
744
618
664
650
668
624
696
684
518
580
788
694
506
744
724
766
784
788
786
792
790
758
796
756
756
762
762
784
828
858
858
894
834
854
802
834
768
722
736
820
840
864
850
790
808
832
824
766
768
754
726
796
752
734
754
788
832
782
700
688
648
674
738
856
870
812
836
900
904
914
876
782
786
802
808
820
808
802
798
846
884
888
892
840
776
808
828
824
762
766
736
720
756
816
864
870
852
874
872
880
860
806
836
864
880
882
802
828
848
856
798
798
826
824
764
762
786
798
774
778
822
828
820
748
736
732
746
750
710
692
718
744
792
790
744
756
798
780
796
734
704
724
752
798
784
738
684
714
732
748
720
726
704
668
684
700
700
708
702
702
722
680
668
682
714
734
752
764
748
718
670
672
716
700
734
750
700
698
718
734
734
732
750
716
684
712
732
706
696
636
698
732
734
750
720
716
748
768
734
696
654
696
704
734
746
750
702
734
748
748
734
720
716
666
650
684
710
722
748
752
750
780
770
780
752
734
750
730
688
728
738
750
766
700
734
782
502
600
778
682
756
778
702
734
680
750
700
700
502
800
518
614
702
754
792
774
766
730
698
502
750
720
762
734
720
750
512
600
732
502
750
754
750
750
734
716
750
744
720
718
734
762
734
738
766
734
682
650
696
720
750
766
700
732
764
754
766
764
530
604
752
516
768
520
576
502
532
630
782
784
506
502
612
780
702
514
756
518
576
732
734
522
504
626
754
778
782
756
746
732
734
782
782
734
732
786
504
796
738
728
700
702
652
616
634
646
654
700
746
686
502
566
516
516
628
756
682
694
784
752
520
800
780
522
612
520
502
626
502
530
622
518
534
630
502
506
622
710
736
738
744
808
714
684
752
788
830
872
870
846
838
756
762
738
754
768
798
812
826
798
790
818
832
844
838
784
802
806
812
800
762
790
804
814
734
778
776
786
796
770
782
798
794
762
722
744
758
764
732
738
766
780
776
734
746
776
774
790
732
752
750
680
652
858
534
680
700
516
770
748
516
598
786
518
784
750
682
634
638
632
630
572
582
732
702
868
884
872
862
850
832
802
764
726
710
706
682
650
670
678
688
718
728
722
732
718
700
666
668
672
654
652
656
658
644
642
646
624
634
640
648
632
650
674
658
634
620
648
664
684
710
708
724
754
758
748
732
684
656
656
654
650
672
694
710
684
660
698
708
744
762
736
706
738
754
764
790
782
796
830
814
760
722
716
712
688
666
702
742
774
796
760
706
698
712
732
756
778
782
746
742
752
764
772
766
756
736
736
722
702
694
646
658
624
672
740
804
814
870
800
770
794
782
784
750
684
748
758
786
776
736
756
780
782
768
732
710
744
758
754
766
730
702
738
764
788
740
730
748
770
776
778
780
748
620
558
602
610
618
616
614
580
618
610
632
654
690
726
740
740
702
674
700
718
738
750
756
764
760
756
748
736
698
694
694
668
714
716
730
718
684
686
696
704
702
712
732
758
748
722
718
772
732
702
712
648
656
700
692
698
664
668
698
702
692
646
646
622
616
606
596
582
568
516
566
534
562
570
566
572
580
578
552
586
566
572
574
570
568
568
562
548
554
556
560
568
576
592
618
616
686
690
700
688
696
684
670
668
666
660
656
662
676
678
696
690
696
698
686
664
592
594
662
566
606
646
616
546
612
610
602
546
586
570
612
604
610
608
642
670
674
698
678
664
654
644
622
616
614
618
588
620
566
578
560
558
580
600
744
718
686
654
644
602
650
690
730
812
786
782
780
800
808
812
786
780
774
774
754
794
774
786
786
778
788
690
700
684
668
666
720
718
680
722
718
662
650
636
642
654
656
648
688
716
750
784
748
748
738
732
700
662
606
660
634
672
714
734
732
752
736
762
688
714
736
750
750
684
632
652
666
650
684
714
660
684
654
634
632
614
610
592
568
592
630
604
612
630
582
538
578
538
652
742
506
528
540
534
610
618
588
562
596
584
574
574
534
534
542
540
572
618
680
728
726
758
792
860
888
880
868
852
798
822
728
706
660
710
654
668
644
656
656
656
646
642
648
650
666
694
744
776
774
760
732
720
710
684
646
638
668
700
728
732
674
656
678
694
702
672
630
652
668
674
650
616
672
662
660
638
632
654
652
628
630
616
650
646
622
612
600
582
570
550
632
782
696
584
586
586
628
592
590
600
608
602
648
644
644
612
668
662
666
712
704
724
806
818
800
726
734
766
746
712
670
604
572
572
582
624
652
804
810
818
796
846
866
870
806
774
774
754
706
636
636
672
736
830
784
812
860
878
874
766
746
784
784
780
724
744
808
876
894
900
832
828
852
836
760
750
756
776
768
750
732
694
688
662
646
642
634
598
620
726
678
630
606
1194
716
718
684
708
716
652
668
650
660
700
746
776
784
796
806
804
768
748
770
808
826
828
808
772
802
810
794
798
804
778
754
744
774
782
794
808
810
774
694
676
698
720
766
772
714
662
676
696
712
738
698
746
768
772
714
706
746
806
834
850
842
828
804
770
766
746
744
732
720
672
706
708
712
748
722
714
750
774
786
802
756
748
736
672
644
654
656
680
702
672
662
706
708
712
694
652
664
724
722
722
716
700
678
686
684
684
694
698
692
650
674
688
720
742
754
704
712
734
738
742
706
698
706
710
716
674
686
702
720
656
646
666
674
692
706
778
800
818
816
790
768
712
754
766
788
816
774
700
678
670
700
780
858
886
876
852
800
768
756
730
720
696
718
736
772
778
782
746
756
772
774
754
704
726
746
732
758
696
728
752
766
772
716
736
760
748
706
666
682
684
706
718
670
726
752
758
724
676
704
718
734
744
726
684
720
744
758
766
740
730
744
722
764
748
728
756
790
804
808
804
730
726
716
708
700
672
724
786
800
818
770
762
818
792
760
708
710
720
720
716
680
692
706
706
710
672
656
646
654
654
684
736
690
692
728
754
774
756
742
764
758
706
640
654
678
728
796
802
724
742
750
756
746
806
816
820
814
784
774
764
774
748
704
722
748
782
788
770
710
700
730
758
796
814
808
722
720
750
754
764
792
736
724
738
676
686
698
692
700
708
708
690
730
794
810
762
792
830
834
816
800
768
768
776
774
786
804
752
716
752
770
790
790
746
794
790
786
714
694
718
680
682
690
740
744
746
814
830
772
716
770
806
816
748
794
806
810
748
758
798
818
816
726
718
696
780
814
790
780
796
780
714
720
744
754
732
782
748
748
728
716
696
660
662
696
734
798
848
864
824
822
846
826
798
762
700
710
738
760
784
756
746
794
798
788
728
678
690
702
714
690
676
684
786
844
856
870
856
784
790
750
784
742
694
692
726
754
770
710
710
748
752
738
688
696
724
734
698
678
722
740
748
690
642
668
676
674
676
672
630
592
590
514
618
602
616
602
596
600
594
594
614
654
680
716
746
750
746
762
740
780
764
770
762
756
754
724
656
616
668
710
810
852
822
804
780
762
768
758
718
656
668
654
662
752
776
788
776
748
730
690
676
660
652
628
664
624
616
644
596
606
592
574
580
566
562
558
548
552
544
556
538
580
552
548
546
546
542
528
546
548
540
556
572
576
576
578
596
566
564
576
614
630
636
590
630
636
620
596
580
584
584
578
576
598
592
588
616
558
528
580
554
546
544
596
638
718
762
798
828
826
814
668
696
686
616
624
638
696
778
832
792
744
718
660
688
652
624
608
622
670
752
908
890
894
880
898
820
828
788
794
788
772
738
706
680
678
670
714
698
722
760
764
762
774
720
760
768
768
794
700
690
700
724
768
800
758
684
720
782
824
858
852
852
774
774
774
778
778
720
734
768
806
840
844
796
648
686
692
694
772
822
822
812
740
714
762
796
830
844
820
788
820
792
786
836
844
848
834
762
746
784
808
812
810
852
822
796
776
764
722
692
666
698
738
806
838
836
740
760
780
774
758
750
664
702
706
702
718
734
700
706
718
708
698
710
696
708
704
672
642
668
696
758
810
754
714
760
714
738
770
764
696
676
684
696
712
698
750
716
674
640
682
706
740
784
774
738
772
776
784
772
768
760
746
740
708
690
720
740
742
696
692
702
762
824
846
802
704
708
680
678
676
710
772
798
774
766
792
798
786
768
734
686
648
660
660
672
702
734
688
722
784
814
834
850
846
824
748
756
768
762
806
760
776
772
764
760
712
692
712
710
732
748
764
756
748
774
778
766
730
672
636
720
710
726
682
696
744
780
786
788
736
666
642
628
580
684
736
704
688
654
646
640
624
642
610
600
592
590
556
576
586
550
568
554
544
580
562
564
568
546
562
556
564
546
536
506
550
556
544
544
516
520
530
532
534
538
548
550
520
578
584
598
642
658
734
764
786
792
758
736
696
674
674
668
678
688
684
660
744
762
748
720
718
724
694
632
604
560
612
616
620
614
774
868
864
882
882
866
860
852
804
784
734
716
718
684
656
634
634
612
666
634
646
638
646
648
652
652
658
642
622
616
586
560
550
574
600
630
712
786
764
702
616
610
590
598
640
676
716
754
754
758
756
772
770
768
746
696
730
678
644
634
650
696
722
744
760
756
746
726
706
682
660
668
672
658
678
550
596
590
632
636
680
702
718
694
688
692
668
654
618
840
606
604
614
610
652
618
626
622
634
636
618
658
622
596
612
578
606
512
514
518
530
566
664
710
682
648
644
624
614
626
674
678
668
698
678
638
652
686
650
636
636
632
614
694
736
734
648
588
594
622
834
768
724
690
634
628
568
586
580
608
632
742
782
804
788
762
736
718
680
716
682
680
738
848
876
854
842
848
820
800
762
734
730
716
688
666
712
686
684
684
664
618
616
620
628
616
604
582
584
570
574
596
748
562
602
654
732
810
822
816
836
840
828
794
830
736
668
678
690
678
672
682
702
700
668
644
668
596
610
598
582
582
592
608
582
566
584
584
614
652
600
634
628
636
616
592
596
580
558
552
596
574
534
536
550
520
514
546
578
634
616
576
558
558
558
564
576
568
568
592
600
610
634
644
656
684
630
652
646
638
640
624
584
590
590
598
604
570
602
626
636
636
618
682
706
708
722
724
724
690
672
664
628
594
580
616
616
604
596
620
588
688
858
854
816
844
686
666
644
638
650
722
766
760
778
770
786
716
684
668
626
598
658
634
650
658
650
698
698
716
714
700
666
650
666
688
714
734
754
788
744
718
712
604
642
662
610
1138
682
514
564
590
596
650
674
748
864
824
794
816
768
770
746
778
768
666
642
672
654
690
734
758
762
738
762
804
786
830
790
744
734
702
736
730
748
786
808
794
792
794
784
800
758
712
704
730
756
784
788
810
732
726
724
778
764
710
708
722
794
710
694
718
758
718
646
668
650
646
660
660
696
710
704
746
714
708
688
676
658
652
654
666
678
744
744
706
706
710
734
778
798
798
768
740
720
694
654
662
686
712
734
738
688
726
752
736
740
748
738
668
672
692
690
688
678
678
660
624
622
636
674
764
840
836
852
844
774
742
676
670
648
660
630
544
578
572
690
688
700
650
632
602
602
596
664
642
612
632
534
548
554
582
644
656
636
620
512
570
546
664
668
664
672
568
552
804
588
618
550
540
546
584
586
612
532
522
522
646
506
560
752
510
536
516
546
522
970
960
536
516
514
968
506
642
516
754
606
830
924
966
978
974
948
524
932
508
502
510
974
518
954
528
518
974
980
974
940
954
980
962
980
504
520
524
530
548
550
560
558
556
574
574
562
548
540
536
578
594
572
568
580
604
620
630
632
626
618
624
640
644
650
654
648
648
628
606
604
592
588
586
594
602
626
636
646
658
664
670
680
686
694
678
664
648
638
650
660
656
640
590
624
634
684
732
744
734
706
684
666
650
626
656
634
646
660
654
692
660
654
654
654
660
648
612
570
600
666
662
620
614
582
562
554
550
558
532
534
540
560
604
632
640
632
670
616
644
622
634
616
648
630
600
868
580
616
604
586
572
570
574
598
628
624
626
622
626
612
594
1186
712
530
570
600
606
614
640
660
716
702
704
702
676
670
672
672
676
692
698
742
752
760
750
688
706
690
728
758
736
734
740
736
736
722
704
692
650
630
616
642
658
670
698
732
732
714
706
718
700
734
706
690
664
622
640
650
664
772
776
814
818
822
814
794
776
730
758
718
702
656
608
618
608
632
710
762
800
746
724
710
686
654
662
708
676
682
678
678
674
710
674
654
654
656
662
634
660
620
612
588
578
568
566
604
596
586
630
598
588
604
608
626
646
648
632
650
638
634
626
684
642
628
616
586
566
564
554
582
602
602
628
632
636
646
634
618
614
626
628
628
574
586
598
646
574
562
542
576
634
646
650
640
642
612
638
664
656
726
720
686
678
682
674
714
826
786
776
812
860
830
816
786
740
732
754
770
728
742
844
876
872
880
774
728
744
764
804
820
808
844
758
772
800
824
842
840
756
788
798
788
736
706
754
782
718
748
786
784
776
736
716
700
690
682
676
656
650
646
636
634
648
652
674
656
688
674
688
680
678
660
700
664
640
656
654
658
630
642
626
678
654
700
732
684
688
678
666
684
698
706
690
668
660
652
658
668
662
698
738
704
684
684
698
670
696
652
664
660
658
650
624
620
604
598
622
644
644
664
706
706
694
674
662
606
612
600
634
608
596
582
582
578
590
606
646
670
692
728
784
808
812
812
798
808
816
810
822
836
844
850
784
754
782
804
806
756
690
640
656
702
760
784
746
728
776
764
768
738
688
680
678
688
700
708
680
674
692
738
774
824
816
768
756
752
732
678
642
666
676
656
622
606
612
702
828
836
850
818
744
682
692
708
728
722
700
646
656
698
748
782
768
764
730
682
640
624
638
662
700
734
806
838
848
816
802
770
814
852
874
864
860
840
828
810
744
760
804
852
872
874
818
842
852
842
782
762
820
852
866
838
810
824
830
830
808
826
828
834
794
794
808
800
814
780
756
772
792
804
810
752
758
776
786
774
734
774
802
822
810
774
770
784
794
802
798
794
790
786
780
756
738
732
702
738
700
726
742
750
718
686
724
758
760
736
696
690
716
724
738
746
718
716
740
740
744
748
740
776
802
826
854
852
828
768
742
766
790
830
846
846
802
814
810
800
768
722
760
772
786
736
738
774
780
782
742
762
766
706
744
758
782
784
762
778
766
758
736
716
728
740
748
718
722
732
734
734
716
712
720
718
710
682
702
706
704
678
646
656
698
718
714
698
742
762
762
720
696
738
754
748
742
794
826
832
784
802
838
850
840
834
808
776
776
766
734
728
770
784
782
748
698
728
740
756
770
724
714
716
706
716
712
670
680
702
710
724
710
694
730
742
770
806
814
810
838
826
822
776
724
730
712
706
692
662
676
692
746
802
826
848
838
840
836
806
818
782
778
794
794
794
792
792
806
810
796
770
812
824
840
798
790
822
824
754
808
832
826
744
750
770
782
732
750
800
808
776
820
824
808
732
694
710
730
758
776
762
792
816
832
806
758
770
768
766
752
758
774
790
786
730
662
650
666
682
708
726
730
688
686
750
796
820
820
814
776
754
722
752
724
728
732
732
734
740
754
772
776
728
714
718
726
688
684
720
738
736
728
724
720
698
724
746
762
774
754
686
694
676
640
608
584
576
616
590
578
600
636
728
786
814
808
812
788
760
734
720
730
708
672
686
728
696
682
664
720
774
798
802
780
718
742
756
760
780
778
724
668
662
676
702
746
762
764
796
814
824
814
858
828
822
794
772
750
736
706
712
734
746
772
770
730
754
770
784
768
788
764
788
792
746
706
734
708
688
616
604
624
784
798
850
862
852
854
830
812
778
766
750
732
688
680
672
652
644
612
562
594
592
606
580
586
566
574
550
556
550
560
574
586
576
564
552
554
556
558
566
580
584
592
584
596
612
586
640
642
620
592
604
570
566
564
552
550
546
572
594
632
640
662
702
732
750
764
744
704
672
634
616
608
606
604
598
600
602
612
614
634
652
662
660
664
666
670
660
668
680
700
720
684
604
604
656
614
604
580
586
604
612
636
636
606
614
616
624
624
638
652
658
640
620
622
636
642
662
680
692
706
738
728
728
702
662
636
606
582
610
686
696
650
618
606
608
600
616
588
550
630
636
648
634
600
584
586
614
620
642
652
652
654
640
628
612
598
568
552
548
552
554
580
614
654
674
638
632
648
638
662
588
612
610
636
652
652
652
666
666
668
678
664
650
638
622
614
600
602
592
584
588
600
630
670
714
740
744
740
720
690
678
668
666
638
630
612
610
624
578
622
650
700
736
726
720
712
672
618
604
628
650
658
616
646
564
534
564
596
684
706
730
658
626
596
656
684
696
668
650
606
590
572
578
594
622
718
726
736
720
722
696
736
704
726
736
756
780
796
800
794
792
794
776
764
748
666
582
618
676
696
690
666
588
580
568
604
614
622
642
556
546
574
614
622
652
576
750
542
594
570
604
544
506
574
574
570
602
506
540
540
556
540
990
536
530
558
986
786
714
520
516
560
940
516
572
572
554
540
540
546
536
502
532
990
510
978
980
502
978
990
512
530
524
514
514
516
524
546
568
600
600
616
624
622
628
622
600
602
628
636
668
712
742
614
638
592
586
592
604
630
662
676
682
680
674
664
680
674
676
672
670
654
708
700
716
704
692
672
668
652
632
676
668
670
698
700
688
684
678
666
640
642
638
650
664
714
730
740
684
638
642
650
654
650
628
614
588
584
570
568
572
578
578
580
590
596
572
590
600
608
610
620
632
654
652
654
648
646
634
632
604
582
566
662
708
680
660
636
600
586
552
522
522
538
564
622
708
754
800
806
824
806
762
700
696
690
694
714
692
682
786
844
796
748
740
730
700
712
696
676
676
654
698
716
708
680
664
650
644
636
618
618
616
618
630
618
618
612
604
602
606
598
596
596
590
590
590
596
592
600
604
602
606
608
606
602
600
602
602
614
624
634
646
646
634
642
628
628
622
600
628
628
628
646
640
656
650
650
650
650
652
640
636
638
630
630
630
634
638
632
630
624
626
638
648
690
672
682
672
654
644
634
630
616
604
598
598
600
592
600
576
572
580
566
564
550
568
576
586
600
596
608
590
558
548
548
572
558
554
554
536
538
554
582
600
616
642
642
646
636
628
618
602
600
582
580
592
592
652
652
702
746
756
786
692
622
620
640
634
660
702
716
738
736
722
700
692
682
702
726
750
762
766
782
780
772
778
734
752
722
680
656
656
654
656
652
642
620
592
548
540
568
594
624
626
600
578
572
620
634
662
674
678
668
654
646
646
652
664
668
668
680
672
672
642
602
582
620
662
764
786
784
764
730
722
708
664
644
616
600
602
598
632
698
694
698
668
664
610
650
626
698
732
786
780
744
654
612
574
558
596
634
620
610
608
610
610
662
652
668
668
674
722
752
756
746
760
706
650
646
650
630
622
618
608
648
602
616
636
620
644
668
696
718
728
742
# end time: 2015-11-29-10:57:17, 1448812637.9
