# R wave intervals in milliseconds per line
# start time: 2015-12-02-18:39:33, 1449099573.43
630
608
628
656
670
682
754
802
784
782
814
830
822
804
778
780
788
778
732
742
764
792
796
760
784
800
806
766
740
752
764
752
716
724
744
758
780
772
698
752
758
768
760
722
734
748
744
724
696
700
700
702
694
652
676
706
702
672
668
678
690
658
636
674
684
698
708
678
670
720
706
698
662
626
598
616
596
604
642
666
680
638
568
566
578
576
638
608
632
642
642
616
612
604
596
616
614
622
622
608
612
628
634
648
674
700
724
742
738
730
694
648
652
672
738
794
776
738
742
738
732
702
688
654
644
650
672
718
732
714
706
708
706
684
686
666
654
658
674
650
652
656
722
724
702
674
644
646
674
628
592
602
602
594
620
658
662
652
692
682
724
676
652
694
674
642
602
652
588
604
568
562
596
588
564
584
554
594
618
590
572
570
564
590
514
554
538
582
566
564
542
530
562
612
662
680
634
610
590
610
678
718
786
734
692
766
782
770
738
736
732
744
754
742
790
776
782
822
844
826
838
824
826
852
842
836
834
826
806
766
748
754
742
750
742
770
790
826
818
796
810
822
822
800
814
784
768
700
646
640
658
712
740
746
780
810
830
802
800
836
810
794
770
766
772
758
708
722
710
732
740
754
774
782
764
716
714
710
706
704
