# R wave intervals in milliseconds per line
# start time: 2015-06-02-18:30:38, 1433284238.8
620
656
732
778
820
788
522
640
822
736
742
746
832
874
816
734
736
764
768
730
752
750
770
712
720
674
690
698
670
660
718
770
818
790
760
802
808
782
808
766
696
776
760
806
722
730
764
836
744
688
688
706
720
780
830
828
744
708
738
718
690
714
718
724
754
736
694
706
754
782
832
872
830
768
838
816
730
752
754
868
886
896
856
854
878
870
866
764
832
888
918
874
878
880
884
818
732
768
806
760
692
740
760
800
768
724
764
734
708
728
752
774
724
736
738
726
842
848
768
750
826
862
852
808
766
792
814
734
718
720
746
756
714
796
824
748
774
860
836
772
760
818
754
752
708
748
798
842
764
812
842
834
806
732
824
874
860
804
860
888
874
776
806
832
732
764
852
912
890
844
888
944
862
798
820
860
824
740
782
832
830
708
748
824
850
768
764
812
616
818
778
774
682
668
672
694
706
684
660
706
728
676
656
674
654
706
666
686
658
692
746
714
704
732
748
698
786
802
812
754
754
746
722
672
626
680
714
756
828
742
756
764
808
776
730
762
786
790
738
698
686
692
724
792
852
776
802
862
852
836
782
714
706
770
848
824
880
938
928
848
862
916
860
830
864
868
872
862
822
858
862
868
794
822
864
830
888
886
900
846
528
878
852
878
810
826
828
830
750
780
776
788
740
768
830
844
816
804
838
836
818
832
876
882
844
806
838
816
786
734
790
816
796
716
704
732
796
802
754
716
736
852
858
816
830
902
872
814
830
832
858
832
824
860
832
770
744
796
840
874
838
826
816
878
864
826
746
758
722
774
784
790
824
762
726
738
770
758
710
678
676
676
718
758
838
778
784
820
788
794
742
758
782
788
744
736
740
848
848
866
814
894
882
894
842
854
894
864
816
784
788
824
740
720
798
808
788
798
722
792
818
846
866
820
840
834
796
792
820
810
780
732
744
782
742
716
782
850
836
830
864
866
868
816
806
850
850
844
814
868
890
892
870
890
872
836
798
832
890
876
840
864
836
836
804
846
856
912
826
888
880
886
836
828
846
766
700
728
772
804
750
708
802
872
876
814
786
794
844
760
718
772
812
848
824
812
820
880
782
722
758
836
840
808
810
828
844
806
744
762
780
764
752
688
728
766
730
676
672
672
766
818
818
770
720
746
758
696
672
702
780
866
912
832
806
862
874
866
788
784
782
818
822
758
806
830
846
846
800
870
860
838
840
850
916
858
834
832
862
834
778
754
832
846
874
794
834
848
792
714
766
822
840
816
744
762
786
826
810
768
702
714
740
716
662
660
868
928
912
892
876
888
878
870
872
840
824
802
836
832
826
832
832
846
784
780
748
786
824
854
864
846
804
752
720
714
752
764
744
816
822
804
846
782
720
768
770
824
814
754
722
820
826
832
762
768
800
828
808
796
816
804
818
764
798
832
822
806
790
850
846
836
768
788
812
846
740
784
834
856
870
824
808
860
754
748
810
832
766
776
816
842
816
786
840
828
818
790
812
818
766
806
814
814
786
760
776
776
746
742
784
814
814
766
790
812
792
812
814
826
826
726
718
748
740
700
756
812
826
782
768
794
744
722
790
752
786
772
836
736
776
794
804
798
766
838
858
842
786
840
844
860
782
840
826
862
798
820
848
804
752
850
830
824
774
744
826
812
772
782
800
826
796
748
798
838
754
796
820
832
870
804
846
840
838
790
820
870
896
844
846
888
858
856
816
826
826
826
780
812
860
872
798
830
872
816
802
802
820
812
820
752
726
790
826
770
828
878
862
806
746
828
796
768
716
794
818
910
888
834
856
902
860
824
856
856
826
794
820
858
872
852
796
814
836
834
832
798
864
904
898
852
882
916
896
886
854
862
866
832
750
800
854
876
824
800
820
846
858
820
842
810
762
720
762
792
866
836
766
808
810
770
720
778
836
878
838
710
690
696
652
634
668
630
700
682
638
648
748
768
784
802
782
800
798
804
830
832
820
764
732
770
830
852
862
866
850
790
784
846
752
650
738
808
878
860
766
816
782
800
850
804
814
822
782
714
704
694
728
722
704
748
770
762
702
670
696
680
694
674
654
660
642
600
652
698
696
684
652
652
712
704
778
786
716
754
818
784
702
762
820
830
792
760
850
864
818
720
716
772
844
850
796
838
868
900
816
780
844
826
820
752
832
844
818
806
778
754
812
852
770
770
868
844
850
736
814
832
822
716
746
750
770
766
736
848
846
724
748
778
812
790
752
648
654
684
692
756
848
884
882
868
844
852
782
660
684
696
750
836
880
834
852
916
934
914
936
894
842
880
864
848
790
718
770
812
832
768
720
828
916
950
924
898
934
926
876
878
920
880
834
800
736
682
686
666
808
836
890
798
760
790
786
792
696
728
734
854
884
882
846
784
782
784
802
820
780
814
822
816
854
844
832
806
822
854
786
800
836
826
870
836
856
886
864
798
764
744
758
686
668
752
822
892
890
816
886
896
822
804
830
864
852
770
806
872
846
820
872
898
836
830
838
874
792
704
732
800
824
786
790
844
870
882
828
732
798
794
714
716
710
784
844
866
836
850
862
866
876
862
832
910
908
910
836
906
866
804
872
914
934
888
866
888
878
804
806
886
904
862
812
856
858
780
792
826
880
944
872
926
904
914
888
818
860
852
804
772
798
842
840
780
836
830
810
752
726
794
810
774
758
796
818
818
768
768
812
822
802
766
740
766
786
748
798
880
822
820
804
828
766
732
812
776
746
688
732
728
770
746
752
738
762
718
730
786
816
886
884
872
868
908
852
766
720
750
734
710
686
762
852
902
916
850
866
872
808
770
702
698
690
698
766
874
842
868
780
796
738
696
724
738
804
852
856
816
844
892
812
778
774
842
904
834
854
882
866
806
802
858
832
772
750
800
880
838
866
882
852
782
758
748
784
786
758
722
666
670
716
732
684
714
684
670
716
752
688
690
780
834
800
744
748
796
806
806
786
770
788
874
868
800
832
832
818
790
718
720
812
798
742
720
708
808
834
828
742
704
742
722
690
652
692
690
652
708
664
742
816
816
818
890
846
848
868
866
852
834
880
868
852
790
826
776
712
720
828
948
936
932
884
798
788
794
872
850
810
734
794
850
864
782
852
864
880
790
746
804
860
876
800
828
882
890
902
796
796
838
836
776
766
870
918
874
946
970
940
952
948
944
926
934
882
902
918
868
876
824
868
858
890
770
728
686
702
766
798
768
754
736
678
686
654
724
774
744
752
762
758
746
804
702
712
686
748
686
680
702
730
702
722
704
768
796
798
774
754
832
810
792
802
716
716
780
786
850
860
862
858
842
836
778
814
840
860
884
884
874
926
880
836
828
858
900
904
848
840
848
812
728
806
846
818
702
734
746
788
682
702
736
778
752
666
732
764
736
682
706
776
706
638
660
684
714
816
772
750
824
820
856
848
826
842
832
820
764
812
852
880
770
736
726
706
690
786
742
794
882
896
840
732
806
842
838
804
776
778
744
802
876
802
830
884
882
902
782
816
834
882
802
748
796
824
750
778
818
854
794
768
782
832
850
768
730
774
784
720
688
742
764
782
732
744
788
756
664
700
732
714
666
676
750
800
872
752
754
816
858
842
784
788
808
838
836
776
798
918
930
884
804
878
914
866
790
850
926
908
874
868
968
890
896
930
972
926
882
800
804
752
714
654
640
698
780
838
780
726
798
904
846
802
696
732
740
646
584
850
832
812
804
816
816
802
814
850
882
834
850
854
868
826
818
688
700
662
668
754
748
762
866
866
882
804
818
866
880
800
804
782
806
702
646
700
710
736
814
770
704
830
804
774
732
720
814
818
786
666
662
652
646
720
746
738
750
846
850
834
768
870
844
850
834
736
702
648
682
680
818
880
874
894
870
888
864
832
818
648
1006
778
736
778
884
836
750
846
870
852
814
784
832
854
844
788
836
898
926
872
806
854
870
800
702
650
686
680
730
752
766
842
866
870
838
804
748
722
696
718
714
776
772
762
840
804
862
866
754
764
836
714
766
782
786
818
800
830
850
820
848
836
848
916
948
934
884
918
866
868
848
898
850
842
880
926
882
872
900
914
850
884
918
954
894
870
866
798
882
886
862
902
902
898
914
796
874
832
798
816
838
772
742
782
814
788
756
890
882
802
768
812
818
848
786
816
836
766
750
666
668
630
620
656
680
594
606
662
598
702
788
744
784
750
746
700
752
770
780
792
790
802
814
838
874
824
784
782
814
812
808
778
832
842
864
878
834
806
794
780
760
726
750
802
832
784
738
726
706
796
874
808
820
780
804
768
714
672
760
816
836
846
864
854
848
836
836
814
820
734
734
730
844
918
908
914
918
814
868
880
848
756
730
796
890
880
868
864
886
842
734
756
814
852
814
826
858
852
802
728
804
816
750
750
748
800
754
736
762
818
792
712
726
736
666
736
728
704
794
818
836
750
730
756
798
762
724
770
804
804
802
832
864
820
712
798
836
878
886
882
872
862
834
814
818
848
854
862
870
836
910
852
816
818
814
836
850
778
834
884
870
796
834
836
832
816
732
804
816
878
838
762
820
854
862
834
732
784
816
818
834
830
586
712
838
830
818
852
834
820
826
824
832
810
802
798
820
850
818
818
866
802
848
816
816
790
824
884
884
800
810
788
842
826
852
794
810
848
816
764
788
798
850
770
758
768
724
682
618
646
736
814
882
868
884
846
788
748
834
784
816
766
752
700
748
838
880
910
874
878
916
884
820
750
648
618
668
966
930
882
900
866
872
846
826
840
816
826
812
844
870
898
882
932
900
886
862
874
790
770
864
872
864
878
888
900
888
712
618
748
832
832
834
792
710
714
632
670
698
720
748
770
750
804
786
788
784
716
736
796
830
822
796
786
768
770
778
824
792
838
838
840
850
802
828
786
834
802
764
810
818
856
900
894
808
862
738
726
718
690
646
634
648
652
636
682
718
700
632
712
802
802
812
804
816
734
700
782
768
848
870
818
820
862
862
824
750
766
766
852
862
900
846
856
832
872
798
864
858
892
806
814
866
850
780
786
868
848
758
718
810
858
846
750
752
810
820
814
774
750
836
874
886
838
928
892
890
880
830
880
868
838
796
836
842
842
824
864
876
878
842
882
882
900
840
814
870
860
918
902
892
878
878
856
810
836
852
852
802
834
844
892
796
762
662
750
820
854
824
774
766
824
808
690
714
696
688
702
716
664
684
720
690
658
766
770
750
716
754
812
790
770
828
886
860
874
848
832
820
830
854
884
886
796
736
816
834
868
850
850
912
872
882
858
846
832
884
834
838
830
872
814
798
718
718
746
772
784
846
822
830
834
824
782
848
834
822
812
866
836
832
768
754
664
656
646
682
616
640
644
670
694
740
666
650
666
654
650
680
682
706
678
718
652
632
650
634
634
684
686
682
698
716
720
632
720
718
766
850
786
764
734
634
670
700
808
856
832
834
784
824
850
856
# end time: 2015-06-02-19:03:27, 1433286207.96
