# R wave intervals in milliseconds per line
# Active training
# start time: 2015-12-03-12:18:49, 1449163129.21
820
804
816
798
798
812
830
812
852
834
858
504
718
802
778
812
786
804
778
804
820
804
818
834
846
820
832
872
742
816
528
626
506
698
784
784
846
852
650
746
700
716
804
826
754
824
794
798
840
824
804
836
876
860
822
822
810
794
798
776
806
824
824
824
846
806
866
524
658
684
514
768
786
798
812
798
790
822
814
814
790
816
814
782
804
774
504
646
806
850
504
508
504
908
910
918
812
506
564
596
830
820
686
510
768
800
830
892
928
950
916
904
524
710
830
794
804
778
798
832
824
884
876
914
934
854
848
818
852
792
818
800
782
754
820
774
794
876
864
804
834
834
778
656
560
810
836
790
618
576
808
836
792
836
864
880
872
880
842
798
624
808
814
806
864
850
704
644
778
640
554
794
788
818
796
830
828
836
830
