# R wave intervals in milliseconds per line
# start time: 2015-01-31-19:47:23, 1422751643.51
738
648
610
698
746
824
648
602
818
662
630
602
586
616
702
614
626
734
772
638
694
776
594
618
614
560
626
612
780
564
750
652
790
594
716
642
674
610
564
656
636
608
652
666
696
738
932
594
646
772
660
674
762
564
588
628
604
550
600
618
684
680
676
682
514
728
744
756
502
648
598
668
504
648
650
694
656
782
604
696
1224
734
688
706
554
692
652
606
646
700
728
744
606
568
606
604
732
562
652
780
726
624
738
658
738
608
710
506
694
654
692
688
690
670
682
710
598
694
724
710
576
650
608
734
594
616
712
600
654
746
774
704
664
860
570
536
604
504
670
634
706
734
546
654
834
644
664
572
516
650
658
652
724
580
656
610
656
706
768
1146
688
2324
1394
878
526
588
662
828
690
702
694
656
616
744
654
656
528
566
592
528
716
568
728
784
768
754
716
644
780
528
620
568
612
744
872
712
734
692
600
794
772
614
716
602
648
724
734
646
764
742
730
764
802
598
660
736
792
510
678
620
700
748
684
788
710
694
604
786
656
714
910
658
646
612
794
566
570
708
656
756
712
762
700
874
558
658
662
520
526
668
614
534
704
814
766
702
680
522
614
578
704
700
686
716
570
698
618
630
634
634
678
716
538
618
676
574
566
696
664
1022
664
740
760
818
748
700
736
748
724
726
528
708
550
714
552
606
630
710
1986
1218
786
794
656
714
696
702
652
712
606
716
600
614
662
750
672
730
750
748
774
540
592
726
698
656
648
680
658
704
658
704
700
568
616
614
714
700
606
614
570
598
562
722
514
618
762
684
752
648
586
664
682
704
564
666
620
600
674
658
668
532
704
782
700
628
750
702
1976
1326
796
566
666
516
670
516
760
756
832
656
774
718
770
718
762
620
666
716
632
702
766
734
752
710
704
702
694
678
698
716
528
646
666
702
670
742
516
600
646
762
700
780
654
748
626
716
732
904
558
532
748
764
788
714
534
572
662
512
722
730
724
648
666
746
718
668
734
750
506
578
514
508
612
696
748
732
778
738
504
722
506
560
682
746
774
692
654
614
620
652
616
770
792
804
796
534
670
678
676
700
706
674
714
608
608
670
668
698
566
680
752
564
606
680
704
692
716
736
684
684
708
676
700
580
584
732
746
760
830
818
520
614
600
784
748
744
672
718
718
748
810
600
756
778
848
802
840
794
798
750
694
662
688
720
800
842
872
834
818
502
690
598
612
764
536
808
754
754
508
588
756
548
818
524
622
734
516
730
674
630
650
620
662
666
532
572
722
504
804
764
742
710
706
714
748
740
528
588
780
552
826
782
512
596
628
626
692
706
678
788
752
780
732
788
986
558
626
808
602
618
836
818
850
764
940
622
666
562
770
714
550
802
584
790
840
756
722
690
558
732
710
690
664
666
564
618
726
660
650
794
796
532
812
784
724
518
570
706
796
778
544
760
756
794
724
750
746
748
672
696
752
754
764
530
654
558
740
698
508
778
502
588
732
758
764
534
814
694
666
832
754
518
596
698
784
730
786
534
798
748
756
766
772
520
610
748
706
754
692
766
682
900
552
736
584
602
666
546
752
794
758
744
512
596
596
668
692
756
778
534
754
742
724
524
576
694
762
614
668
658
660
684
798
636
796
636
772
682
506
738
668
634
746
752
748
516
594
794
530
804
752
524
586
756
748
766
698
508
728
530
572
646
738
690
796
722
706
662
732
742
518
536
632
552
800
762
738
766
712
738
516
602
570
862
528
618
700
716
706
724
756
670
730
708
662
706
696
662
802
700
504
714
682
736
768
582
636
770
526
502
618
764
772
516
538
714
756
812
832
802
788
796
800
810
564
790
662
716
504
578
660
786
552
522
650
502
796
538
620
764
512
718
746
756
752
752
744
718
754
708
674
748
716
738
646
698
746
716
534
572
724
716
714
714
742
790
636
746
732
942
682
632
748
734
770
832
850
750
712
740
602
794
726
670
662
716
750
766
740
766
784
802
714
876
548
626
672
678
656
682
716
732
710
718
712
796
810
794
550
782
648
682
666
748
706
716
584
784
764
838
750
718
798
526
512
596
848
554
636
594
778
722
726
662
616
846
554
718
712
664
722
692
714
724
694
708
710
658
626
632
698
706
760
754
990
568
658
544
784
524
588
746
538
512
630
542
812
796
758
752
782
736
748
754
524
578
758
722
764
746
674
592
782
558
724
778
748
516
750
816
816
770
534
694
806
564
674
772
740
536
750
764
754
796
788
746
736
786
748
712
718
800
540
578
786
742
764
542
752
748
750
722
734
680
502
560
734
754
780
758
548
764
518
562
524
518
624
554
770
832
600
614
754
506
780
786
734
684
726
502
684
736
768
736
626
780
710
610
672
560
678
502
664
578
622
622
700
708
734
640
684
708
706
746
764
702
684
740
766
516
594
694
756
738
778
802
698
502
788
512
606
790
762
662
802
692
664
646
636
664
598
522
618
748
750
666
786
578
616
670
668
646
638
626
620
572
604
630
632
648
630
626
658
636
726
692
746
710
610
636
684
590
674
736
782
838
768
748
982
566
502
622
564
618
546
748
790
764
864
788
580
750
770
782
766
754
768
814
638
566
826
530
610
748
698
716
678
692
670
716
534
564
672
530
532
652
746
564
534
658
798
722
650
710
706
510
788
522
604
710
760
686
722
702
652
676
686
786
734
730
712
712
582
576
702
618
504
750
710
720
700
714
720
742
680
748
750
756
708
668
668
702
676
668
672
734
684
704
714
704
712
750
506
598
746
514
758
524
572
504
658
514
562
730
678
868
564
526
708
688
738
714
670
646
686
712
622
662
666
714
744
770
760
738
640
702
756
580
618
586
750
850
870
856
588
614
800
722
772
650
626
648
636
716
656
714
712
762
930
566
622
620
762
548
598
576
598
606
660
762
806
854
568
798
730
566
624
748
512
560
794
518
512
620
504
748
764
776
510
598
504
798
722
736
724
668
700
716
798
780
830
764
838
770
570
608
720
606
678
626
726
776
524
732
724
760
760
844
816
732
722
752
754
668
624
682
714
774
694
738
636
710
608
758
678
748
754
722
668
664
664
670
714
700
680
674
710
726
744
760
532
610
740
512
808
504
604
532
678
748
764
758
686
734
514
598
760
812
690
506
752
708
722
514
560
712
752
772
974
612
556
786
714
714
712
706
672
676
706
530
806
798
734
750
614
666
618
518
768
684
644
694
686
704
670
664
632
618
638
616
620
626
668
580
622
620
676
722
704
758
504
604
772
524
750
766
758
506
578
742
674
722
702
538
796
722
710
746
732
544
594
546
568
782
830
882
896
630
708
784
868
856
800
772
800
794
756
668
728
828
784
514
586
614
826
516
584
640
796
640
746
642
656
758
734
800
844
706
856
522
712
726
536
544
614
544
620
624
584
598
614
706
678
694
716
788
768
816
802
776
742
798
816
814
832
550
644
718
770
800
892
874
884
832
838
846
850
802
910
638
596
808
746
730
760
768
760
502
608
802
802
726
780
790
706
710
726
740
724
710
622
660
738
652
772
608
688
664
634
780
542
738
716
804
718
566
774
748
666
658
748
694
732
648
664
676
738
786
504
758
746
744
740
756
518
610
762
530
718
710
768
756
526
590
772
788
780
514
536
630
774
758
764
514
766
766
758
762
506
596
716
724
732
758
516
726
738
774
504
592
802
800
676
674
676
756
796
514
720
700
672
732
792
512
608
800
502
532
622
514
776
734
518
582
788
510
784
774
812
790
876
502
568
502
524
616
626
724
506
570
620
764
582
668
772
676
760
676
888
520
772
734
680
640
714
720
668
626
672
678
620
752
688
694
716
678
714
770
508
600
532
640
754
752
764
778
750
744
794
728
728
712
704
726
720
796
506
572
612
802
690
708
630
666
658
670
656
722
724
716
632
710
692
840
598
670
550
612
534
570
616
684
676
608
684
738
508
510
612
720
730
788
804
770
522
778
748
766
762
702
644
656
734
598
648
568
564
678
528
534
648
694
536
800
740
714
758
792
506
600
674
518
508
614
546
554
660
538
730
746
750
514
582
808
750
802
794
676
730
652
746
690
754
1944
1296
814
770
696
712
708
770
726
674
714
756
774
756
666
724
746
596
718
716
590
618
670
714
718
674
530
572
738
774
768
746
558
810
770
766
780
772
768
762
742
746
714
716
670
714
522
592
726
714
640
694
662
634
678
676
716
792
506
768
578
618
722
588
612
678
1196
738
772
670
672
658
580
786
748
712
760
808
798
736
876
802
892
578
518
718
666
686
672
656
714
542
604
504
546
636
1296
778
734
798
514
562
640
698
650
604
680
588
650
706
682
666
728
582
546
676
504
560
792
756
756
660
634
658
700
628
742
634
576
762
572
602
570
506
648
584
826
748
730
536
594
774
780
710
536
520
636
540
804
782
792
508
614
576
808
768
844
854
812
718
680
668
724
508
584
736
700
674
562
836
546
634
648
742
514
506
612
542
768
766
502
604
510
668
720
526
588
802
516
778
776
546
628
778
512
734
520
570
674
678
724
796
722
520
642
676
726
762
740
724
672
634
688
704
762
714
666
674
728
748
748
702
752
764
802
502
610
660
796
762
532
520
636
636
812
600
506
682
702
530
592
726
660
508
516
614
802
762
698
720
756
804
926
618
748
656
666
688
660
710
644
676
666
730
984
696
668
628
708
586
604
584
578
830
836
860
802
738
780
768
534
606
524
772
732
700
702
732
752
760
704
510
774
796
510
572
758
662
676
640
748
768
806
764
754
778
798
806
746
750
834
564
616
724
712
766
796
774
982
718
716
760
762
762
676
716
640
694
644
576
600
838
860
788
750
752
810
538
538
516
634
722
780
604
678
764
796
518
734
598
706
682
624
628
666
680
732
748
686
754
520
778
770
702
684
684
574
726
788
552
836
818
854
892
870
526
814
844
638
616
790
776
710
782
840
636
824
836
798
834
854
848
832
810
814
820
746
800
796
766
728
756
812
766
674
764
790
816
810
858
830
850
512
560
724
708
712
710
670
678
728
760
642
696
668
732
768
784
584
880
738
780
720
714
616
656
696
716
760
706
684
714
758
754
726
752
534
606
716
714
792
824
714
802
628
670
694
692
722
812
796
552
802
806
530
614
506
508
618
668
778
726
764
650
608
608
642
782
590
538
812
718
770
750
550
716
664
638
698
732
722
744
736
764
764
750
686
698
724
714
674
672
508
560
508
550
640
776
674
698
748
588
602
770
758
700
742
944
582
540
812
722
708
670
640
664
528
568
682
728
672
670
534
518
630
522
808
754
776
770
752
716
660
714
768
790
770
786
762
818
894
580
686
646
526
710
742
778
820
790
858
834
868
786
746
794
808
754
696
806
812
746
678
658
688
664
662
704
760
730
702
752
776
550
776
760
802
776
780
618
558
758
548
588
742
508
710
640
702
768
514
606
682
740
768
810
764
708
698
778
788
780
704
946
526
804
690
660
720
726
936
832
690
736
762
786
744
740
698
750
758
754
620
622
678
764
756
672
720
730
536
796
564
714
520
566
550
804
808
788
822
844
730
720
732
780
770
718
752
748
768
696
758
722
774
884
860
722
786
608
614
634
760
798
792
822
736
726
748
768
682
774
746
760
780
684
684
740
632
692
728
690
718
756
780
754
670
636
728
594
664
698
738
784
836
828
810
504
790
812
506
684
588
656
726
724
526
796
632
654
652
714
646
666
590
616
626
578
598
758
692
710
668
592
662
636
628
686
684
736
718
732
784
782
800
764
770
680
664
620
666
600
632
662
690
704
730
534
660
742
670
672
522
816
562
758
678
702
722
712
768
732
804
770
746
898
652
648
702
732
748
722
774
718
720
536
510
738
730
680
672
680
722
752
542
584
670
682
946
662
626
724
678
676
686
712
718
800
542
716
726
798
724
518
784
538
770
584
656
700
530
664
754
772
602
524
744
674
650
752
766
808
772
750
692
750
756
784
756
756
730
752
674
664
652
668
682
754
680
686
716
662
684
770
750
646
742
742
788
778
770
698
686
752
734
758
672
728
712
854
532
578
666
514
774
534
598
718
776
544
804
746
740
772
694
502
554
648
618
620
614
710
786
696
504
720
550
590
698
752
800
828
794
740
686
908
616
764
704
646
710
714
726
572
510
652
676
510
800
778
774
708
706
732
756
764
750
770
822
794
836
746
770
760
798
826
806
758
712
738
728
766
824
866
812
800
698
802
754
710
736
758
510
580
668
656
670
838
728
718
710
732
758
710
582
536
812
506
682
722
748
776
800
756
768
828
848
812
554
630
692
758
814
700
708
720
514
576
754
756
652
580
840
506
604
660
694
782
810
754
690
796
776
742
698
702
730
760
758
764
720
768
848
566
922
682
744
754
940
566
670
852
690
672
720
666
714
736
762
808
764
724
694
772
766
764
680
674
784
776
794
694
778
758
794
734
682
654
704
696
632
680
628
712
688
700
774
858
818
766
752
678
678
756
668
588
616
598
626
670
738
816
822
864
892
888
536
586
706
686
728
716
702
750
842
812
766
722
766
536
734
714
762
806
854
820
808
706
728
772
796
768
734
768
764
794
692
750
742
772
754
698
686
686
662
730
678
668
614
642
674
664
722
732
742
770
766
714
724
718
756
770
744
730
850
810
726
716
752
724
708
662
740
712
772
678
750
772
812
718
764
762
760
730
710
756
774
800
722
730
742
774
788
704
778
764
774
694
644
696
608
762
786
658
662
684
666
668
890
598
616
632
674
598
676
616
638
622
628
670
626
666
672
670
678
688
846
570
722
662
652
564
676
676
698
778
794
864
538
734
760
670
710
684
714
648
674
662
634
700
768
840
840
884
862
844
736
800
752
766
728
740
762
754
776
772
726
674
682
718
756
756
762
774
502
576
764
748
736
662
716
678
744
756
694
684
676
856
544
646
722
668
688
658
688
872
678
624
594
610
640
730
682
626
646
620
724
740
802
546
784
734
772
772
824
782
716
672
682
678
738
778
874
864
774
742
752
526
584
778
552
746
774
696
726
718
676
686
696
684
768
736
738
760
716
684
758
730
750
730
756
782
796
804
700
644
654
600
660
630
638
680
632
714
760
732
800
566
592
738
740
724
502
794
726
756
780
760
746
766
530
614
524
568
654
796
542
804
780
754
770
756
690
650
730
756
814
710
720
768
770
714
678
622
630
622
584
602
578
626
632
698
654
642
670
668
660
666
624
688
674
670
684
716
662
700
746
776
706
840
864
858
842
880
624
732
836
634
794
530
734
712
712
788
784
718
770
754
738
756
664
754
744
710
724
716
772
746
720
716
712
708
710
682
666
660
622
618
648
686
800
814
816
504
582
784
512
590
698
748
850
832
706
678
642
636
640
722
762
778
748
782
732
590
722
642
704
672
682
638
676
780
744
722
718
754
926
580
550
730
702
728
788
802
716
752
772
796
816
762
732
726
720
752
744
720
724
816
818
740
748
772
526
568
668
692
802
660
506
630
678
660
718
720
696
738
730
716
680
590
634
696
640
632
624
680
678
684
750
670
630
668
686
792
568
712
762
744
698
740
698
758
766
752
662
658
626
604
622
574
710
560
570
586
600
582
582
612
558
536
574
526
574
562
512
560
504
532
514
576
634
510
530
608
570
620
550
528
652
536
556
852
836
756
664
628
610
636
650
658
734
824
874
898
806
722
660
722
532
586
644
686
656
644
668
668
674
682
636
762
562
598
772
746
758
706
758
506
746
722
740
794
774
760
730
780
790
832
784
774
814
778
708
702
716
746
764
728
694
698
670
670
632
598
610
638
628
660
664
680
730
746
512
540
634
668
688
700
750
700
764
772
736
640
740
618
716
552
518
646
538
552
818
834
794
854
830
754
786
798
708
750
852
816
796
756
812
862
810
848
850
858
806
774
550
708
786
740
832
868
856
894
814
808
836
778
752
768
832
594
532
746
680
704
668
634
666
632
626
588
652
700
738
648
760
752
768
756
700
748
696
680
732
728
744
766
698
706
718
700
686
730
698
698
740
766
722
728
830
800
758
746
786
700
690
620
654
732
668
782
794
860
796
842
792
788
770
704
770
754
722
718
808
804
768
768
716
680
668
636
662
718
758
796
748
744
758
810
522
600
806
764
762
760
822
772
786
732
738
778
760
760
756
702
660
736
738
758
816
780
732
730
710
646
652
624
682
682
706
798
828
822
830
808
792
738
714
872
682
676
738
734
734
658
668
710
668
686
608
642
636
648
734
732
748
808
796
814
756
728
580
710
684
758
690
710
732
772
848
770
866
880
868
848
784
824
810
714
808
752
726
700
708
718
686
714
722
678
700
714
692
668
668
648
674
616
622
820
634
622
676
772
736
718
744
760
712
608
512
762
764
512
608
658
716
664
656
696
778
664
678
668
778
538
614
632
674
502
792
730
706
700
760
716
728
788
718
682
682
716
798
720
678
618
634
636
668
800
580
602
774
544
774
656
692
680
532
572
736
536
850
900
814
802
588
678
716
630
732
684
758
566
788
802
724
684
768
704
684
678
752
768
796
842
784
788
770
714
718
680
698
682
686
708
632
770
760
798
814
848
816
826
688
672
652
698
728
754
716
780
788
772
666
760
756
698
722
768
508
556
662
746
724
796
684
760
768
714
774
768
748
664
710
696
666
646
660
712
780
846
848
850
860
798
802
828
544
780
742
682
704
688
800
880
904
810
772
746
728
762
850
512
578
608
628
690
762
802
764
680
680
808
586
786
722
692
618
766
530
674
708
768
798
782
758
716
716
904
706
666
774
774
818
802
776
688
752
782
802
848
740
736
810
800
724
680
770
788
808
766
700
664
754
798
794
778
722
742
816
838
834
776
722
744
732
730
704
740
754
854
838
806
834
526
642
768
688
502
554
742
536
806
690
736
798
850
854
742
756
816
818
736
678
682
664
668
758
844
864
828
740
766
786
776
732
660
634
636
620
626
688
748
818
764
850
770
856
566
880
802
798
612
598
818
708
792
762
770
700
652
702
666
638
646
670
764
784
876
578
810
750
728
792
724
736
706
698
778
772
800
736
708
802
808
776
814
784
818
836
798
802
760
794
794
742
758
800
814
766
746
806
800
822
814
734
738
794
738
688
726
754
822
736
726
714
764
864
810
712
768
732
752
706
702
732
770
816
800
858
850
848
682
732
526
784
516
590
520
766
690
768
834
798
734
740
792
872
846
752
780
820
524
566
790
814
792
766
744
772
750
736
658
672
646
618
618
632
686
798
824
840
796
892
518
600
756
798
738
748
776
794
782
716
758
774
778
802
734
734
786
704
736
780
846
880
782
806
810
860
736
798
758
878
720
668
768
806
942
782
706
740
538
770
910
674
678
678
710
684
660
682
686
672
680
614
664
604
714
732
758
766
718
720
756
722
704
764
734
804
730
806
714
798
826
628
618
662
702
546
760
786
754
756
682
768
772
700
742
750
810
818
808
796
638
814
660
542
552
860
860
846
888
832
862
804
784
806
570
544
530
744
784
770
812
616
596
816
568
612
760
692
682
710
642
616
644
620
674
# end time: 2015-01-31-20:36:49, 1422754609.04
