# R wave intervals in milliseconds per line
# start time: 2015-11-28-22:15:16, 1448766916.28
690
704
686
684
698
720
684
650
664
674
632
668
666
668
640
682
710
696
670
704
722
722
698
694
712
710
676
702
708
768
706
650
696
684
682
642
674
700
676
610
642
662
686
700
682
640
628
640
640
644
638
632
630
630
636
624
608
582
634
630
656
684
668
694
732
732
726
718
744
754
768
748
732
744
738
746
738
682
692
698
706
682
672
746
814
828
792
776
808
798
744
720
738
744
704
716
760
722
672
720
750
770
732
804
820
788
742
772
790
774
734
770
784
776
708
744
770
780
744
720
746
738
700
660
696
712
720
664
694
694
672
692
720
720
682
708
722
708
682
690
710
732
698
708
744
694
634
632
632
638
648
634
634
664
698
682
718
700
738
718
696
712
692
666
634
672
704
730
746
720
750
758
742
698
694
734
762
736
722
782
794
800
742
762
760
744
682
710
734
734
690
712
784
784
742
760
774
768
694
714
724
714
670
662
692
708
678
662
646
696
736
754
744
778
768
754
690
712
734
746
726
690
730
764
744
692
736
746
732
694
722
730
704
728
754
778
748
690
726
746
756
702
710
748
764
734
722
792
768
724
710
736
752
706
688
730
772
740
690
752
776
746
676
700
682
738
770
784
774
712
706
736
724
728
708
686
750
748
730
684
698
724
734
718
710
742
738
748
696
710
724
728
694
676
724
744
754
706
712
740
744
746
712
726
736
722
676
682
694
750
704
690
732
750
752
702
704
728
720
696
670
712
750
758
778
800
802
752
746
752
718
676
708
742
768
712
738
770
760
716
758
754
708
674
714
714
688
666
690
694
660
642
646
704
736
672
670
680
684
670
630
634
652
668
676
650
628
666
688
708
712
656
686
706
722
732
710
718
746
734
710
712
740
756
764
732
760
762
726
670
688
736
742
718
762
790
790
734
710
744
726
730
684
732
758
748
732
760
756
670
622
618
536
524
638
694
700
672
656
658
656
652
644
642
644
640
640
642
652
642
638
646
666
680
678
664
668
688
710
720
700
682
682
668
668
664
652
636
626
622
630
638
674
716
732
720
678
704
666
654
650
664
692
698
674
682
702
706
694
670
678
704
724
742
714
664
692
702
688
652
616
628
672
730
776
752
692
716
732
724
688
670
700
712
690
654
640
674
700
714
694
666
688
702
666
648
654
656
640
626
640
670
698
716
724
710
674
658
696
714
698
684
724
738
728
690
658
686
698
716
694
650
684
704
704
680
654
670
690
684
654
634
660
688
706
682
690
744
750
730
678
664
672
658
646
616
724
788
856
848
808
848
838
776
694
686
702
702
676
658
650
708
790
816
758
714
740
740
692
704
704
712
720
702
660
702
742
788
808
778
740
776
780
772
728
674
692
710
724
724
692
726
742
756
724
694
744
772
772
720
682
720
732
722
678
680
698
696
680
626
648
688
730
746
700
738
736
714
666
654
696
722
740
736
686
712
744
748
742
718
670
674
704
724
700
698
730
734
734
688
660
702
706
706
676
648
640
652
682
742
788
792
768
704
702
706
702
646
648
654
666
678
676
650
668
682
676
676
654
642
662
686
700
680
666
694
692
684
642
660
678
684
696
688
704
724
702
662
664
694
702
732
704
650
668
696
702
714
670
654
690
704
716
682
700
720
730
708
674
708
722
726
714
674
704
718
714
702
640
692
690
702
670
688
700
666
636
654
686
692
662
630
656
680
694
624
646
626
618
632
604
560
592
558
598
798
798
754
748
716
702
636
596
606
622
646
712
726
702
672
664
666
582
606
598
592
622
634
648
654
648
636
626
610
592
618
570
600
552
578
622
648
702
762
756
746
734
730
698
648
638
620
624
638
660
678
706
720
718
724
702
686
688
670
718
678
674
676
672
666
666
672
682
674
642
672
684
706
664
656
660
600
586
594
604
668
840
830
814
848
798
764
720
686
648
666
616
616
628
638
640
676
704
754
742
756
660
668
622
612
614
600
598
590
614
650
716
766
768
714
700
718
728
706
690
726
760
770
734
734
764
780
784
752
722
730
734
750
734
744
758
776
768
738
710
718
758
776
734
698
714
722
730
682
646
674
686
694
684
646
672
700
730
702
668
694
752
718
696
682
688
688
696
582
600
630
814
882
852
862
864
842
868
798
752
714
680
638
622
596
662
670
680
736
762
768
734
748
792
830
842
802
782
756
740
704
714
736
752
754
728
768
746
728
674
628
636
614
606
598
584
564
566
616
696
736
702
698
750
768
752
714
682
696
698
722
716
694
706
708
672
678
594
634
682
748
814
816
784
774
794
794
722
672
728
766
736
750
748
784
700
726
754
750
684
630
670
694
712
690
698
684
646
628
662
624
626
626
620
606
604
634
664
680
670
650
658
654
652
658
640
634
622
608
602
586
584
564
556
620
642
662
650
622
602
602
620
632
638
626
638
660
678
668
616
586
612
618
636
674
712
708
686
634
596
628
650
652
682
696
624
644
540
582
594
620
628
684
722
732
708
666
604
630
600
598
590
594
602
622
658
682
678
654
622
660
714
660
632
600
602
610
736
840
828
744
704
698
700
650
638
632
656
674
706
712
750
790
752
694
686
676
676
694
684
716
736
754
794
748
710
700
704
726
736
704
684
706
720
722
686
664
702
734
742
694
684
710
720
714
672
658
692
694
678
650
644
680
714
754
704
676
704
666
654
648
638
638
612
622
628
628
640
638
646
640
630
614
586
614
594
724
764
764
720
692
692
686
670
694
696
666
618
610
622
636
652
686
702
682
666
672
682
710
746
766
814
814
790
754
724
650
646
632
622
602
602
628
674
780
792
764
770
780
762
724
652
636
640
652
666
656
638
646
644
636
644
634
626
612
608
590
582
592
626
758
730
754
744
736
720
738
694
652
644
644
628
610
600
590
604
626
644
658
688
734
726
722
702
688
676
670
692
712
756
752
722
678
672
712
722
732
722
668
632
626
618
624
650
734
778
760
776
798
840
810
744
682
674
698
738
740
714
668
664
698
704
678
660
656
644
640
630
630
626
620
592
626
592
590
562
614
636
704
668
674
690
678
638
604
606
598
602
614
612
624
630
676
680
674
712
760
768
810
768
748
726
716
778
750
716
688
684
694
676
698
718
726
718
698
674
632
602
600
608
618
638
648
668
702
718
710
676
636
640
644
654
650
634
634
642
658
686
694
678
652
640
642
646
636
634
636
622
624
616
608
596
594
586
580
580
588
608
718
748
684
680
626
630
646
638
636
650
654
700
742
764
784
812
766
680
696
684
676
660
658
