# R wave intervals in milliseconds per line
# start time: 2015-04-25-19:00:26, 1430002826.29
712
702
728
716
674
610
652
664
718
756
746
670
714
716
852
816
846
830
840
848
866
764
782
814
834
884
834
798
818
800
784
700
700
702
748
782
820
764
818
820
764
834
784
730
712
702
768
832
866
822
716
698
616
634
654
664
732
706
790
868
768
732
784
816
836
822
740
720
704
764
764
820
750
778
784
818
834
784
818
866
846
866
820
820
828
818
834
768
798
900
882
822
802
796
732
754
686
732
794
754
686
734
776
772
798
830
872
818
732
778
788
800
850
804
812
880
856
792
764
744
834
868
880
868
866
848
772
682
736
766
864
866
864
854
750
756
748
778
802
792
794
814
736
682
764
776
794
730
796
788
850
820
786
752
824
850
854
868
834
912
870
868
812
884
836
832
768
730
752
798
782
750
742
766
834
782
714
710
672
732
782
798
736
764
804
782
786
684
666
742
738
792
786
752
768
830
770
736
748
798
798
780
748
776
814
824
810
750
768
756
754
748
762
756
812
854
848
818
798
788
844
772
718
686
678
696
770
734
754
742
804
768
768
778
718
768
760
668
638
598
630
636
680
738
734
678
732
708
716
736
730
716
682
732
766
826
804
720
628
670
684
626
622
660
682
656
654
658
660
646
594
606
616
612
616
606
580
602
562
620
610
612
630
590
610
552
654
786
784
766
686
700
648
880
592
566
586
570
644
652
718
766
836
826
788
764
754
764
716
684
716
812
872
850
830
870
866
850
798
738
730
784
746
706
750
814
850
770
748
794
788
732
682
716
772
832
800
766
798
850
750
734
736
810
804
796
766
800
802
766
766
782
820
796
800
766
788
782
782
704
716
684
676
618
638
634
862
884
886
866
802
814
800
784
798
722
744
838
848
898
880
900
882
838
750
814
804
744
738
746
850
868
864
848
850
852
848
800
768
768
820
780
784
828
854
812
786
800
814
850
798
786
822
798
782
698
730
752
782
734
718
774
756
684
700
602
614
632
750
822
748
778
768
768
796
686
650
748
782
832
806
760
806
814
850
816
798
764
822
828
854
768
814
830
816
786
766
814
784
718
762
722
728
750
682
738
794
768
700
730
804
784
780
684
632
650
686
700
730
818
832
882
782
800
818
818
828
820
764
800
816
834
802
778
784
822
782
830
768
794
840
812
800
744
754
770
764
698
750
764
802
768
762
836
800
768
714
784
782
834
780
800
820
830
782
754
780
784
756
696
680
650
682
820
764
800
798
834
816
768
750
800
798
764
702
748
800
834
784
750
814
786
734
714
734
796
814
822
760
820
798
848
798
754
800
800
766
716
782
800
772
776
784
798
700
734
766
800
800
698
768
798
802
748
784
780
848
818
770
748
830
824
774
752
750
768
778
786
752
794
852
828
790
764
828
802
780
722
732
820
780
830
752
778
786
796
752
766
798
802
782
770
716
794
800
802
768
778
788
784
798
712
668
670
694
782
718
766
814
818
770
694
764
768
784
718
682
700
782
768
714
730
758
708
672
664
748
750
672
642
722
748
768
744
738
684
746
734
746
766
718
750
732
750
714
732
740
746
800
734
750
806
776
748
716
732
816
800
720
712
702
632
682
700
682
686
702
714
782
748
684
700
782
800
756
740
786
818
812
786
750
764
818
782
716
766
784
796
820
768
794
794
762
682
748
748
784
734
718
732
832
786
762
784
750
784
716
668
732
764
766
730
774
780
816
752
798
798
800
784
702
778
754
766
766
718
796
790
794
788
708
688
650
700
714
668
652
680
750
780
790
794
750
768
766
766
752
752
762
832
802
818
770
812
836
830
820
830
804
782
778
752
770
782
814
748
784
806
762
748
736
748
734
686
728
706
726
706
680
734
766
754
680
732
734
746
754
698
714
740
750
796
732
732
772
798
764
754
762
818
770
728
754
778
738
650
646
570
728
870
868
850
782
836
810
836
838
780
766
720
712
788
810
818
818
814
768
816
802
812
820
798
786
786
832
812
788
746
756
760
818
802
800
836
814
770
780
786
780
768
736
798
818
830
818
782
768
766
782
718
702
734
766
770
700
780
786
800
784
720
728
786
782
782
734
748
770
782
768
740
774
834
800
770
712
704
720
730
700
680
688
722
774
808
794
836
834
832
586
978
756
744
770
700
730
750
772
764
734
684
672
678
784
734
746
800
796
790
754
748
812
788
782
766
754
816
816
780
818
814
818
800
788
814
818
780
768
768
766
786
764
714
718
702
680
686
584
716
650
722
744
768
696
738
766
778
772
746
718
684
716
718
748
752
668
746
782
820
816
766
700
650
732
648
674
780
846
814
788
818
816
798
784
750
830
804
786
830
814
818
814
806
778
788
782
828
784
782
818
802
742
726
816
832
838
780
806
762
818
764
732
764
818
822
834
760
808
798
862
820
786
794
852
832
772
716
782
802
814
754
744
836
820
814
718
798
820
844
818
754
782
804
812
784
722
760
818
832
800
788
832
818
780
718
768
798
800
738
764
816
786
732
730
726
760
832
782
770
814
806
782
730
720
766
782
734
642
660
716
652
682
684
716
616
668
700
738
746
786
700
698
714
722
700
696
652
720
760
852
836
816
816
882
854
848
802
750
816
798
796
772
750
798
798
770
716
714
732
740
814
736
714
784
750
666
648
718
704
700
716
752
684
650
644
684
688
614
684
704
716
830
818
782
802
832
816
852
786
832
850
848
768
804
796
818
700
680
718
732
740
554
596
632
702
798
818
836
764
814
716
688
734
766
768
686
746
764
786
806
758
788
832
864
884
848
818
820
832
830
786
804
810
854
798
784
782
784
788
784
684
682
612
698
724
818
844
788
798
834
782
702
634
648
696
768
818
802
764
818
806
776
756
730
764
782
788
830
834
856
834
858
792
782
832
764
736
768
796
852
822
660
606
678
704
662
738
800
816
862
822
746
802
800
802
858
790
716
744
808
850
914
882
784
736
746
726
714
736
774
758
756
828
862
882
820
848
834
818
778
788
818
828
854
782
800
842
834
788
766
798
838
850
832
818
864
854
844
800
824
826
878
822
800
872
862
862
820
802
830
846
804
754
776
800
824
782
810
822
820
850
786
792
822
782
782
766
784
794
776
742
806
816
818
794
738
782
788
782
752
776
768
766
684
684
718
762
804
780
768
798
820
834
804
796
790
786
842
800
826
806
882
786
702
750
800
806
860
770
742
756
682
604
612
588
660
768
786
816
836
836
846
814
790
716
746
702
632
616
618
648
704
796
836
852
832
836
784
802
710
732
766
800
818
830
834
784
786
816
820
846
850
804
800
748
788
814
832
884
882
804
830
854
798
780
700
734
780
804
812
768
800
826
790
720
780
772
846
784
732
802
794
790
782
784
786
846
804
718
798
796
770
716
766
800
818
798
786
794
840
780
748
774
800
814
770
780
798
806
764
766
764
780
754
752
684
680
668
718
734
748
636
686
748
770
794
736
698
748
768
768
802
788
726
770
752
714
716
700
716
664
622
708
622
680
790
810
832
784
832
816
804
734
716
648
634
646
700
784
836
832
854
832
818
862
768
680
620
716
734
752
812
820
732
814
836
864
858
826
866
836
814
848
758
746
776
774
798
720
800
778
802
860
862
798
798
714
756
788
746
792
808
846
914
870
834
834
882
850
866
872
846
898
880
852
848
818
814
806
802
832
812
836
850
822
790
812
856
834
780
792
830
828
752
770
828
812
758
726
770
770
766
768
698
714
756
760
756
758
822
846
802
738
792
790
796
800
756
796
830
830
830
790
812
866
848
798
820
870
850
782
818
812
852
776
792
816
766
746
754
800
830
816
838
816
814
852
812
800
820
830
786
700
662
668
648
668
752
850
850
800
826
808
784
728
800
802
832
834
798
800
832
824
812
816
834
830
886
842
792
812
854
814
838
798
832
832
814
774
800
808
808
742
782
788
798
750
768
818
832
830
818
798
830
838
846
788
802
860
866
856
796
864
848
850
802
834
838
812
814
776
816
794
838
790
758
826
838
820
762
810
824
830
786
814
834
850
816
802
828
866
816
734
754
760
722
680
652
732
814
854
850
816
832
834
818
768
736
764
794
780
706
638
636
728
750
812
806
732
760
738
764
766
754
688
692
736
714
668
700
768
818
846
818
814
820
830
786
698
636
666
666
754
824
878
766
770
778
834
778
738
684
764
834
850
854
802
800
814
852
862
842
826
804
752
818
834
848
814
784
820
810
844
774
752
724
758
820
666
664
652
718
786
814
718
630
648
656
732
812
714
686
728
778
782
752
698
758
756
782
790
730
788
796
866
834
818
854
826
850
762
792
808
820
810
758
684
686
694
724
728
704
746
838
816
850
864
854
832
782
738
778
750
704
746
800
752
680
734
784
786
570
630
722
796
816
802
734
784
818
834
812
770
800
798
772
702
750
762
816
850
822
810
858
850
832
844
802
804
814
784
802
812
826
814
780
822
812
798
754
714
734
756
758
674
764
770
780
750
620
616
552
618
740
818
838
862
840
848
820
718
730
742
760
854
796
832
824
808
798
760
748
832
844
848
874
866
816
834
824
828
830
804
754
794
816
804
748
714
718
770
820
844
804
794
802
788
766
726
706
780
782
790
748
818
834
830
820
784
776
756
718
680
732
756
798
798
784
818
802
768
762
772
794
800
744
776
850
816
786
762
800
716
670
650
646
634
670
738
742
850
886
886
900
880
800
784
770
796
764
740
800
882
846
752
800
798
766
736
730
784
788
734
780
830
842
860
800
786
814
806
794
822
836
842
788
782
800
800
750
654
728
764
774
762
684
738
764
816
746
752
782
768
688
634
632
632
632
652
666
768
748
714
752
748
718
706
732
654
658
622
662
684
748
722
728
750
724
778
856
864
862
806
798
750
728
708
716
794
778
724
716
716
788
832
850
830
784
816
814
832
806
784
814
846
854
802
768
816
830
784
702
734
766
784
748
700
770
834
834
748
788
748
716
666
636
682
678
738
686
670
678
738
730
684
666
718
702
698
636
664
664
668
632
638
648
682
674
634
684
696
728
740
718
700
762
774
798
750
772
734
796
748
700
716
740
748
680
622
696
720
746
790
836
846
894
852
804
832
828
790
718
710
740
796
806
832
840
830
844
868
818
804
834
832
802
762
832
870
866
812
772
780
782
738
668
714
738
768
796
678
652
640
676
720
778
788
822
828
818
768
764
798
836
836
822
810
836
814
802
764
792
810
800
780
820
854
882
818
864
846
836
802
820
830
890
876
836
850
884
850
764
800
806
752
758
738
796
822
818
840
840
864
850
828
758
788
814
832
796
776
796
770
784
730
782
770
696
698
728
788
830
822
772
800
850
844
788
734
756
794
758
772
864
854
836
828
820
828
822
768
778
718
690
726
802
816
786
806
876
734
734
778
800
800
820
814
854
870
780
776
758
830
840
842
766
774
764
774
692
684
656
644
682
822
862
948
920
912
888
864
830
772
728
738
768
766
716
634
650
668
728
800
850
854
828
740
762
784
752
800
770
736
806
798
810
822
766
802
838
830
802
746
760
792
806
826
774
826
852
868
850
820
850
830
812
764
816
838
850
814
706
690
724
718
728
748
752
802
820
812
754
780
800
758
674
698
688
752
696
702
710
802
834
782
736
770
754
710
698
658
742
750
786
732
768
746
736
768
800
864
800
810
820
776
712
680
650
686
766
848
802
798
840
852
786
810
814
822
828
752
802
838
824
816
770
812
838
848
828
776
848
826
742
700
616
670
704
766
792
756
788
876
854
796
788
734
778
776
726
754
780
816
800
752
770
764
832
766
730
774
760
782
722
748
784
810
756
816
848
822
764
784
702
680
734
714
706
660
754
778
816
786
732
768
784
794
740
766
812
792
780
714
762
772
748
720
646
698
700
700
668
632
604
568
796
890
874
916
886
870
844
820
802
798
776
764
806
792
802
802
858
834
834
802
750
718
668
652
654
662
732
830
892
880
918
886
834
860
804
752
762
784
800
834
838
824
844
830
838
864
858
866
808
768
768
786
790
728
770
798
800
766
774
792
784
716
688
732
768
784
754
760
830
822
782
776
758
788
724
654
666
704
750
750
700
754
778
760
708
668
668
684
698
654
718
728
818
826
826
762
756
778
774
778
748
768
800
822
830
738
720
742
654
628
654
682
738
778
822
860
856
850
832
816
802
828
750
674
682
750
746
716
682
702
740
792
746
704
732
734
724
714
696
720
762
784
788
728
754
816
834
830
818
790
778
816
718
656
678
736
786
782
782
700
684
680
734
684
698
750
764
770
748
734
702
698
752
800
832
818
780
820
830
832
812
774
788
832
848
844
828
798
832
816
766
754
764
850
800
818
846
864
834
820
850
846
820
760
756
790
808
800
812
836
838
812
756
758
716
652
618
616
656
712
780
756
812
804
732
766
764
816
816
750
760
760
834
796
756
796
820
812
748
768
790
828
836
850
872
864
812
818
848
850
854
830
814
832
834
802
748
752
798
822
792
780
782
776
812
692
678
686
662
670
626
676
708
672
650
648
702
702
664
616
636
650
692
740
732
664
664
722
746
742
660
610
612
644
668
672
656
636
688
734
726
788
834
836
800
774
676
710
678
682
686
656
704
734
812
716
716
752
816
782
768
768
828
838
816
794
828
810
802
738
646
702
694
738
722
760
800
878
870
814
788
834
820
848
766
798
822
810
814
790
850
882
852
826
856
864
816
804
844
840
764
672
678
650
672
728
688
634
704
780
844
878
860
834
850
832
844
806
778
814
794
848
852
808
798
756
798
706
630
704
768
842
804
860
842
844
816
814
824
816
842
774
766
778
768
732
688
726
786
770
704
762
796
796
740
718
754
780
848
814
784
772
680
664
598
602
592
662
712
694
760
784
798
740
662
644
688
768
816
812
770
778
788
786
760
752
734
760
790
838
794
828
844
864
806
854
860
848
812
812
844
846
808
804
852
834
802
806
826
782
750
748
762
806
678
660
722
758
814
778
808
842
840
818
786
796
844
734
778
770
642
664
626
684
708
752
778
824
834
822
810
754
688
722
738
804
808
742
708
736
760
782
756
760
826
846
846
762
776
786
786
780
750
792
800
808
766
764
814
816
834
818
836
868
834
796
846
832
808
790
816
816
808
726
710
682
704
850
824
810
820
820
766
694
734
772
812
796
778
842
826
784
752
808
756
728
620
682
702
688
654
624
638
888
902
846
824
794
782
738
698
688
682
698
690
690
720
692
680
718
790
742
728
732
804
812
812
800
800
806
822
846
850
852
814
846
840
864
876
868
846
854
852
830
760
784
794
822
802
812
844
776
636
654
696
762
804
736
674
712
720
720
706
680
700
782
822
824
816
814
784
768
780
792
760
734
734
770
768
762
766
784
780
740
666
726
746
788
768
718
754
766
750
704
692
722
736
730
708
712
750
738
676
666
630
638
682
760
760
782
804
824
766
776
784
824
808
832
808
842
848
816
756
770
752
768
726
696
770
760
648
622
660
694
764
848
832
840
826
812
798
730
702
718
732
732
742
742
762
738
716
680
672
648
704
694
686
662
678
776
806
882
788
786
772
778
738
658
682
698
768
832
858
844
786
862
840
850
832
750
746
778
744
748
642
636
670
750
838
852
828
758
842
854
872
840
782
774
712
682
694
716
674
686
692
760
724
688
728
828
812
788
774
806
828
802
718
746
746
744
694
654
700
734
804
836
828
836
840
836
796
730
788
814
830
796
854
868
890
782
788
792
784
722
740
796
828
768
734
772
712
672
616
714
746
780
838
746
746
782
788
808
790
740
800
786
780
744
688
754
772
830
778
788
782
798
788
758
704
732
756
778
760
758
796
794
808
816
746
726
750
768
762
734
702
768
794
802
748
764
774
768
672
654
612
572
598
732
768
798
808
828
828
780
794
704
636
666
636
632
638
630
608
614
620
632
644
686
740
768
784
790
762
774
750
738
718
674
698
752
808
798
840
820
760
774
788
784
780
744
708
750
770
764
712
654
738
760
794
774
698
696
708
710
728
698
702
722
732
704
710
730
718
720
666
654
682
668
648
676
726
720
748
796
782
826
712
686
744
718
760
714
702
736
792
772
726
632
664
710
736
788
744
790
826
822
796
774
792
780
772
724
716
738
774
798
744
662
674
694
718
768
736
744
680
690
684
708
730
786
758
768
784
768
754
746
706
714
760
770
794
680
640
658
650
654
714
786
844
820
778
774
788
788
788
744
666
710
720
736
770
790
760
780
810
822
782
812
788
802
798
782
784
792
808
828
844
840
830
826
840
806
806
850
786
726
752
776
768
712
750
814
774
712
738
752
752
686
726
732
804
744
742
762
702
700
634
692
730
756
726
702
736
738
722
734
778
802
812
800
784
814
808
802
736
774
800
804
814
796
806
824
808
782
792
786
800
778
760
768
824
804
758
826
814
798
726
702
728
744
778
768
804
824
824
802
802
814
798
764
726
740
750
772
786
814
822
782
712
720
764
800
788
722
746
776
786
738
714
690
660
666
666
690
636
688
732
788
812
732
670
672
716
738
762
788
760
706
636
616
664
678
808
830
820
762
716
702
676
668
656
650
702
710
746
746
722
698
572
682
680
666
624
546
566
546
586
604
674
740
766
700
646
686
688
648
688
780
826
836
882
850
852
848
858
846
852
864
838
868
872
878
886
870
838
870
870
860
852
854
856
796
786
836
774
682
684
700
700
706
616
646
634
658
696
752
760
678
758
786
796
696
702
728
746
722
718
768
792
776
760
714
728
718
696
762
846
836
786
726
692
756
770
796
798
778
816
806
772
718
756
732
694
742
738
712
714
774
788
788
734
676
674
696
700
668
724
780
802
794
704
694
748
786
812
754
716
796
800
734
706
724
730
744
660
652
622
672
720
798
844
818
754
674
644
584
616
602
598
604
632
646
638
664
634
618
650
684
746
740
738
804
778
708
664
658
674
702
668
662
672
686
718
778
832
820
750
696
682
660
672
672
694
716
676
674
666
666
684
720
796
816
808
774
606
612
634
630
614
604
618
614
604
648
666
700
714
716
722
666
712
700
718
734
736
660
672
610
636
646
720
778
804
772
708
736
748
772
800
796
714
690
730
762
786
798
704
760
770
802
764
690
732
824
834
834
766
718
746
738
730
674
660
752
834
816
816
814
814
784
684
698
718
736
768
742
816
876
876
834
802
864
830
786
784
812
806
748
802
830
816
786
710
772
810
888
830
764
784
766
696
654
686
734
800
746
814
838
814
784
746
802
798
780
652
636
646
634
686
784
784
796
848
836
802
700
646
718
740
792
848
796
826
814
846
734
750
770
780
736
666
750
764
760
708
662
652
702
742
754
752
682
720
644
672
628
636
672
726
772
776
682
604
616
600
616
646
750
822
830
832
798
752
750
756
728
780
700
656
682
682
664
762
822
896
868
854
734
730
718
734
764
782
794
790
766
698
602
666
674
674
696
658
800
898
880
786
866
852
848
798
738
772
744
732
650
688
666
678
714
736
690
714
814
836
816
682
668
632
664
656
660
720
780
824
860
818
820
838
832
852
726
748
756
780
804
806
726
804
800
732
668
698
722
714
712
786
864
878
812
852
818
866
814
688
666
728
670
716
748
756
730
732
650
666
670
736
754
830
750
768
780
804
746
682
650
698
724
766
784
794
722
780
866
820
782
702
732
750
720
702
664
654
696
734
764
752
684
678
718
718
734
718
668
732
734
750
748
684
696
726
732
742
788
736
678
664
642
698
668
662
656
646
684
680
668
650
734
786
798
784
732
752
750
752
716
684
738
762
796
784
750
786
850
852
850
800
784
798
782
736
736
794
834
800
718
766
780
790
752
728
698
724
710
774
706
664
628
682
662
704
806
772
774
764
806
762
746
674
698
700
664
612
652
650
672
710
756
770
680
760
772
804
810
750
668
668
706
714
810
786
730
690
764
798
718
668
668
662
636
616
636
752
778
798
806
784
726
736
652
664
618
632
586
586
614
600
580
584
646
752
784
720
768
836
830
750
724
726
804
816
832
812
800
752
716
730
760
784
790
750
722
716
682
652
670
716
770
776
700
654
666
704
698
736
668
694
672
712
748
786
814
736
738
778
774
764
714
684
716
738
796
770
710
804
858
860
818
846
834
836
816
784
798
802
774
724
770
734
746
650
666
686
718
750
668
664
678
720
776
758
782
806
794
788
718
762
766
782
770
704
728
802
800
784
762
834
816
788
730
756
760
804
728
752
794
826
848
814
822
796
770
696
734
764
776
728
766
768
796
770
780
800
786
750
684
712
704
700
662
702
748
786
738
732
800
752
714
736
700
750
712
718
750
752
734
712
756
716
716
702
764
796
804
764
786
766
752
786
696
696
706
682
650
698
750
854
780
780
772
752
662
662
670
720
796
838
798
800
828
812
708
746
742
792
770
724
776
812
820
752
748
796
842
812
834
836
864
848
832
784
806
816
812
812
756
800
846
820
800
768
818
820
830
752
746
752
748
686
636
682
664
716
836
878
790
792
824
830
772
724
734
738
734
698
722
732
814
752
752
782
800
796
736
776
784
774
704
746
778
776
722
774
772
776
782
710
714
780
716
684
732
740
812
750
716
734
738
762
702
714
732
736
672
644
660
610
680
684
674
740
820
834
766
754
766
800
752
684
750
726
772
718
702
750
796
786
716
764
750
738
748
730
768
802
798
718
734
718
734
716
678
724
796
806
758
786
764
832
770
734
750
764
732
734
772
802
796
722
744
764
770
714
702
766
798
816
722
698
734
736
682
686
674
654
700
732
806
814
732
754
764
738
712
682
724
776
820
782
736
752
816
802
744
708
760
770
764
684
614
624
646
682
784
870
878
822
860
850
826
742
706
634
652
656
742
794
802
782
756
798
714
624
650
626
648
666
656
652
698
748
800
802
798
736
632
698
652
682
736
750
832
802
768
696
748
768
752
764
752
754
660
670
684
686
724
736
782
834
804
802
808
858
836
842
812
814
826
870
828
758
778
820
816
750
682
732
750
784
762
722
738
766
714
652
688
700
782
796
680
622
656
644
710
778
810
830
766
802
816
806
750
728
788
822
788
790
862
860
826
818
842
834
836
820
788
806
788
830
804
802
828
836
834
780
804
822
832
802
804
800
802
806
732
768
786
776
782
698
736
742
726
670
726
740
746
696
708
746
818
750
732
748
738
712
704
716
786
746
704
762
762
776
716
714
698
652
638
676
700
670
720
744
806
778
730
768
754
766
738
744
770
742
692
734
764
788
776
762
750
778
776
744
706
708
794
754
710
754
770
782
756
702
732
780
748
748
712
770
792
796
748
814
820
830
804
736
762
756
762
752
760
798
804
810
760
782
800
780
762
764
810
790
742
768
770
776
720
754
780
768
712
728
744
734
758
670
686
700
720
692
652
634
650
684
720
688
680
762
784
796
768
720
732
744
660
626
684
720
792
806
836
750
794
774
788
774
718
746
768
806
814
796
770
800
800
792
780
764
776
812
776
768
758
780
798
778
734
752
764
758
740
718
784
798
810
790
772
800
764
734
716
680
712
738
770
766
706
756
782
790
752
732
776
794
782
714
744
756
764
736
712
754
736
686
660
654
652
692
754
752
670
688
706
720
750
738
684
730
748
752
766
748
704
748
766
788
796
730
746
794
802
810
748
782
804
816
788
794
806
800
766
720
746
766
788
762
780
816
808
760
720
770
786
780
750
750
816
802
762
766
764
770
780
706
720
758
788
780
718
740
692
656
664
718
702
662
734
734
754
732
748
770
796
800
760
740
784
784
766
714
688
774
752
726
714
794
786
768
730
786
772
770
706
698
738
800
818
808
772
816
834
802
826
750
770
762
690
660
668
720
762
728
746
744
796
748
666
708
718
730
700
700
692
678
746
708
660
724
706
768
714
652
602
536
614
712
784
828
872
870
882
884
870
828
838
762
726
592
630
620
642
708
786
824
806
812
878
874
868
836
800
732
784
784
788
840
804
780
750
766
780
756
686
684
668
716
764
796
800
768
736
760
740
734
714
746
768
786
798
754
732
744
758
744
692
744
766
788
800
800
814
822
762
768
774
742
686
696
720
764
756
698
748
740
726
686
718
698
682
636
618
616
604
598
608
594
594
654
670
714
820
786
842
800
712
692
690
672
682
692
672
628
616
618
664
724
820
862
840
782
816
812
758
780
732
716
756
794
820
830
804
792
822
788
748
684
664
692
702
702
678
674
710
800
844
864
854
824
810
802
738
710
656
652
658
708
760
864
788
786
796
750
720
676
648
696
692
734
650
728
736
764
804
802
796
752
686
650
644
656
680
764
752
714
730
752
774
746
752
714
808
830
848
856
840
808
792
734
706
630
546
588
584
600
634
732
804
826
818
752
774
778
826
808
786
810
868
802
732
686
658
718
720
906
962
936
912
920
914
890
844
836
804
778
770
782
800
802
782
752
766
794
774
800
768
802
802
794
772
800
800
780
706
742
754
764
736
718
778
786
774
712
740
712
764
730
718
766
774
776
708
724
734
742
698
718
714
708
728
712
784
800
734
692
714
660
722
734
768
724
748
788
802
792
780
806
814
804
738
658
684
734
734
754
726
676
700
822
834
868
854
812
822
826
806
746
658
648
674
746
844
904
890
876
890
860
828
724
746
776
814
786
786
826
832
802
848
852
830
798
810
846
832
786
792
804
802
754
760
852
836
778
718
736
778
798
742
784
814
846
802
734
766
788
782
830
762
808
816
804
750
812
804
826
798
770
818
830
814
766
814
840
850
818
782
762
734
686
620
598
590
590
712
798
838
844
870
844
860
864
864
840
814
814
798
776
736
756
754
780
792
810
782
776
786
794
774
794
814
820
824
814
782
798
794
800
788
764
764
752
712
674
710
648
704
756
814
826
782
746
722
688
672
678
680
654
660
672
680
686
650
658
678
724
766
754
784
818
788
788
814
810
746
756
766
762
718
734
760
736
722
648
684
708
742
716
734
784
820
798
774
756
796
744
714
734
754
768
724
732
776
808
810
744
742
696
714
656
664
638
662
682
762
778
834
774
822
800
752
776
786
778
748
722
788
790
810
786
794
836
794
830
786
802
818
812
808
806
828
818
848
798
758
810
812
820
812
794
810
806
792
740
766
784
770
746
742
780
792
748
684
730
772
804
790
764
756
690
698
700
698
658
664
740
782
810
728
794
760
826
774
744
742
792
762
740
740
756
756
760
746
746
748
682
726
736
760
718
668
732
728
738
754
742
774
762
762
796
834
848
808
788
816
820
792
720
740
768
768
730
722
748
748
788
754
760
762
724
674
698
736
782
788
736
756
758
760
732
718
754
778
748
722
794
796
754
718
714
772
770
760
746
778
778
770
730
742
674
696
710
734
708
766
802
778
754
694
704
706
718
680
610
642
702
668
682
652
712
812
822
766
796
798
778
760
700
692
728
686
692
654
698
708
726
710
746
790
754
738
652
706
714
698
704
694
750
776
710
772
774
774
698
686
712
730
718
682
758
806
812
760
736
734
806
774
790
814
862
868
790
818
836
804
744
720
760
818
802
784
816
812
778
738
774
804
776
758
776
844
834
838
796
816
808
866
796
802
832
816
780
758
790
792
834
738
678
614
640
662
718
806
832
842
768
822
814
820
780
738
770
818
806
784
820
828
874
796
758
814
796
752
686
718
760
772
754
760
824
832
766
726
686
696
722
778
764
796
808
830
834
776
762
780
790
726
684
766
794
842
828
798
838
830
570
692
776
782
774
716
732
754
824
788
758
772
772
768
728
732
802
786
746
736
780
788
750
734
760
774
746
752
714
750
792
750
740
704
736
756
754
706
752
780
782
782
758
766
804
732
682
728
724
712
666
688
738
774
796
732
778
772
778
786
752
754
782
788
732
756
754
714
718
688
740
720
756
810
802
750
746
786
792
718
618
652
692
752
814
842
752
770
766
744
728
676
720
768
796
766
736
738
744
726
702
706
804
834
820
798
820
816
804
750
722
746
730
656
666
616
632
678
754
808
740
696
792
830
832
810
756
800
828
792
720
642
628
554
684
686
756
844
816
840
738
674
686
716
724
716
696
696
714
720
750
744
724
718
774
758
702
694
748
718
778
732
712
648
1278
1202
722
628
734
810
758
780
782
754
698
698
720
830
862
860
860
854
804
742
768
760
772
812
798
854
860
868
824
770
774
808
782
744
798
840
848
800
850
806
790
826
846
844
782
782
738
706
754
792
798
752
706
754
830
802
756
828
816
818
770
736
752
812
772
786
770
814
800
782
714
770
754
784
742
722
742
728
686
650
690
740
784
814
788
786
850
826
806
766
734
764
766
774
756
748
806
790
752
742
800
808
752
772
758
782
780
736
730
794
784
776
688
754
766
760
800
716
738
778
816
804
746
788
804
812
784
714
774
804
822
820
766
798
822
806
722
784
798
786
782
744
792
810
810
776
784
786
844
812
752
788
792
782
744
764
806
816
772
748
772
742
676
704
670
648
676
676
714
716
802
834
824
746
754
724
732
646
582
608
570
524
710
800
818
838
866
864
856
808
796
790
734
714
738
776
796
774
762
736
730
770
796
834
812
758
766
764
756
730
718
742
778
780
768
790
770
776
740
722
770
730
764
738
734
762
776
796
820
800
816
810
734
756
730
738
706
736
762
760
698
682
684
692
706
726
706
724
642
650
672
674
706
704
666
712
782
816
784
712
726
794
744
742
706
756
776
766
764
818
840
842
770
790
796
764
784
780
818
830
848
810
806
822
810
802
776
792
866
818
834
716
706
704
698
648
624
730
682
690
712
716
698
712
736
716
690
696
752
742
736
770
810
878
848
880
868
878
850
820
814
816
806
784
848
870
892
836
844
786
652
650
664
702
820
866
810
772
798
808
658
632
626
676
700
774
746
698
750
784
778
824
680
716
718
750
782
734
752
788
826
814
840
814
844
844
816
832
786
794
820
814
780
718
754
800
812
790
680
660
696
726
802
842
838
830
804
796
770
702
684
652
692
636
630
630
648
654
680
656
726
656
632
668
1718
1548
1520
1414
848
716
746
724
776
798
722
702
736
790
822
756
736
782
768
706
726
736
838
822
756
714
736
696
680
680
744
798
866
852
846
884
866
820
796
780
764
708
650
718
764
804
796
754
802
828
800
780
786
764
734
638
632
626
622
628
632
648
754
824
840
838
858
826
736
652
668
648
636
658
708
818
856
808
802
850
848
880
818
790
788
822
748
682
668
668
680
722
714
684
668
652
796
840
878
886
822
798
844
796
738
720
746
768
798
750
768
786
790
742
782
788
798
792
794
782
766
736
714
706
716
712
684
608
652
658
710
750
776
802
798
732
748
734
704
666
636
686
680
728
706
726
794
766
762
672
648
678
722
682
742
772
786
802
760
738
742
746
782
734
776
864
844
808
838
832
836
792
772
798
804
796
752
766
820
818
796
788
796
768
770
712
744
784
818
794
734
750
802
772
694
762
800
800
736
730
770
796
794
730
798
804
834
822
758
820
778
804
718
718
780
728
736
802
834
798
782
796
812
774
756
740
766
774
704
774
798
780
718
732
824
830
814
782
816
804
700
714
752
844
758
716
714
686
730
772
762
744
786
754
784
806
780
796
780
808
814
800
708
728
670
710
824
836
818
794
818
814
770
702
728
748
750
776
712
802
850
872
820
754
804
734
614
622
634
564
714
844
856
876
884
918
876
876
824
770
660
642
644
550
566
590
624
686
666
816
856
902
964
584
968
934
964
880
852
830
830
858
848
884
874
896
900
884
898
902
888
874
920
872
872
872
872
860
804
822
836
846
814
780
822
836
782
762
704
784
848
820
798
858
878
850
778
746
744
796
700
688
728
754
766
764
800
756
768
778
828
814
802
822
838
822
782
702
638
666
664
748
722
768
806
778
766
672
660
710
682
750
708
728
748
712
710
656
678
700
710
692
674
744
798
810
810
814
820
784
798
770
734
692
692
702
728
716
676
756
798
804
782
808
806
790
750
758
708
656
618
628
614
634
662
726
772
818
832
780
708
736
700
702
692
700
718
736
746
758
688
726
752
754
764
768
780
754
670
670
698
714
710
706
708
724
758
794
730
772
802
810
766
784
798
802
760
752
786
772
732
760
800
824
772
792
824
836
780
796
828
812
762
800
810
808
764
794
790
712
720
740
776
804
772
744
820
820
812
756
764
764
740
678
694
678
672
726
782
746
706
688
754
762
742
750
788
796
800
744
752
744
810
802
778
784
788
798
776
754
734
762
760
764
764
798
786
764
742
770
808
814
766
742
760
750
728
726
734
780
812
790
742
790
792
768
766
798
786
790
698
734
756
790
788
760
822
808
756
760
774
780
730
722
770
784
774
754
788
776
770
736
766
796
792
774
762
768
754
786
770
770
784
788
730
758
770
784
754
756
786
772
732
732
744
736
756
738
784
786
794
710
740
734
728
692
724
758
766
718
668
686
690
722
712
720
762
786
772
746
774
760
692
596
592
770
630
690
808
874
892
890
880
846
844
838
816
796
764
760
758
766
796
818
824
792
796
790
816
748
656
694
710
730
748
754
716
708
666
726
708
686
678
706
742
758
742
732
790
828
824
778
780
790
770
736
708
730
728
738
732
700
686
694
746
726
776
794
798
796
734
742
772
788
772
772
824
838
818
774
798
808
810
784
782
808
798
758
770
790
786
764
772
770
780
736
724
768
792
762
766
800
818
792
772
814
812
764
736
750
748
776
734
798
844
822
804
806
810
768
730
774
778
772
732
784
794
782
726
734
750
758
718
716
736
756
686
664
678
770
766
738
770
786
800
764
750
766
776
752
738
784
776
702
666
704
734
780
778
724
740
808
776
730
736
772
798
812
788
740
764
720
700
674
732
792
810
788
776
802
800
784
766
758
800
784
760
780
800
798
776
762
790
798
778
768
784
798
790
748
740
790
778
738
736
746
726
714
746
760
740
702
676
670
670
708
794
764
766
792
784
770
726
762
736
730
674
712
798
762
736
764
760
718
658
666
750
762
732
722
776
798
762
748
770
784
750
660
654
690
736
802
820
798
832
840
828
772
764
792
792
808
804
834
844
834
820
818
822
828
800
802
806
786
748
752
748
778
782
766
732
742
814
804
770
780
798
808
794
756
770
794
786
746
758
780
788
742
734
754
764
762
718
746
756
790
754
740
764
780
744
682
702
722
680
628
652
678
742
760
724
764
790
758
718
728
752
740
726
720
772
796
774
714
738
756
806
720
740
790
792
748
706
728
738
798
750
726
744
748
716
642
564
598
644
724
804
846
858
870
850
824
766
766
738
726
716
712
722
746
754
760
756
770
784
794
792
766
772
790
788
756
784
760
796
766
698
718
740
760
732
666
698
728
752
776
718
754
724
714
654
610
686
718
710
696
744
746
756
738
750
802
768
738
772
800
792
776
726
774
788
792
770
724
710
756
734
710
774
830
844
764
786
808
754
698
706
772
744
758
728
752
772
772
736
770
786
792
742
778
800
800
798
774
756
798
778
826
768
762
774
782
750
708
756
788
834
830
790
772
810
774
728
690
758
744
726
756
802
792
776
764
774
804
724
702
754
778
800
754
754
806
782
732
674
674
670
702
746
724
794
810
780
766
788
806
776
736
788
778
770
726
738
780
802
778
724
716
716
696
646
690
766
804
768
752
728
776
754
774
738
750
782
800
768
782
808
816
784
782
792
778
818
742
746
764
738
740
756
778
718
754
772
748
708
726
744
738
698
722
752
758
722
730
768
762
722
692
694
660
652
670
682
644
710
782
820
812
726
630
638
598
662
798
884
874
874
868
842
828
738
758
776
780
834
814
784
796
792
796
790
748
816
808
834
838
824
790
802
798
780
758
772
792
808
796
798
818
806
786
810
788
794
790
764
756
784
796
762
708
712
768
740
700
722
752
814
732
750
742
704
682
724
752
766
754
722
746
764
758
718
736
762
754
708
670
668
684
742
760
746
692
736
730
784
730
750
760
754
720
710
732
756
788
742
742
756
716
630
654
684
718
816
820
790
826
818
788
744
740
744
772
762
750
806
820
816
784
806
812
814
768
782
816
802
820
772
806
796
784
762
802
816
824
782
772
838
820
754
756
810
792
746
730
788
784
748
782
802
786
748
764
790
806
784
766
790
774
760
700
744
742
702
660
668
712
720
698
662
708
734
766
770
778
808
800
770
738
736
736
704
698
754
750
688
718
748
766
732
760
742
802
764
716
712
746
782
792
770
766
788
800
744
694
716
752
784
744
664
650
614
598
676
692
764
756
776
794
798
786
738
658
678
696
718
726
742
736
770
776
792
766
748
762
782
796
788
764
750
774
762
708
722
774
698
666
668
712
748
750
770
800
798
774
750
756
738
694
674
710
766
812
708
756
806
854
752
620
640
588
746
672
726
754
798
790
816
850
828
794
854
860
812
816
810
790
810
772
716
782
782
790
818
816
826
858
788
800
804
764
728
750
764
844
834
798
828
826
818
788
772
766
728
676
684
670
636
728
784
752
714
756
768
760
700
704
746
742
790
760
774
808
820
786
756
766
782
778
762
806
822
840
786
846
814
810
762
768
812
738
630
664
698
694
746
714
826
848
858
862
814
814
856
830
798
780
790
756
798
732
712
664
672
738
740
754
692
710
670
702
732
772
780
762
748
774
782
766
774
684
642
700
730
798
856
808
824
794
808
840
842
822
792
730
774
720
726
750
758
682
724
728
756
766
762
686
720
824
826
752
680
728
760
742
694
664
636
634
654
646
668
652
630
622
646
642
662
710
714
738
764
750
718
712
772
780
832
818
816
812
722
690
732
760
796
754
702
696
720
730
830
736
652
662
718
782
858
860
886
848
804
708
734
720
732
754
736
690
724
788
874
874
842
850
852
834
800
730
786
796
830
854
862
852
854
864
848
800
788
812
832
808
770
820
856
830
770
716
722
712
746
696
668
640
672
750
752
778
726
822
818
816
740
700
674
650
716
750
736
686
704
746
830
864
850
810
806
836
846
838
794
692
672
658
652
664
666
788
834
794
766
722
602
630
602
614
624
638
662
674
682
692
676
638
680
604
648
570
596
544
650
804
876
898
872
888
872
910
884
802
734
716
734
742
774
794
762
824
832
828
810
822
722
690
660
722
686
668
674
672
656
646
644
606
662
604
618
732
774
770
854
856
840
800
764
794
752
694
736
786
828
816
736
730
740
766
764
726
764
826
862
738
714
720
756
812
798
814
842
818
752
654
662
622
660
646
670
726
772
804
782
748
734
686
620
658
654
660
658
640
632
614
646
658
# end time: 2015-04-25-20:48:42, 1430009322.05
