# R wave intervals in milliseconds per line
# start time: 2015-12-04-16:42:27, 1449265347.18
1354
812
590
628
660
678
696
668
668
624
592
616
622
636
670
608
676
634
674
668
698
634
626
636
606
624
580
570
562
562
614
824
820
814
782
736
710
704
654
648
660
642
702
684
710
718
696
704
662
656
658
668
684
714
716
728
732
698
636
634
630
642
680
662
656
688
636
598
676
656
652
650
652
616
606
592
600
594
610
598
602
596
628
648
684
682
654
654
642
610
618
628
632
608
602
598
614
628
642
608
608
638
646
726
684
636
660
670
666
636
632
602
644
624
652
642
640
600
610
602
624
600
610
616
658
652
648
652
626
624
608
604
614
642
626
612
628
632
630
618
592
602
608
648
666
666
640
628
664
674
700
736
756
758
706
690
656
564
624
596
674
696
672
676
714
708
706
652
650
660
684
666
632
660
660
690
700
664
652
678
682
700
726
672
656
676
688
710
796
840
814
762
700
666
680
694
648
634
666
722
778
782
710
730
748
758
732
686
692
702
702
704
670
726
756
766
688
644
654
676
670
656
644
678
734
760
754
728
716
702
762
744
732
712
706
760
796
790
764
704
688
672
642
634
650
700
728
674
726
756
762
774
764
690
696
720
762
798
762
702
730
762
752
776
684
706
712
714
668
676
692
724
756
738
682
718
722
722
698
656
696
722
724
760
682
750
714
700
698
680
698
742
752
740
710
712
752
762
748
692
712
730
748
722
688
664
656
644
656
682
638
686
684
698
666
620
624
642
646
632
602
600
600
630
648
666
652
636
666
700
720
702
670
688
678
700
664
644
688
698
722
782
798
798
810
808
742
702
706
744
766
770
710
672
672
706
708
690
672
616
718
760
776
732
672
672
672
670
698
704
712
690
706
718
676
692
658
676
708
736
732
686
720
722
708
666
634
688
774
834
858
818
796
820
798
798
772
812
828
842
822
780
788
820
818
820
768
758
796
806
800
736
710
714
658
694
712
730
730
698
792
776
778
722
686
708
708
688
668
716
726
702
646
668
672
684
718
680
618
650
644
680
720
740
714
742
760
742
722
696
704
740
804
830
844
798
812
838
838
776
716
802
800
794
754
686
712
728
702
674
726
758
774
740
722
720
782
766
712
730
746
770
732
716
734
738
722
692
718
754
784
762
754
770
758
694
692
736
762
784
740
762
784
788
712
738
726
722
700
686
740
816
832
742
788
792
816
738
748
748
722
708
712
742
728
678
630
642
646
652
676
664
670
706
732
806
762
684
666
732
# end time: 2015-12-04-16:48:47, 1449265727.17
