# R wave intervals in milliseconds per line
# start time: 2015-03-16-18:48:44, 1426546124.9
582
714
722
698
720
782
786
680
636
684
700
732
768
714
666
634
650
654
714
502
586
744
784
534
532
640
544
512
652
524
764
732
516
584
782
520
814
800
836
804
812
770
768
812
770
734
684
646
650
638
696
588
712
704
784
864
830
772
784
782
718
700
728
718
622
694
708
748
828
774
712
770
768
766
716
734
768
816
780
732
750
772
782
780
750
756
750
828
736
720
784
796
754
700
780
802
832
768
1518
910
808
778
786
764
798
738
714
700
704
720
792
692
676
702
686
676
758
766
802
944
658
652
698
704
628
684
716
786
832
854
848
836
784
800
780
772
692
690
706
764
854
894
870
848
888
864
814
804
814
820
784
802
812
816
818
784
802
812
870
796
736
784
816
832
784
766
816
800
760
710
734
822
792
686
764
762
808
752
828
834
868
832
798
846
812
738
732
734
788
812
852
746
740
660
716
766
702
702
748
732
796
720
684
712
764
772
772
742
800
770
720
694
782
778
802
840
862
848
806
814
860
858
798
800
816
850
858
824
794
862
840
800
782
846
806
728
750
766
738
682
700
648
650
666
752
818
898
830
770
796
602
548
814
688
644
670
684
796
836
846
818
748
720
780
782
834
862
840
784
846
804
794
838
732
850
832
834
800
798
814
848
840
780
864
852
814
800
684
686
716
750
780
752
746
766
752
684
700
698
668
634
682
700
766
764
702
678
688
648
698
682
654
666
716
712
704
666
696
620
644
586
614
588
566
616
628
716
864
920
886
984
896
852
880
868
850
794
784
820
850
880
834
862
788
714
732
730
768
798
700
684
618
618
648
750
718
846
814
818
750
688
730
728
722
664
686
678
684
682
654
694
688
682
680
636
664
670
646
682
688
710
800
754
700
762
750
720
784
782
746
704
714
746
752
748
700
702
718
696
648
670
666
680
666
670
714
684
684
702
762
706
676
688
698
730
706
698
744
706
662
652
632
636
682
722
772
802
784
668
694
686
682
666
636
712
700
670
714
816
818
796
704
682
764
786
750
746
734
782
814
738
730
802
812
782
700
716
784
718
682
682
702
718
746
732
698
720
734
812
768
778
674
712
764
752
700
750
752
862
832
766
686
764
502
566
698
768
668
782
654
678
684
720
784
760
736
534
600
580
668
562
598
598
702
800
898
854
846
866
820
814
768
698
700
732
732
782
786
730
720
764
780
770
814
850
820
830
818
800
780
716
686
696
750
720
714
718
796
784
750
684
634
680
684
732
750
702
664
668
668
664
682
686
648
652
696
700
686
696
686
714
670
680
684
682
666
654
664
668
664
668
700
714
720
664
570
598
650
714
512
804
850
866
852
814
752
730
684
602
582
636
698
570
532
668
578
788
834
846
850
836
830
854
882
946
920
918
898
868
864
804
782
732
700
650
616
634
652
714
766
802
798
870
846
834
818
832
848
838
816
784
766
798
836
878
868
818
848
752
736
766
764
698
668
664
688
728
700
706
732
700
664
682
720
734
828
786
748
670
662
770
718
774
702
668
718
770
826
852
858
886
890
832
788
784
792
802
800
754
750
806
788
748
764
788
794
802
790
712
798
784
776
708
684
736
784
730
746
672
684
684
698
728
800
722
668
716
748
766
720
694
732
780
820
766
696
764
760
780
724
698
780
814
816
740
808
806
730
710
690
678
654
700
698
694
714
812
806
760
736
682
680
696
678
760
718
684
712
702
684
648
674
610
622
634
666
718
776
738
684
816
828
852
862
852
800
818
832
832
738
750
764
832
770
728
788
788
758
766
734
780
834
772
748
796
766
802
788
814
902
900
866
850
862
818
736
766
776
818
822
778
766
702
720
648
698
734
700
702
828
868
886
852
800
832
780
714
636
682
716
738
734
722
788
774
776
804
734
862
786
552
552
666
680
670
732
746
738
798
834
834
796
724
746
762
746
674
688
666
664
664
684
796
810
746
734
782
804
798
848
782
682
736
790
814
896
854
800
862
854
848
784
782
804
796
752
732
770
718
698
702
732
832
802
764
766
786
834
736
796
812
822
834
800
750
820
810
824
728
760
770
752
720
750
832
884
850
752
868
732
712
702
686
680
682
700
736
754
646
704
656
688
686
630
656
678
684
698
740
696
700
620
684
664
682
588
530
814
718
748
786
784
768
720
728
804
826
824
778
832
852
868
834
784
796
884
816
752
720
714
780
768
802
768
784
746
718
714
772
778
814
804
820
812
816
784
820
650
700
780
770
778
738
702
714
616
632
668
682
782
766
802
732
850
888
616
784
626
650
684
686
778
884
904
846
798
734
718
700
718
682
812
840
846
848
804
718
780
732
666
606
612
612
600
620
704
730
698
556
598
648
846
854
898
870
894
840
782
746
700
666
652
678
640
652
644
632
668
684
670
762
718
734
568
884
714
764
524
610
620
598
670
768
854
862
918
884
850
792
952
946
568
734
604
596
814
848
772
830
580
602
802
502
714
598
568
670
738
708
536
820
828
512
622
644
802
566
592
766
554
788
778
816
720
786
810
786
766
702
750
798
834
814
718
532
662
764
800
808
754
768
780
780
690
710
718
762
734
766
816
600
626
804
502
762
754
862
754
766
764
702
734
666
742
730
812
852
620
1032
848
880
634
876
706
750
716
798
814
716
726
726
768
782
730
718
718
712
752
702
696
748
768
518
880
788
550
648
670
830
590
646
716
722
508
530
624
546
522
646
834
848
566
840
810
668
834
590
656
# end time: 2015-03-16-19:03:42, 1426547022.87
