# R wave intervals in milliseconds per line
# start time: 2015-07-04-01:22:07, 1435987327.3
754
728
730
766
792
770
732
760
750
730
696
722
718
734
718
708
750
768
718
662
662
666
662
626
616
618
610
652
614
618
622
596
616
584
580
596
622
660
672
684
648
664
652
714
766
734
654
634
632
654
696
716
646
616
602
578
580
596
610
682
648
664
666
652
666
620
634
616
596
586
568
534
576
538
542
576
560
586
562
554
566
568
596
614
622
612
604
612
620
650
660
622
612
598
592
594
598
590
594
588
582
560
552
550
532
536
536
532
518
546
546
536
532
536
534
548
552
544
552
548
538
514
564
550
554
596
614
632
664
660
680
680
666
652
656
660
668
684
682
664
662
652
658
658
642
680
744
802
814
788
796
782
684
616
592
576
572
558
542
578
582
612
592
594
620
612
626
578
610
584
568
566
566
570
582
586
564
602
618
630
662
664
676
714
730
684
648
616
588
582
564
564
548
572
562
572
568
618
694
754
732
734
746
722
722
690
700
692
690
668
664
680
704
748
736
718
760
784
704
636
626
602
574
560
554
560
546
560
566
568
594
652
720
762
770
754
708
704
688
678
696
720
738
696
714
680
636
602
592
578
566
558
570
564
578
594
648
684
652
686
748
796
808
776
772
734
672
608
594
576
568
576
564
608
848
870
796
868
814
884
818
652
594
588
568
560
554
584
666
830
888
864
866
836
768
766
730
678
646
630
684
682
636
596
586
584
562
570
564
582
624
716
764
800
838
830
768
732
732
734
688
646
620
618
616
634
718
710
672
700
736
764
820
734
696
750
750
714
672
664
646
604
586
584
566
566
568
568
596
600
602
634
602
594
634
686
716
788
806
732
690
700
702
704
722
716
692
692
702
702
700
668
664
680
692
684
672
688
692
716
704
670
678
708
734
738
716
668
700
714
750
710
674
678
694
696
676
682
718
736
724
694
698
700
670
638
640
662
692
706
688
714
730
748
690
672
682
674
654
626
618
626
612
596
576
578
566
558
558
574
644
850
852
802
748
734
694
688
672
676
638
642
652
668
676
662
644
634
634
598
572
564
562
554
556
568
560
568
570
578
558
560
550
554
564
536
548
548
566
568
570
584
596
600
586
596
598
598
594
572
586
574
560
560
560
566
562
552
536
546
530
514
548
512
524
514
512
510
522
506
502
520
526
554
582
602
602
582
586
596
616
616
644
630
598
612
644
654
652
586
554
592
562
548
554
558
560
556
564
522
538
554
544
534
534
546
542
518
536
528
514
518
510
524
540
532
544
554
580
602
628
642
654
644
646
648
664
668
674
702
686
702
740
762
752
724
708
722
722
710
720
748
778
732
702
736
730
626
614
582
566
580
550
556
566
590
590
582
542
564
546
546
532
534
542
564
572
612
668
684
708
730
750
726
672
610
584
574
564
560
564
584
602
618
598
598
554
588
566
572
556
552
558
568
620
682
742
760
746
708
686
648
608
576
568
568
564
558
562
580
600
628
684
780
808
750
696
650
648
662
674
658
634
610
606
588
588
558
576
572
564
566
554
560
564
582
602
620
652
700
744
762
702
674
660
664
664
666
668
652
636
622
626
634
642
656
656
626
626
628
620
634
660
708
746
782
770
724
718
716
720
696
670
658
670
686
712
714
706
710
728
740
698
662
672
692
726
770
732
708
734
736
678
642
636
644
654
666
664
656
686
710
692
674
660
684
684
660
644
652
680
724
738
712
724
720
682
660
670
680
670
646
648
662
664
654
660
670
680
662
646
644
638
598
582
590
572
562
582
780
812
698
638
642
658
656
662
616
602
598
576
618
608
602
630
628
602
572
610
582
556
544
544
518
530
524
522
522
546
546
586
564
554
578
554
548
524
554
532
532
524
516
524
526
534
544
540
544
554
578
598
628
664
680
636
608
568
574
550
560
574
582
598
590
616
588
574
544
546
538
544
566
606
644
678
630
578
584
588
578
570
568
556
564
552
540
580
562
586
626
620
646
654
670
668
660
668
664
672
692
712
708
686
700
724
748
896
880
758
726
728
754
738
732
730
734
754
750
706
676
668
696
698
684
658
638
652
674
714
716
666
656
698
736
764
728
690
704
712
722
702
680
696
704
714
708
688
704
736
760
754
726
736
734
730
696
708
712
698
654
614
630
614
586
580
584
578
570
566
602
616
670
640
620
618
604
594
588
600
624
662
712
714
680
656
736
750
706
628
618
582
592
598
582
616
612
596
608
578
598
582
616
568
572
578
574
568
558
570
572
620
640
640
678
692
690
676
632
634
612
594
580
570
560
578
620
618
610
584
582
574
566
554
548
552
570
584
598
592
590
586
584
564
570
566
556
554
542
548
542
540
518
520
550
540
524
528
534
520
994
532
512
510
512
512
524
518
550
598
644
668
690
716
642
596
606
608
592
568
560
560
550
548
552
560
558
556
580
592
586
630
638
660
668
678
674
670
652
638
572
604
578
570
572
582
582
608
630
646
628
656
680
706
722
710
718
704
710
726
734
736
730
718
688
656
654
658
650
642
632
624
626
600
588
582
582
588
574
604
584
588
584
592
614
644
658
672
684
726
760
788
802
778
756
748
726
682
662
646
646
678
708
700
704
720
726
722
734
756
752
770
706
688
698
700
698
674
660
662
674
684
654
628
626
654
698
698
676
676
704
708
672
662
684
696
716
684
676
714
734
718
680
662
684
670
630
604
588
576
576
592
634
678
708
710
684
682
640
664
614
616
584
570
556
550
566
570
596
582
580
586
612
588
566
570
562
552
558
570
584
622
656
666
694
702
680
640
600
588
584
574
568
560
586
576
586
584
590
584
580
590
616
644
658
680
720
752
754
752
730
730
678
656
668
672
696
706
676
634
628
652
670
644
636
608
612
604
612
616
610
568
622
574
578
554
546
534
540
538
518
540
594
654
734
752
730
700
698
694
682
686
674
616
602
600
598
574
574
570
578
594
640
688
712
728
726
732
742
694
674
676
686
718
730
754
688
652
646
640
624
616
618
598
604
588
626
652
618
622
616
630
598
604
568
552
550
554
560
586
598
616
652
664
738
780
694
652
628
606
602
604
616
614
616
622
630
656
712
726
722
714
710
690
656
648
664
686
700
720
686
668
670
672
662
664
658
664
698
754
826
826
730
698
706
712
716
688
672
694
722
762
742
710
690
640
618
604
582
588
594
616
628
606
680
650
648
628
616
612
598
576
570
568
552
548
556
542
548
554
562
586
594
608
664
640
644
656
684
696
704
690
678
696
712
730
730
724
686
656
660
668
672
656
646
664
692
712
652
616
580
608
576
586
554
568
574
562
558
570
566
558
564
558
550
550
554
564
566
556
548
544
522
568
536
548
548
530
536
522
540
560
570
592
592
628
684
716
698
654
646
620
602
610
628
634
628
596
592
580
578
584
588
612
672
714
730
716
676
648
652
670
698
700
644
624
630
650
670
640
610
648
630
624
630
650
674
678
712
718
722
708
708
692
656
634
634
608
584
594
572
598
582
602
616
602
618
580
564
584
558
560
554
548
562
586
652
716
670
634
600
612
590
582
566
578
554
554
548
546
550
538
552
554
572
588
650
700
698
672
676
684
702
702
698
706
732
734
708
680
682
694
732
776
826
780
694
654
638
628
596
592
572
568
574
592
600
622
596
596
602
580
584
568
556
558
544
526
570
564
592
650
688
704
726
702
700
714
736
690
662
648
638
648
630
634
644
660
700
724
790
792
754
688
698
700
712
710
682
688
702
724
720
700
716
720
732
706
674
668
680
694
688
674
664
652
632
618
598
566
574
562
552
578
574
580
588
578
584
572
592
558
580
558
554
534
524
548
536
526
522
520
526
524
548
596
608
584
592
588
618
666
702
678
614
608
594
580
586
614
602
586
598
618
660
722
716
634
640
658
662
702
708
668
660
676
682
722
694
664
666
652
614
602
596
580
586
586
584
572
594
584
568
566
556
598
518
530
534
546
554
592
632
642
582
594
582
608
644
640
650
646
620
670
720
730
696
678
684
656
666
678
706
736
706
678
684
730
768
796
720
698
682
706
716
692
684
702
726
762
752
700
702
714
726
694
680
638
630
604
580
580
568
588
616
628
618
624
614
616
588
560
600
586
598
616
620
634
668
668
714
768
804
818
786
752
708
720
742
762
764
698
630
622
616
596
598
594
610
618
634
668
714
684
654
680
682
682
672
654
640
622
614
590
578
574
616
678
718
716
672
680
700
734
746
718
708
698
702
690
700
704
704
672
650
640
624
614
586
584
578
570
556
564
568
580
580
572
578
584
570
570
574
560
560
576
568
546
598
580
586
582
566
566
574
590
616
606
614
582
572
546
582
574
592
716
734
754
682
620
592
596
574
570
556
554
570
606
666
806
756
730
702
696
634
598
584
574
566
556
554
562
560
564
602
666
820
796
802
800
734
662
636
626
624
646
654
682
710
674
682
700
734
714
656
628
616
602
596
582
558
546
582
556
544
550
548
536
538
528
570
582
604
648
700
762
736
712
704
698
690
658
618
598
586
570
564
586
612
602
600
588
600
582
602
562
552
574
610
670
716
774
786
752
716
702
714
702
674
644
640
618
608
600
598
604
608
604
600
586
634
578
554
584
550
570
592
600
620
678
652
636
666
670
700
702
700
696
654
638
622
602
590
580
584
582
616
666
716
800
684
668
694
702
730
742
760
722
726
716
672
664
616
602
612
588
596
586
600
580
570
566
592
522
518
534
526
564
672
836
790
794
786
812
790
774
820
718
672
676
694
722
736
746
722
730
698
674
680
636
628
596
598
572
572
562
562
556
550
548
522
566
534
532
532
520
502
510
520
996
580
590
662
596
578
574
570
564
546
538
536
528
534
526
540
590
530
614
572
566
608
600
584
582
584
584
588
594
586
580
572
578
566
566
554
562
558
554
562
564
564
600
608
606
608
626
634
638
644
622
630
632
632
638
622
632
648
648
652
648
# end time: 2015-07-04-01:45:15, 1435988715.27
