# R wave intervals in milliseconds per line
# start time: 2015-06-18-21:50:09, 1434678609.84
706
634
682
648
618
878
926
910
902
898
866
870
850
850
848
884
836
814
818
800
862
820
814
772
746
752
784
830
866
900
888
862
816
722
696
750
780
824
844
768
792
840
788
730
770
830
836
766
764
836
838
764
714
800
804
730
698
750
798
790
716
730
802
846
802
720
764
768
704
662
736
764
768
680
668
684
654
730
772
816
734
780
786
746
700
624
680
652
662
752
750
772
862
864
838
796
790
714
780
796
838
866
884
874
864
910
# end time: 2015-06-18-21:51:33, 1434678693.1
