# R wave intervals in milliseconds per line
# start time: 2015-04-28-18:10:13, 1430259013.34
642
710
752
792
680
658
552
662
552
588
594
582
618
596
578
630
630
688
700
670
666
680
706
704
666
718
720
782
838
774
766
774
778
812
738
678
738
758
760
756
822
852
804
796
768
758
698
698
688
724
708
700
746
798
824
784
788
746
654
616
596
608
636
692
682
740
792
794
758
728
720
724
776
726
784
824
832
818
772
820
800
792
748
824
842
808
784
820
820
780
744
824
844
838
774
754
774
804
808
798
838
856
846
780
792
780
762
764
812
812
838
762
740
750
772
746
736
796
800
768
764
778
770
720
672
730
748
744
726
702
714
778
706
670
702
744
776
752
744
780
786
766
694
678
678
740
704
674
698
700
704
672
674
698
762
748
694
692
708
726
692
706
688
718
710
678
678
714
708
746
682
696
706
704
678
646
604
644
626
638
640
650
692
762
816
802
734
744
736
682
704
644
602
620
666
714
704
714
730
736
744
764
786
818
778
776
756
748
736
762
788
802
750
762
768
778
730
736
766
856
812
808
802
810
776
762
776
820
760
764
766
826
798
804
842
828
774
760
766
764
730
714
754
778
758
736
750
766
738
640
662
656
718
742
770
810
808
788
746
752
786
780
742
746
766
768
708
684
748
764
792
758
778
832
818
792
822
812
780
744
760
786
766
722
774
794
794
760
794
802
780
750
772
796
794
748
738
742
768
756
738
770
794
764
730
764
798
806
776
758
764
744
700
696
734
782
772
770
824
850
820
782
812
774
724
704
742
720
660
632
638
652
666
680
750
810
800
738
742
746
742
710
704
760
826
818
806
844
848
790
808
818
838
846
794
808
856
846
816
796
828
848
822
784
812
814
852
788
788
800
794
742
726
742
766
802
742
800
806
740
700
718
752
758
728
782
770
726
682
708
712
720
690
706
718
704
676
700
738
788
792
764
734
730
782
728
704
728
744
774
730
766
766
804
750
716
738
746
780
758
774
806
790
708
698
652
676
696
714
696
722
768
800
748
702
702
680
670
646
666
692
712
694
698
728
702
660
616
650
660
662
704
694
740
762
742
700
754
742
686
660
648
638
630
616
618
620
672
798
816
772
814
842
800
724
742
770
768
746
738
778
824
776
790
782
788
746
728
756
784
798
756
766
788
792
748
754
766
786
806
772
752
742
744
688
676
678
722
770
742
764
806
790
728
708
768
742
714
686
710
740
746
730
722
738
754
682
680
704
746
724
700
714
788
780
724
750
758
784
730
692
714
750
788
778
768
816
842
832
800
768
790
776
782
750
778
830
856
836
808
796
796
792
758
772
814
808
806
782
818
852
782
732
750
762
754
734
768
830
864
820
770
726
734
736
712
716
720
792
800
762
702
750
780
794
772
810
860
886
894
810
790
728
692
658
642
622
590
634
1018
970
872
816
834
780
710
684
680
662
622
598
638
654
728
766
776
760
734
710
688
660
636
650
706
714
712
720
746
786
718
692
684
740
728
690
672
692
672
694
642
650
670
688
664
642
664
670
738
696
670
684
696
706
690
686
714
760
758
732
798
778
788
700
706
692
764
758
734
792
850
850
810
784
782
802
774
734
728
756
794
786
744
742
774
716
678
668
670
674
660
656
720
808
840
802
810
816
758
672
668
644
684
682
696
792
854
850
822
864
830
784
780
776
764
730
718
782
790
732
694
710
642
634
632
618
616
656
716
836
818
800
824
854
776
726
732
754
782
732
718
772
836
808
800
836
856
840
786
784
792
794
784
716
738
782
818
800
814
830
836
748
774
732
688
650
642
660
676
674
676
708
754
688
674
638
680
652
618
618
598
646
616
580
626
612
598
624
646
650
678
652
662
716
668
622
590
598
554
600
630
698
754
748
814
856
846
788
802
814
840
834
784
818
792
832
786
822
844
842
788
746
760
768
748
676
742
742
732
730
700
742
840
782
738
808
794
762
740
706
762
752
730
706
748
788
870
810
782
814
778
732
684
722
778
806
772
778
840
810
810
750
768
812
830
834
840
812
830
816
804
794
840
844
840
798
756
716
676
652
620
694
712
788
748
714
752
758
696
702
692
680
654
618
666
692
702
672
760
760
710
682
694
728
696
646
624
672
678
664
648
636
660
640
616
632
632
624
652
672
662
682
652
676
678
670
620
572
568
610
636
742
810
804
776
738
652
686
694
722
720
708
726
774
780
752
764
726
760
738
708
710
696
700
694
676
652
678
734
748
784
778
778
716
676
674
700
742
736
744
774
766
720
702
730
732
736
678
672
744
764
732
748
728
732
748
694
684
712
740
730
722
764
782
766
712
754
800
800
752
706
720
772
798
784
850
848
808
784
700
694
706
692
654
704
748
756
696
698
700
702
678
656
670
654
672
636
614
672
690
756
742
718
764
774
742
674
688
660
718
680
654
696
760
816
792
820
830
824
812
738
734
744
758
730
824
850
862
836
816
790
820
722
726
774
808
746
708
744
820
824
784
748
732
730
692
718
740
790
806
750
710
708
714
694
654
690
726
774
760
742
746
782
710
656
664
638
614
618
670
710
710
784
782
844
808
734
702
726
650
628
676
662
674
668
710
786
754
744
756
780
760
702
692
732
742
718
672
662
730
756
724
694
686
694
698
634
650
654
664
704
664
646
654
626
652
602
634
622
622
650
650
672
760
740
694
674
724
738
710
694
692
718
750
774
740
714
738
782
824
830
756
774
786
836
768
738
734
760
836
808
732
796
782
786
734
694
696
744
662
670
634
634
630
622
622
626
626
646
654
636
646
670
720
698
658
654
676
722
742
712
682
694
694
762
742
714
708
720
802
728
708
620
674
708
768
776
764
674
656
644
628
612
648
752
774
758
804
790
746
734
658
662
694
710
704
680
746
806
796
764
726
686
698
666
612
568
574
596
576
626
682
718
796
764
652
654
634
664
822
840
834
806
782
822
840
824
814
816
790
762
742
722
768
812
872
854
844
828
830
796
772
716
746
738
758
772
752
752
802
844
806
748
774
744
692
674
650
682
746
698
720
736
844
888
854
818
814
786
752
680
684
716
782
760
728
780
804
824
780
806
826
840
760
704
702
716
754
786
722
750
734
716
672
640
622
656
720
770
782
722
726
724
720
710
656
662
732
728
718
678
690
712
740
712
684
734
734
752
702
704
690
710
716
696
706
692
750
730
742
708
710
746
742
726
730
736
726
668
638
672
684
694
684
662
674
674
732
708
682
664
642
650
700
658
626
616
624
602
622
598
608
644
714
812
824
812
752
750
720
716
764
686
746
836
800
768
802
796
772
722
688
752
736
750
712
734
774
814
850
770
812
806
780
734
722
764
790
746
728
788
742
752
686
658
738
756
814
872
830
750
756
764
780
756
758
788
800
796
746
736
724
732
716
690
708
776
774
730
728
760
734
700
664
678
688
742
686
700
724
756
714
662
676
706
690
710
700
736
758
728
748
780
778
738
710
702
700
642
714
720
704
722
808
794
730
738
678
608
634
610
630
698
690
724
718
730
642
622
616
618
648
618
596
652
678
726
732
664
654
638
684
676
652
644
640
698
764
768
734
686
676
648
650
610
612
648
652
674
656
704
634
648
700
820
878
894
846
794
754
694
690
656
638
682
774
846
788
832
828
872
838
764
762
752
736
698
726
802
830
802
696
644
598
610
604
622
652
674
658
664
740
802
842
776
784
814
824
802
784
822
812
810
756
774
778
752
714
676
708
714
672
646
616
680
748
806
780
748
726
746
792
750
698
664
716
716
730
704
718
762
802
788
798
726
706
766
812
796
796
760
736
744
766
748
744
666
700
716
706
694
630
646
650
698
736
732
698
718
742
762
756
726
696
736
748
766
742
698
714
712
738
740
716
754
760
776
680
708
720
700
710
674
698
736
654
644
668
702
768
704
676
718
738
742
748
692
702
690
724
678
676
730
750
774
720
686
724
732
710
700
692
730
794
696
626
586
624
588
596
612
728
770
784
822
798
832
820
808
774
722
728
740
780
786
808
834
858
842
812
834
846
844
784
682
672
660
702
698
698
750
858
858
834
794
828
794
746
680
672
684
694
710
674
700
744
774
732
682
678
690
738
718
704
742
766
762
702
730
720
748
722
698
718
752
742
708
702
724
750
724
688
710
720
752
748
770
800
756
720
700
634
610
638
632
676
730
688
694
634
704
720
736
744
702
678
692
642
630
636
686
718
710
728
758
774
728
678
692
690
706
688
664
688
698
696
634
630
624
612
616
714
726
736
842
858
830
770
794
780
812
760
708
736
766
740
758
796
800
750
688
664
676
682
658
648
656
722
734
672
696
650
638
688
708
728
710
750
778
794
742
672
656
658
698
718
722
736
792
786
736
734
730
730
796
722
746
748
760
738
710
734
794
806
756
772
762
750
744
698
728
732
734
744
724
762
786
770
730
740
744
752
718
714
762
770
774
704
720
798
794
746
714
786
766
782
726
734
758
796
778
702
742
764
736
702
724
764
734
724
686
694
712
704
684
706
764
760
734
754
794
764
708
684
690
718
706
678
738
770
768
712
740
792
776
702
700
652
734
702
652
634
634
620
618
650
658
660
690
740
752
700
654
706
700
718
698
682
704
788
822
784
736
740
714
726
710
684
780
768
774
754
804
828
816
738
722
706
718
722
688
682
700
670
614
646
626
636
690
776
792
766
780
740
766
744
708
676
686
648
654
604
574
580
622
780
784
804
790
762
752
700
654
658
686
690
702
668
652
646
648
638
698
686
680
722
718
732
772
770
754
738
740
684
756
730
746
702
694
706
724
726
688
730
744
730
684
686
720
688
716
614
634
644
610
656
682
658
716
722
1012
640
716
670
694
736
742
714
740
738
728
700
718
746
726
706
684
726
726
712
682
720
768
812
780
694
742
708
652
878
602
650
704
748
762
808
818
596
624
526
656
662
732
696
724
734
720
734
762
758
804
792
748
696
714
638
710
712
592
754
744
810
780
772
712
506
556
658
710
684
690
696
736
742
678
516
532
572
1466
880
1316
790
768
672
712
702
720
686
698
748
772
742
722
732
718
762
738
688
726
742
716
688
676
710
738
752
746
680
714
702
678
616
1540
1258
754
688
682
766
798
796
696
702
694
786
1014
684
706
744
756
794
634
682
704
714
682
742
774
798
770
722
732
734
728
682
706
722
762
782
742
730
728
774
736
698
734
720
722
708
680
734
768
788
772
742
748
738
782
724
710
702
710
668
722
664
756
510
716
698
708
714
668
676
664
640
728
692
612
728
818
844
782
504
720
654
696
738
662
674
656
708
666
644
716
714
716
710
770
692
760
746
694
718
744
774
608
818
704
752
730
696
664
740
754
750
716
712
722
730
730
710
642
672
682
702
696
672
676
710
700
672
630
664
682
684
698
666
668
694
698
726
656
696
758
722
684
688
682
728
632
608
614
600
646
684
702
730
786
812
684
680
682
746
698
656
600
664
660
682
646
708
708
784
804
714
734
772
726
672
660
676
730
756
722
712
728
748
750
704
714
720
746
774
736
720
736
786
820
798
750
736
740
702
666
680
710
794
842
834
838
862
850
816
788
754
770
744
728
690
744
750
758
690
670
684
732
740
718
746
790
814
780
724
682
678
714
726
742
708
722
734
760
760
708
688
720
742
752
716
674
658
694
726
728
688
670
666
688
688
646
622
584
602
598
578
556
598
574
570
576
584
584
638
692
682
686
670
712
696
658
620
610
640
644
648
684
636
666
716
744
712
658
688
682
714
652
662
680
694
674
644
656
674
696
710
666
722
724
754
668
676
662
674
652
638
606
638
608
622
644
678
726
686
728
716
730
680
612
642
640
648
656
634
598
678
694
694
674
652
664
648
656
644
666
616
656
666
668
708
670
682
726
702
700
674
662
682
680
694
656
666
668
724
736
706
680
610
604
572
576
638
708
752
790
812
822
804
804
724
670
616
630
636
664
660
694
732
772
734
688
648
654
666
718
700
672
640
690
708
698
810
756
716
690
678
706
712
706
734
730
734
688
702
696
778
756
760
732
736
754
738
760
720
726
728
772
748
718
730
806
600
580
768
552
624
832
1510
1188
800
828
774
752
816
796
720
706
696
708
728
730
738
816
822
842
810
750
748
758
762
732
728
764
756
802
684
624
1006
710
726
688
702
752
736
740
676
728
732
746
728
686
790
710
712
702
654
648
684
616
622
608
618
602
634
660
706
756
714
694
692
698
726
712
756
730
774
772
766
736
792
784
782
754
744
782
760
744
716
734
768
762
740
724
786
762
730
686
736
730
758
726
692
676
672
702
752
774
768
800
742
684
656
662
692
714
748
732
686
702
708
736
722
692
728
704
738
698
706
678
662
670
636
624
670
768
830
818
760
762
744
734
682
662
656
708
812
836
824
860
862
838
794
738
766
724
672
626
580
612
568
566
552
552
558
672
744
768
794
788
766
768
722
678
698
712
762
850
888
900
888
866
844
864
800
832
808
778
782
728
830
858
850
788
758
714
702
676
656
610
602
642
730
844
850
802
762
768
752
770
708
684
726
780
796
804
758
768
770
700
646
# end time: 2015-04-28-18:46:24, 1430261184.98
