# R wave intervals in milliseconds per line
# start time: 2015-05-17-16:03:29, 1431893009.26
600
608
642
666
698
746
672
654
654
638
628
618
606
594
574
606
604
616
620
630
644
666
670
654
624
628
614
616
586
578
580
568
592
528
558
614
648
696
698
668
678
680
640
608
636
672
632
654
692
660
724
630
642
664
682
696
682
676
692
704
702
654
638
686
652
678
624
642
672
712
694
652
660
694
680
632
680
676
670
716
650
680
730
676
668
624
648
644
636
610
648
652
676
660
674
604
620
632
626
628
580
636
624
626
638
678
676
672
634
648
632
652
646
658
638
600
634
620
602
660
632
660
642
614
620
622
620
622
620
614
636
634
644
616
606
612
612
# end time: 2015-05-17-16:04:57, 1431893097.26
