# R wave intervals in milliseconds per line
# start time: 2015-12-03-12:21:25, 1449163285.25
792
824
850
838
832
824
816
822
812
504
668
832
842
848
842
874
838
860
838
804
504
690
794
814
834
872
912
896
828
904
844
828
806
786
824
804
790
804
794
816
810
830
806
818
802
798
786
794
832
890
954
914
938
868
844
820
814
592
674
824
798
798
812
842
860
862
876
882
888
876
872
882
852
846
796
654
560
818
822
850
888
884
910
864
860
866
834
786
810
806
796
832
878
922
888
910
884
848
836
860
818
810
796
798
848
940
504
546
538
534
504
982
940
904
850
846
844
792
832
788
796
852
876
964
966
958
944
934
932
878
860
804
822
820
804
852
860
904
904
848
798
2490
1644
770
872
704
646
596
742
796
840
850
838
802
518
728
802
798
834
814
800
832
792
774
688
530
762
768
504
706
826
780
806
848
820
838
808
800
806
830
852
820
808
620
560
774
798
792
812
830
790
822
794
796
842
860
862
892
870
814
842
824
778
808
754
820
848
952
922
910
892
912
902
854
862
860
814
808
834
836
800
826
878
774
866
870
872
852
792
810
2022
1300
928
856
864
842
780
796
838
872
876
850
856
836
504
756
828
814
814
790
838
830
856
876
844
850
852
854
786
818
828
872
940
950
934
956
866
858
872
870
844
818
814
838
856
890
922
916
928
854
876
854
828
860
800
816
826
842
850
880
864
884
856
832
860
820
828
844
886
956
982
980
950
888
884
866
842
840
830
800
794
824
842
862
894
942
932
976
922
878
838
674
592
806
824
836
834
824
834
850
900
902
918
924
898
870
854
626
882
866
850
896
874
842
512
732
856
820
836
838
864
894
902
890
872
858
872
848
844
778
580
676
758
840
870
914
902
890
892
856
664
602
808
506
736
812
828
862
840
828
854
850
854
834
798
836
834
842
870
890
524
946
974
950
906
854
694
606
798
864
884
940
968
966
934
954
906
894
862
864
834
866
822
878
912
906
956
912
928
866
844
864
840
864
880
852
822
876
670
996
598
628
868
880
926
932
504
948
946
884
884
854
860
864
856
884
884
894
918
934
936
914
848
876
822
880
922
526
530
530
534
520
512
982
512
956
908
920
886
868
872
866
862
892
502
988
978
980
964
988
986
938
906
928
876
886
906
892
908
934
940
892
540
594
1312
788
804
592
504
504
534
576
682
1150
710
1932
1584
1148
882
622
510
588
528
546
504
506
526
694
640
708
1132
866
616
636
1340
806
