# R wave intervals in milliseconds per line
# start time: 2015-04-22-09:20:21, 1429708821.52
698
666
676
704
662
674
644
594
624
634
646
556
680
686
662
686
652
632
658
666
620
698
1452
1378
826
584
662
678
608
566
600
600
614
2144
1384
830
1200
748
662
704
710
750
762
708
714
736
744
768
756
704
744
752
772
764
712
714
742
738
814
740
758
742
758
750
692
778
566
684
724
760
742
712
740
756
742
714
624
690
676
686
700
702
704
678
586
718
712
728
730
720
708
690
660
656
648
664
680
682
668
684
722
754
764
710
674
750
742
742
740
684
672
676
590
744
668
640
684
742
760
766
676
670
710
674
668
616
630
624
660
680
718
750
768
684
744
734
728
708
702
734
752
778
774
770
712
754
738
758
794
756
772
700
768
764
750
796
634
672
722
728
734
682
700
710
756
704
654
638
656
676
708
720
674
682
730
722
790
782
766
692
724
726
704
722
686
662
698
688
710
714
672
660
684
656
654
654
668
690
656
708
714
718
730
740
706
672
710
712
714
694
656
690
722
738
752
788
686
720
732
716
724
682
656
684
714
740
762
738
700
732
744
724
692
686
666
692
700
706
684
694
676
708
716
720
722
676
636
668
656
698
734
714
680
704
734
726
722
686
666
696
706
706
726
738
730
694
704
732
770
744
732
686
652
664
658
636
646
642
654
652
680
696
660
694
718
714
734
738
702
644
626
680
684
696
756
692
666
666
712
738
786
786
724
690
710
708
694
706
662
652
686
698
746
770
782
758
706
732
730
738
694
676
662
710
702
686
654
698
742
770
748
710
740
750
736
708
674
682
734
686
632
696
668
688
688
680
648
668
680
686
684
668
674
696
704
716
672
642
638
660
636
648
672
688
656
668
670
710
730
674
644
660
612
706
672
734
670
634
594
562
668
788
820
818
794
764
736
714
718
718
738
722
732
764
772
750
752
762
766
768
732
696
694
694
694
712
718
740
740
726
690
690
708
706
684
654
682
702
676
676
694
712
704
662
678
700
696
646
644
688
676
658
636
648
704
644
652
662
670
670
684
658
660
682
632
640
656
664
672
688
698
676
682
704
690
696
692
666
702
714
726
730
718
716
672
678
688
694
698
688
650
664
686
686
698
680
634
646
650
658
660
664
654
682
706
704
708
702
654
634
652
656
666
718
714
712
748
750
738
738
726
718
652
668
674
680
700
684
696
730
742
736
666
688
670
668
666
644
644
674
692
690
682
694
694
668
662
662
688
692
712
702
702
694
660
660
662
660
650
652
648
636
662
632
654
662
632
644
656
614
640
666
668
636
628
694
636
618
628
596
586
602
626
678
684
724
738
746
680
694
726
720
716
698
640
632
650
664
642
670
644
648
618
634
638
668
686
696
698
660
646
664
614
630
650
676
674
688
608
666
686
706
714
660
632
652
650
650
660
688
706
720
714
702
690
646
626
654
652
630
658
690
688
686
710
656
676
694
682
686
682
640
600
644
620
608
630
634
648
646
624
630
650
658
648
618
610
648
638
648
644
644
646
642
622
610
612
632
634
620
618
634
632
614
668
686
714
654
646
608
618
628
632
642
644
664
656
646
614
582
828
544
640
684
762
814
838
850
838
808
848
790
758
718
720
700
666
632
636
666
704
758
798
748
764
802
774
748
706
650
638
690
684
684
680
662
636
632
634
682
688
688
700
680
642
652
640
634
618
612
608
630
656
688
680
686
700
676
634
658
668
682
698
648
658
670
694
726
736
694
718
748
758
756
722
662
660
668
664
680
698
652
700
758
742
744
724
672
674
724
700
720
710
720
680
690
710
704
732
698
688
658
668
710
698
702
684
658
688
694
700
714
718
702
668
632
666
690
728
764
778
776
710
688
692
700
696
690
694
644
666
674
706
718
718
676
672
724
690
676
614
674
666
674
672
682
682
666
612
638
636
636
640
690
706
716
704
656
674
702
716
704
738
708
654
668
686
706
728
746
724
728
746
744
734
680
668
664
678
678
680
676
646
662
698
724
750
722
684
680
694
712
706
704
674
654
704
690
688
658
666
738
724
732
714
678
682
692
686
688
682
656
648
660
664
670
684
690
684
658
682
704
700
696
676
662
688
712
704
664
650
678
704
722
728
682
682
692
696
708
686
658
670
678
694
706
716
686
698
718
716
718
724
696
656
684
686
678
672
696
618
658
710
712
688
652
706
706
716
722
700
658
660
672
698
694
722
696
696
722
726
738
714
732
672
702
710
698
738
666
666
692
708
730
728
696
658
694
710
730
686
690
730
744
756
744
710
700
712
708
708
710
674
672
694
702
706
682
650
718
732
760
708
662
656
640
638
622
644
646
622
652
688
716
736
746
760
702
660
668
658
660
660
678
648
610
656
704
754
780
804
798
774
696
690
710
698
708
710
728
672
710
728
732
732
694
648
668
676
666
680
694
680
658
678
714
744
744
744
698
684
678
686
674
696
664
690
746
774
784
790
774
708
730
746
726
708
664
674
706
728
742
742
686
636
676
662
678
684
648
622
660
624
608
582
554
734
644
648
696
766
748
762
788
766
718
718
710
714
720
722
694
696
706
758
730
694
680
652
644
622
628
630
636
624
586
578
594
602
610
620
618
600
604
672
652
656
646
626
620
634
644
654
668
688
694
692
644
656
664
664
678
682
650
660
692
700
716
692
646
652
676
702
732
746
748
706
724
740
738
728
702
650
672
696
716
736
738
690
696
712
712
714
690
678
706
698
714
688
632
648
662
664
678
684
694
634
666
668
684
698
702
700
668
644
670
674
680
694
692
650
652
662
712
698
694
658
648
672
696
702
716
672
662
688
674
642
640
658
668
666
668
640
634
658
658
640
636
664
658
672
652
644
672
694
718
736
726
690
714
732
734
728
696
640
658
680
692
722
716
664
694
712
718
720
682
688
710
708
718
714
668
686
712
712
720
694
660
664
710
694
706
700
664
640
682
700
716
726
708
654
636
668
670
686
684
676
638
662
676
682
680
698
668
632
654
668
688
676
646
608
594
600
612
584
622
628
664
690
704
728
716
728
714
708
696
684
676
642
616
622
634
642
654
686
706
692
706
760
758
744
718
644
692
680
690
680
652
640
662
660
678
668
624
694
704
706
712
666
668
690
690
686
666
624
650
662
664
678
686
660
670
684
710
710
694
674
702
676
740
680
650
656
654
626
630
620
628
642
662
682
652
682
708
708
746
646
640
664
670
658
662
678
672
652
688
740
718
732
700
654
664
680
698
704
688
648
664
676
704
712
714
718
664
688
694
710
706
676
640
664
670
672
680
668
680
706
714
730
732
694
700
712
688
726
696
656
668
684
670
678
632
656
678
696
704
654
632
650
652
634
664
694
708
670
654
680
680
680
678
682
670
632
654
622
618
604
602
590
572
576
582
600
602
608
630
642
652
660
652
650
642
612
604
608
616
616
592
602
614
600
576
640
646
606
602
620
660
626
614
608
572
566
550
600
586
628
538
544
572
592
666
698
746
744
702
700
670
636
648
652
676
682
752
804
808
810
774
678
626
660
660
692
650
644
692
724
760
726
676
712
720
722
676
698
630
656
624
666
698
722
702
706
738
752
734
786
686
698
706
700
702
706
702
662
706
720
740
758
726
724
744
726
680
636
612
622
680
686
676
692
754
754
768
716
672
716
684
710
716
714
676
684
706
708
718
690
646
652
644
678
666
686
694
662
646
672
674
674
676
648
656
692
710
726
724
684
662
680
654
638
636
654
678
662
640
668
668
688
678
634
664
692
722
746
724
668
698
708
674
706
636
642
668
718
748
774
722
728
748
736
738
700
664
678
702
692
682
684
658
708
720
720
720
668
678
692
694
702
706
670
680
706
718
728
718
680
682
698
700
712
676
632
624
634
644
644
680
672
728
760
776
760
712
724
688
712
674
676
644
660
666
676
696
666
676
708
710
738
682
688
710
718
718
720
672
656
672
660
672
672
650
644
686
704
724
726
694
710
724
714
700
660
632
648
646
636
642
628
608
662
656
642
646
654
712
636
650
716
696
716
718
682
644
664
672
662
672
654
692
728
764
762
702
724
732
724
724
696
650
688
612
696
726
706
706
728
748
874
686
650
696
712
718
750
732
702
718
738
726
698
648
670
682
690
688
648
682
706
740
776
778
738
696
722
722
724
700
682
668
700
712
728
736
704
700
714
702
696
660
668
692
702
706
676
654
646
654
668
654
636
634
644
700
700
708
730
714
706
714
714
692
662
638
660
646
642
628
660
624
634
670
732
670
676
712
736
738
766
738
682
690
702
698
702
670
632
626
636
634
662
702
752
776
726
740
776
774
764
744
686
718
730
730
726
694
688
726
740
762
702
662
708
726
744
758
716
722
760
756
764
706
686
736
724
728
690
620
758
738
764
730
684
716
700
678
620
634
634
652
676
654
668
668
674
682
716
734
684
710
716
710
704
680
640
644
668
672
688
702
706
662
688
712
728
734
710
660
672
700
732
752
748
690
730
760
758
748
706
676
704
720
714
710
640
678
684
692
710
724
716
646
686
698
712
734
738
702
678
718
724
724
694
660
684
718
752
762
758
688
682
698
700
706
682
640
704
722
730
706
672
682
662
688
724
754
756
728
698
670
684
686
696
706
694
682
714
742
768
704
718
718
718
718
716
670
654
666
680
710
728
746
718
676
704
720
720
708
736
692
682
710
712
702
680
694
710
730
708
706
696
718
710
714
726
676
664
678
686
664
656
664
696
698
672
684
730
738
754
732
702
726
728
730
694
674
704
724
736
752
718
672
718
728
734
708
690
712
728
740
716
712
712
738
728
730
712
710
730
742
734
704
732
762
770
770
754
724
762
750
718
704
688
722
740
764
720
694
740
740
762
738
678
704
716
712
692
718
732
770
764
710
750
704
740
686
642
650
670
692
724
752
722
710
746
774
778
766
782
712
746
774
740
744
686
716
712
766
746
714
684
712
738
748
720
684
712
742
750
754
748
694
712
730
728
714
714
684
732
758
756
730
696
732
736
750
736
736
736
742
764
756
702
664
668
712
706
706
674
706
730
734
744
706
706
736
754
758
742
736
756
758
768
734
680
670
682
636
544
584
544
576
580
690
742
690
706
716
708
710
722
678
674
702
736
750
780
764
674
726
736
728
686
658
700
724
732
734
678
670
704
726
760
712
768
762
754
690
670
724
698
702
694
664
610
614
668
662
700
732
706
660
686
706
716
716
724
686
624
640
640
646
654
652
638
584
586
664
670
702
754
768
762
754
# end time: 2015-04-22-09:47:27, 1429710447.97
