# R wave intervals in milliseconds per line
# start time: 2015-05-17-16:08:31, 1431893311.32
668
568
656
680
670
590
624
648
662
742
744
740
690
678
650
674
620
588
628
640
644
694
712
676
676
732
724
668
700
696
686
696
646
618
586
600
582
582
594
662
724
744
686
716
756
738
660
718
680
674
674
668
638
642
644
684
710
746
662
722
718
722
776
670
682
680
664
670
630
588
600
618
646
690
686
668
670
726
688
606
662
666
678
710
706
764
700
714
684
722
702
682
744
734
748
764
738
734
666
660
660
644
632
608
624
642
650
690
622
598
698
714
740
742
724
706
686
692
710
676
712
666
624
644
652
654
656
668
656
692
700
702
682
670
682
672
660
640
644
662
690
714
710
670
682
690
684
654
638
642
680
666
680
634
656
684
698
674
636
660
674
688
636
608
594
588
630
682
738
718
720
760
732
740
626
650
646
660
682
700
696
676
680
684
674
654
612
596
636
654
654
646
704
734
732
780
750
686
706
690
672
664
612
618
616
604
580
580
580
580
660
692
728
692
678
650
642
654
636
642
596
624
616
630
622
600
582
592
600
596
620
640
680
618
662
702
650
684
624
650
678
670
682
620
652
650
662
628
622
672
686
698
732
618
632
648
636
636
612
668
714
754
716
734
730
728
724
660
640
630
648
640
640
592
642
646
670
646
652
664
712
682
628
598
606
616
648
654
650
662
614
694
846
782
772
742
662
620
608
636
612
564
610
554
526
580
614
586
662
656
652
590
678
716
662
714
710
698
724
694
662
676
646
646
632
624
654
694
680
690
686
698
656
612
616
656
688
742
788
798
792
760
790
680
670
664
660
640
712
674
622
628
648
662
694
710
726
674
660
670
692
700
680
662
656
662
692
644
594
608
624
654
686
666
590
610
604
600
574
578
558
552
592
626
664
686
698
684
678
666
660
658
642
654
634
654
628
570
612
626
640
660
636
636
714
722
756
714
712
702
674
702
628
618
638
648
672
676
632
652
654
684
626
646
642
682
700
686
688
710
724
686
694
638
680
670
666
648
620
670
676
670
676
658
696
712
732
712
712
716
664
662
648
686
678
646
596
670
672
692
684
656
676
658
726
652
652
664
680
670
640
638
688
692
694
640
654
654
706
674
642
646
670
702
712
666
718
706
724
676
696
716
722
658
702
706
718
724
696
726
744
740
692
696
718
706
682
652
610
634
646
622
596
630
638
662
732
654
640
666
682
672
636
658
632
698
618
618
614
622
614
598
594
620
642
682
692
650
640
648
640
622
594
594
616
644
670
672
632
628
650
640
644
654
598
572
590
598
604
610
646
618
646
654
640
610
584
628
628
592
602
618
648
668
690
638
590
602
596
584
652
692
708
718
698
722
730
724
668
706
732
754
704
686
710
750
764
776
762
726
730
720
694
622
616
648
702
740
738
652
650
698
740
760
784
776
698
678
680
664
630
618
606
600
622
622
654
644
634
664
674
694
640
636
686
678
674
640
618
656
658
744
740
690
712
664
664
618
600
608
624
642
670
658
672
710
710
680
620
650
616
610
634
624
662
698
744
692
640
642
614
630
600
618
632
672
710
716
674
712
714
708
688
632
594
606
612
644
650
654
660
724
762
778
780
748
724
732
672
610
668
686
702
720
640
684
740
740
712
672
688
694
680
640
644
662
652
624
676
652
614
606
606
614
586
576
566
614
692
754
784
756
716
750
724
756
700
616
600
646
700
790
734
756
782
786
754
770
720
738
698
686
676
686
666
672
568
610
638
672
672
668
736
730
816
772
732
676
638
654
674
692
686
696
744
698
750
730
714
690
684
670
700
700
716
676
638
622
684
710
684
646
628
654
668
710
700
748
710
628
600
634
606
622
624
668
702
722
732
706
714
708
710
750
716
660
690
756
788
820
738
730
784
758
792
772
770
766
724
648
626
634
606
584
646
694
770
712
724
714
750
664
608
666
652
624
600
612
634
640
660
622
630
694
706
724
718
674
686
698
688
696
664
664
686
686
686
644
682
700
732
724
740
774
776
736
708
718
724
710
748
686
674
734
746
766
732
746
748
716
656
710
726
710
674
678
686
716
688
662
718
746
712
714
652
694
678
648
682
692
722
718
684
704
734
758
752
652
682
698
710
714
696
722
748
722
672
708
770
690
690
644
664
680
650
630
648
676
702
650
654
672
692
712
658
648
718
740
726
704
744
702
750
678
622
680
676
692
730
692
704
728
740
696
742
776
780
792
746
750
794
780
720
702
708
688
640
630
650
686
722
748
688
730
734
790
686
702
696
640
658
626
626
626
582
610
616
612
658
614
612
662
746
782
806
786
748
760
738
766
706
690
658
670
668
650
690
744
792
794
754
732
730
730
724
664
692
710
768
726
662
684
702
690
656
638
676
682
698
652
650
662
712
728
