# R wave intervals in milliseconds per line
# start time: 2015-02-24-21:51:53, 1424832713.39
690
708
756
634
694
670
662
706
662
668
652
728
716
722
700
680
748
720
678
682
666
674
680
716
664
672
696
796
690
666
678
652
650
618
562
650
666
700
732
706
762
742
790
800
654
516
518
632
648
504
516
566
598
630
664
654
964
744
514
552
584
534
582
532
606
540
534
560
562
560
594
552
604
612
630
610
600
632
610
610
580
576
588
600
582
574
554
606
604
582
570
560
614
574
568
570
572
576
620
580
572
600
582
584
554
554
550
562
550
610
550
558
616
580
562
594
598
600
562
564
834
564
564
552
588
522
560
568
572
564
560
594
586
608
568
544
596
542
572
532
528
548
580
594
626
646
660
666
652
660
622
606
586
590
560
562
560
572
620
602
594
572
562
600
568
582
574
570
604
624
636
680
644
626
624
610
584
602
566
570
552
566
558
602
584
602
636
652
652
662
644
738
602
656
620
620
586
608
532
1028
754
854
512
570
536
580
562
558
614
560
532
572
552
600
602
628
656
716
714
768
716
760
718
686
662
668
654
656
676
644
634
666
656
614
650
616
634
658
620
584
636
598
644
606
578
622
622
606
616
598
616
616
618
612
574
728
604
620
600
642
580
566
614
584
582
596
600
606
590
598
604
594
582
576
572
576
584
580
580
602
604
622
608
600
604
610
606
622
582
588
576
590
592
574
596
598
652
646
624
632
626
622
606
594
582
586
588
580
584
600
620
628
604
620
598
608
608
602
584
586
590
596
566
582
582
592
572
566
570
578
600
614
596
608
624
638
626
622
628
620
602
556
608
582
598
582
564
550
602
582
590
580
590
602
618
600
580
590
586
576
566
542
572
548
546
618
1532
962
698
564
606
642
680
648
626
630
654
650
618
584
598
616
630
642
724
608
650
630
664
666
660
628
682
670
686
704
662
632
644
636
632
614
586
618
654
718
730
682
650
654
666
676
638
612
636
660
710
754
710
726
738
750
738
672
680
702
730
718
682
724
768
818
744
716
714
724
722
664
706
750
800
800
736
738
728
684
640
648
630
648
708
726
704
754
808
788
694
688
704
718
684
650
676
760
758
736
690
724
736
750
700
706
734
776
748
708
732
750
744
674
676
704
754
796
792
814
828
844
758
744
754
780
752
708
750
804
824
716
754
788
810
718
664
698
728
754
738
808
848
874
800
720
728
720
696
664
688
720
736
708
706
746
768
736
684
714
732
738
716
702
722
740
748
684
730
768
798
802
772
776
778
764
716
730
738
754
734
684
764
758
754
696
680
704
696
658
672
706
734
716
750
786
776
708
646
670
696
738
750
712
722
742
752
704
658
682
654
624
616
664
706
760
728
728
724
710
654
622
590
624
628
676
720
738
782
766
738
728
664
618
642
656
700
734
726
680
722
756
802
798
700
698
696
712
686
706
714
722
728
676
648
684
732
784
768
754
770
784
748
680
716
746
766
738
716
736
746
760
704
696
730
730
768
682
780
788
776
716
718
768
810
820
814
744
710
734
760
780
744
766
768
794
806
732
700
736
758
806
762
748
772
780
756
710
724
764
784
780
712
742
750
718
654
638
664
612
654
676
736
800
804
828
814
768
718
702
738
796
850
842
846
866
882
826
834
818
768
710
694
774
798
806
766
800
812
790
714
724
752
772
726
734
662
672
716
764
870
842
842
804
820
720
718
724
746
734
692
718
740
768
784
736
730
750
766
764
692
678
692
690
666
666
722
758
774
696
670
666
682
730
744
706
722
748
770
732
744
764
826
850
846
754
764
776
814
758
702
770
804
818
810
818
830
822
790
740
762
758
724
678
740
716
720
692
722
732
700
654
618
646
644
628
634
628
684
598
650
652
664
666
638
606
630
644
686
702
782
666
668
680
700
722
762
816
690
694
706
678
734
700
766
782
748
734
760
708
744
724
666
632
654
682
700
746
754
732
688
746
750
752
766
730
726
754
772
788
770
792
786
742
690
632
640
626
614
616
684
698
680
718
744
770
790
724
714
690
710
720
746
706
666
668
700
714
690
658
666
718
738
708
722
706
744
760
726
736
734
746
768
770
728
754
770
782
730
674
698
726
736
722
684
734
770
746
682
722
718
702
724
710
742
768
748
688
714
734
752
764
732
770
816
836
802
748
740
742
706
646
732
736
750
782
744
776
768
732
796
790
728
754
744
766
740
694
714
734
752
722
736
748
766
730
696
720
754
764
648
674
648
606
616
654
730
742
732
780
770
764
746
674
698
720
748
764
800
702
738
784
814
762
770
764
800
782
732
740
756
722
756
684
702
746
784
800
788
696
712
732
748
754
714
728
764
770
780
766
752
784
778
734
674
676
722
730
762
740
736
720
730
700
650
682
688
712
812
810
796
754
760
722
738
694
684
718
752
766
744
728
760
768
760
718
742
732
748
764
732
702
726
748
748
710
720
754
766
740
690
714
736
762
752
702
738
746
742
704
716
742
774
770
702
714
728
712
716
660
686
706
756
754
722
736
744
766
736
690
680
654
692
640
632
672
690
704
756
740
710
712
676
682
716
750
778
824
786
786
782
744
684
642
676
682
678
672
710
690
766
722
668
694
708
732
748
684
664
706
712
790
732
698
694
722
750
732
680
684
708
726
736
686
712
724
758
722
678
706
750
784
776
696
722
688
736
680
630
650
696
756
664
698
736
754
748
712
674
668
732
714
704
666
694
732
754
752
694
716
740
746
688
650
664
680
682
666
650
672
694
692
662
628
650
660
712
734
698
718
746
754
704
674
692
700
788
732
694
780
794
772
724
776
796
774
702
678
748
754
724
700
750
742
816
704
662
740
726
718
690
718
750
862
786
768
778
788
716
662
716
714
756
662
696
706
722
678
700
660
668
668
650
620
612
650
700
718
700
716
754
776
752
698
674
710
720
696
644
720
724
756
746
748
730
758
758
740
680
698
738
770
766
764
754
786
790
722
678
766
774
744
690
726
758
768
692
706
710
744
754
718
700
742
758
732
680
684
712
748
726
694
724
752
732
664
692
692
706
670
662
746
772
818
756
712
764
744
726
648
692
728
698
742
680
718
694
766
706
666
736
728
802
716
698
734
764
734
690
700
616
756
704
706
770
776
758
732
716
730
744
692
670
866
718
752
732
682
718
746
718
668
706
740
722
682
696
720
724
742
670
700
726
692
660
702
696
732
690
726
700
676
654
618
614
612
618
584
600
602
666
720
726
690
614
700
656
640
656
576
650
666
718
798
768
726
738
802
768
716
686
714
716
706
692
718
760
764
776
684
680
740
730
732
634
696
600
646
648
668
712
742
694
756
776
780
722
672
884
720
714
708
674
734
734
764
684
720
730
754
694
718
760
758
684
672
708
710
660
696
688
736
748
762
712
740
734
682
670
612
684
692
690
746
688
702
728
746
720
670
674
708
742
746
706
754
744
740
712
686
720
742
718
704
734
750
700
730
720
728
788
718
708
744
762
724
678
730
730
702
652
684
706
712
722
662
732
750
716
678
686
704
714
686
670
694
720
738
672
720
734
748
704
684
714
712
690
668
700
716
734
686
654
714
730
716
702
700
768
692
690
620
704
648
702
680
690
706
772
700
662
696
724
816
732
692
744
764
762
746
694
704
736
732
688
744
762
794
780
694
786
804
798
716
684
710
724
724
676
748
752
790
790
702
738
728
790
712
696
700
722
730
690
676
724
732
818
722
706
768
756
726
648
696
696
762
684
734
746
776
736
730
728
736
732
700
666
752
764
736
698
736
748
766
702
714
724
746
718
680
686
756
762
730
684
718
700
722
646
698
730
732
700
672
704
696
742
692
710
702
738
742
784
692
682
700
770
738
676
718
698
750
762
690
714
702
798
750
716
680
734
706
768
700
684
738
744
736
762
676
670
726
670
700
652
682
702
632
676
658
650
632
700
686
682
684
650
672
678
732
652
650
684
706
712
704
678
716
744
706
706
652
672
680
648
684
668
716
652
680
674
708
710
694
716
694
710
628
612
646
654
688
546
676
550
612
602
746
570
614
622
732
734
698
674
666
678
684
692
844
730
680
768
720
686
716
698
700
762
724
750
792
770
738
784
750
744
774
698
744
748
724
754
696
748
734
650
616
644
640
628
628
630
686
658
642
672
714
742
570
678
666
666
654
654
702
658
682
650
652
680
622
598
682
636
646
652
582
612
618
652
634
622
628
632
586
614
606
628
650
588
584
600
534
642
586
652
580
648
672
646
732
738
778
800
702
754
732
782
730
686
702
650
764
746
718
700
700
766
802
830
756
712
740
782
876
834
684
750
704
776
720
620
664
700
714
718
666
682
730
756
752
660
686
650
690
688
668
656
686
712
736
664
680
700
732
734
738
680
700
764
804
780
700
718
752
762
844
776
734
696
712
732
704
688
694
772
728
750
702
668
718
712
682
632
700
650
652
680
748
786
770
682
732
700
730
734
682
740
730
812
786
736
700
760
750
718
712
792
800
848
734
700
760
784
770
684
744
716
756
750
712
766
768
812
566
722
690
756
670
700
686
660
672
846
618
578
566
592
594
632
652
670
726
664
666
702
682
652
628
672
698
700
678
698
734
784
752
716
744
702
762
792
750
730
720
762
770
782
730
704
686
570
784
748
730
730
784
816
784
702
854
752
754
696
730
740
778
834
768
716
748
750
782
732
718
756
746
814
718
704
798
816
798
704
700
680
770
812
784
780
866
866
818
722
730
814
784
782
704
680
734
748
748
684
652
716
666
682
786
790
772
734
740
716
776
702
702
738
776
888
532
632
712
632
718
616
664
638
648
698
684
668
702
714
800
830
854
812
752
704
732
732
798
770
696
764
756
762
788
732
700
746
750
752
752
716
720
642
650
652
682
702
668
648
680
690
732
776
774
814
764
800
784
718
650
638
676
684
738
802
778
864
866
884
788
768
748
748
770
698
734
744
752
802
772
726
714
750
756
728
738
646
702
616
666
652
696
762
760
812
806
814
848
782
702
730
754
800
766
750
752
786
748
762
714
722
754
700
714
666
666
666
668
698
672
630
718
730
734
700
718
714
720
680
668
670
700
664
652
648
620
614
668
680
666
632
684
702
798
768
684
620
744
666
688
650
698
664
666
690
664
714
688
652
710
750
818
848
788
810
716
670
704
686
774
778
770
808
828
754
700
740
758
764
770
780
820
728
732
708
686
746
716
700
692
734
742
710
734
718
714
770
694
724
732
766
734
734
700
716
718
682
616
680
670
624
642
634
714
780
812
778
732
710
722
718
748
696
700
740
814
796
744
730
778
784
764
754
764
862
850
770
698
774
766
732
714
686
730
784
882
736
786
752
842
762
656
766
758
758
806
732
746
702
734
748
752
712
736
800
838
828
768
698
706
700
776
740
700
750
780
818
768
800
682
782
764
764
752
702
698
720
730
770
762
716
734
750
788
778
804
684
712
682
704
736
744
788
630
666
686
668
714
718
732
798
770
734
694
652
670
694
688
714
700
670
660
670
614
656
644
686
632
764
788
834
844
816
768
788
780
836
764
784
784
846
888
894
818
782
850
852
866
816
818
834
834
798
672
626
680
712
778
832
814
784
770
746
832
722
678
754
760
842
778
768
688
744
796
810
792
750
684
764
800
826
840
750
756
796
798
720
680
734
738
828
824
724
790
764
836
748
698
714
690
698
712
688
762
822
818
930
846
768
744
754
768
702
712
728
812
850
832
798
814
818
766
730
674
676
702
672
650
594
666
684
738
716
748
770
810
806
750
782
730
734
746
692
694
730
764
806
820
734
812
816
838
812
732
732
742
776
768
720
746
814
786
816
772
790
826
792
766
710
744
816
832
800
756
812
822
758
736
750
788
810
770
750
746
752
720
760
670
696
720
764
732
702
708
724
800
734
720
730
806
762
732
698
702
702
730
682
736
766
794
772
754
714
684
748
684
634
684
648
636
672
722
722
730
812
806
750
780
764
768
768
732
682
738
744
774
706
702
710
762
796
768
716
722
710
798
776
696
722
722
740
732
748
714
734
750
750
686
678
744
724
798
704
698
746
744
738
770
700
732
752
778
774
726
718
634
666
674
692
686
668
746
788
798
814
684
732
734
714
652
650
586
546
620
684
710
800
788
778
818
800
754
812
766
750
704
744
720
702
766
712
664
672
682
698
686
682
780
818
836
848
798
720
662
638
666
698
504
564
514
526
626
530
802
762
734
788
732
782
714
700
704
762
770
734
762
706
758
536
586
718
652
714
738
780
748
698
690
878
568
798
696
734
788
828
800
702
718
714
716
668
650
666
682
700
734
696
700
720
718
798
782
734
748
752
770
812
754
700
718
732
766
718
762
786
796
838
750
778
688
664
668
848
586
752
786
778
784
770
750
748
688
698
742
744
712
734
718
764
782
768
716
734
764
752
704
724
718
720
732
666
604
838
634
668
628
722
734
716
716
700
698
770
730
686
666
734
706
732
734
666
714
770
810
786
768
796
800
786
730
658
722
572
754
780
706
714
800
786
716
714
720
770
744
782
684
716
720
748
652
680
700
718
924
604
800
752
882
600
736
686
748
730
738
744
738
734
796
770
960
1032
620
830
700
636
738
734
830
816
764
788
764
838
728
704
634
700
680
716
768
700
736
762
766
772
688
744
740
758
818
756
666
700
696
782
836
848
766
790
780
836
764
718
718
730
734
698
706
712
802
812
786
748
756
728
784
656
712
718
702
798
748
700
734
738
732
766
682
688
732
718
696
684
682
718
764
756
710
718
736
748
738
668
732
732
818
818
730
720
734
760
750
690
710
774
794
750
686
764
514
750
718
678
652
684
706
700
730
706
700
776
768
704
650
714
734
730
722
748
700
700
768
786
732
764
770
828
784
716
668
686
716
748
754
780
830
740
664
704
694
722
684
730
664
704
738
830
828
736
700
764
756
766
716
662
666
684
684
690
664
662
700
674
726
750
756
664
732
720
748
814
804
762
738
714
736
762
784
784
716
714
686
732
670
668
650
632
696
540
634
632
650
746
750
502
716
736
764
750
752
750
664
666
732
768
532
616
732
750
518
766
528
588
684
696
756
778
724
794
502
730
652
684
698
666
700
782
784
750
536
750
712
700
684
686
614
532
700
750
520
610
538
750
650
512
564
520
520
630
750
748
638
582
618
532
684
846
504
568
742
654
650
632
632
652
686
814
564
772
744
748
734
682
724
710
684
688
844
570
746
722
744
722
744
668
746
674
714
696
696
726
694
670
696
668
698
652
650
668
668
694
722
744
750
782
734
802
730
732
700
724
678
670
714
650
652
694
734
722
714
746
722
764
668
814
650
744
642
644
636
652
666
714
634
650
666
698
780
538
816
766
766
768
764
702
698
702
502
564
780
722
764
780
520
798
766
770
502
598
780
668
746
756
794
752
668
796
754
730
638
666
778
724
744
654
764
748
748
674
664
668
714
700
698
668
734
634
530
750
734
732
716
732
768
766
702
748
750
784
718
698
718
750
782
734
732
718
732
718
682
702
716
748
716
718
732
750
718
682
716
734
732
684
620
648
732
702
734
714
684
732
734
702
714
732
754
514
596
726
790
506
800
782
716
704
502
564
716
666
668
648
634
650
702
700
700
800
800
752
716
732
718
698
668
602
630
650
716
820
848
752
814
818
848
700
702
748
732
754
796
802
718
634
776
568
636
644
636
634
650
618
616
614
588
730
616
668
796
700
700
782
682
538
782
770
750
750
696
668
698
720
748
768
748
686
750
782
508
596
728
634
634
648
632
652
784
568
648
724
508
796
836
754
732
750
748
718
698
702
750
802
830
750
736
816
562
590
694
674
740
786
784
700
722
746
722
764
696
652
654
716
746
634
716
722
744
670
616
632
632
586
616
616
620
614
600
616
602
598
600
600
584
584
564
600
504
532
550
550
566
550
600
584
650
634
650
650
666
664
602
600
600
588
614
616
650
650
668
666
602
582
602
648
666
530
550
652
534
562
658
532
526
636
700
774
742
750
684
656
684
664
650
744
654
650
698
774
558
818
734
768
816
866
868
870
780
720
762
784
800
784
750
786
830
868
816
766
770
814
752
682
670
682
696
684
634
650
686
698
684
664
684
720
518
596
772
664
666
730
698
782
754
732
638
726
786
520
552
646
668
746
724
526
804
502
598
668
514
782
518
598
774
694
636
746
774
740
676
710
698
588
764
652
848
718
768
768
750
632
664
684
732
768
732
670
750
748
752
732
684
718
746
752
748
684
700
750
766
702
602
650
696
732
768
768
736
518
594
754
518
746
684
718
748
704
714
734
686
662
684
700
650
618
630
618
720
766
518
610
754
698
502
768
502
582
780
620
694
754
802
746
748
686
780
758
772
660
742
738
782
650
870
536
716
746
518
752
730
750
752
768
766
732
716
766
518
616
504
782
732
518
580
722
716
618
666
714
730
754
532
532
640
560
512
646
742
722
714
778
724
684
666
714
716
802
696
698
726
710
748
754
514
784
734
750
502
582
772
764
616
652
644
604
764
598
652
666
800
768
718
780
770
782
700
668
684
598
736
716
698
698
774
764
802
684
664
732
716
516
736
666
680
718
766
506
602
792
700
754
794
522
814
718
734
766
782
734
686
700
750
748
732
670
714
766
734
716
700
700
686
668
680
702
714
720
732
818
784
732
698
784
514
560
764
744
700
504
530
622
532
796
702
752
750
528
586
698
640
770
710
516
802
568
648
516
650
800
582
602
668
512
752
734
734
746
502
586
796
780
756
564
530
658
526
770
680
700
752
526
606
782
656
510
800
506
602
530
766
696
716
750
504
584
746
650
534
800
522
608
674
684
792
780
754
654
770
764
530
750
698
600
1332
800
586
604
616
796
754
716
716
778
726
774
702
698
784
754
772
694
700
780
756
782
654
796
694
1890
1282
770
816
668
798
816
834
768
730
738
748
748
686
684
714
752
798
736
766
768
784
732
696
700
704
718
680
666
668
650
652
684
766
818
780
670
780
748
754
700
698
652
650
652
750
750
766
750
666
514
560
790
518
816
736
750
768
530
604
730
652
716
698
700
774
796
800
618
796
502
532
622
770
710
716
748
748
754
734
782
520
568
662
520
504
616
742
536
786
748
686
702
728
736
684
684
506
566
544
770
730
718
504
564
802
716
700
746
504
516
614
734
700
754
796
724
666
714
798
504
512
618
694
762
532
730
650
634
650
652
716
720
750
782
550
630
522
504
616
512
686
650
748
700
618
652
534
526
638
502
668
550
550
504
612
830
754
734
748
570
596
636
750
746
658
772
740
722
694
700
502
732
734
668
684
716
750
786
562
640
698
670
514
780
768
718
700
732
754
530
618
616
634
700
736
734
816
700
764
736
734
714
670
712
754
748
768
716
800
820
932
712
720
748
782
738
712
788
796
850
752
700
720
736
566
802
512
752
734
782
768
716
700
514
768
784
752
798
734
720
656
638
718
732
684
700
780
850
834
870
814
804
846
802
732
718
734
782
802
764
722
762
800
834
800
638
654
700
616
502
784
746
684
734
782
518
562
754
846
868
816
850
768
770
800
780
716
720
800
802
748
702
730
738
742
720
734
804
830
818
734
750
784
798
738
696
752
798
836
764
800
804
816
830
720
698
786
766
850
780
734
878
566
516
766
696
736
766
548
620
780
734
502
784
784
734
714
732
720
700
730
704
764
882
852
802
830
850
850
786
716
746
738
782
832
768
716
736
750
764
750
684
732
754
750
798
734
766
766
750
684
752
768
796
818
618
800
716
700
512
564
624
634
780
618
616
654
516
730
652
668
716
746
504
800
764
702
748
752
764
734
684
732
512
604
518
804
748
748
536
602
528
502
618
700
696
750
768
734
700
714
750
720
950
712
714
766
716
766
804
862
802
736
764
784
502
574
744
650
732
738
782
532
572
694
772
776
784
734
684
722
526
520
630
534
782
750
550
616
750
750
620
754
796
802
698
754
762
840
806
756
734
798
784
764
718
714
736
780
850
816
804
828
866
850
750
786
734
780
786
746
716
752
814
854
516
788
722
698
768
830
684
718
762
772
816
882
866
800
812
818
836
750
896
548
804
830
848
720
714
750
720
714
714
736
766
848
832
702
652
762
634
654
598
636
732
632
732
732
750
798
838
832
764
698
720
# end time: 2015-02-24-22:44:47, 1424835887.21
