# R wave intervals in milliseconds per line
# start time: 2015-07-19-16:16:32, 1437336992.48
606
598
592
606
604
610
618
600
582
594
574
606
514
614
558
574
562
558
570
564
584
580
562
568
576
580
588
608
592
558
566
562
566
570
574
610
646
626
634
660
622
624
626
608
574
546
562
566
582
604
628
604
588
604
614
640
660
650
608
608
608
606
606
578
560
582
604
652
708
684
662
684
666
634
590
580
578
580
602
618
618
622
634
646
672
690
702
716
672
638
622
618
606
610
600
596
604
628
642
650
642
610
588
588
580
580
574
582
600
646
684
654
640
668
680
684
650
612
610
614
612
606
588
582
590
594
596
582
578
594
608
624
624
624
646
662
636
632
660
658
622
590
584
592
608
630
662
664
638
624
628
630
610
586
586
592
618
636
628
610
608
596
594
598
634
650
670
620
590
582
592
626
658
678
650
638
650
660
674
690
696
690
666
648
664
660
652
650
626
622
640
652
672
666
634
636
644
642
632
606
616
624
628
614
580
572
582
586
610
632
666
662
668
656
598
574
570
570
568
556
544
556
554
562
558
566
572
586
602
610
594
580
584
602
604
618
616
600
604
618
610
604
580
568
572
580
600
610
596
610
630
646
620
602
618
638
662
666
624
594
602
610
606
612
596
600
614
622
622
594
580
590
596
606
592
576
572
578
598
632
650
664
642
636
608
594
572
572
586
590
596
602
616
636
660
666
648
620
616
622
628
632
632
612
580
582
592
612
640
654
630
642
648
658
650
612
582
570
580
580
584
542
548
550
552
574
610
650
680
646
628
644
636
632
626
624
620
610
604
590
600
608
622
644
654
652
626
624
616
614
612
610
596
590
618
642
662
642
606
612
636
662
656
630
604
602
626
642
646
620
598
608
622
632
622
596
598
608
618
630
620
616
632
646
646
620
594
602
606
626
632
618
626
642
646
628
590
606
608
610
594
594
612
636
648
632
620
622
636
620
590
586
600
616
618
592
574
590
598
606
590
574
578
588
608
612
588
598
624
632
632
632
608
580
584
600
610
622
644
626
616
636
648
640
614
598
602
612
628
634
614
604
616
640
664
668
644
614
610
616
618
604
582
584
602
620
644
626
610
610
612
606
582
566
576
560
560
550
550
558
600
636
680
660
622
634
654
642
610
598
618
640
650
666
652
614
608
622
618
592
586
598
632
662
668
652
660
670
670
658
640
618
632
640
640
630
606
594
606
620
634
638
638
660
682
686
642
612
622
636
630
612
592
592
604
612
604
610
642
672
696
674
640
652
650
648
640
624
610
630
650
646
622
634
660
674
662
634
630
652
658
638
618
632
646
666
652
620
632
654
664
656
626
622
650
662
654
626
618
636
640
630
610
622
638
656
638
618
642
650
638
604
610
628
648
646
620
620
634
636
626
610
602
624
638
616
592
608
638
# end time: 2015-07-19-16:22:51, 1437337371.08
