# R wave intervals in milliseconds per line
# start time: 2015-09-03-18:08:03, 1441318083.67
758
726
1284
770
534
664
652
642
626
630
642
620
628
636
652
662
688
660
642
656
682
698
716
726
684
718
736
742
686
682
728
766
752
704
730
724
668
652
666
646
638
638
676
726
736
692
710
730
734
722
694
682
706
728
734
686
678
710
738
728
692
712
742
746
724
678
664
698
718
736
682
668
702
738
768
772
702
702
728
724
700
668
656
680
690
692
672
676
702
700
696
644
638
642
662
684
672
664
700
728
756
766
708
680
718
724
696
662
676
696
712
674
648
650
676
710
734
696
648
658
662
672
650
644
614
626
634
670
680
666
732
810
838
836
806
724
702
734
748
768
728
694
740
766
750
716
774
800
754
682
964
578
1154
692
632
588
562
628
636
646
656
724
776
802
712
686
710
722
698
672
648
638
676
690
702
684
664
626
650
654
686
668
670
708
768
766
704
688
706
720
760
722
672
698
742
772
714
688
720
744
750
686
662
682
678
672
670
646
658
678
672
684
676
670
650
624
642
640
632
666
710
710
674
664
688
710
740
720
682
652
682
702
742
762
742
676
664
682
664
678
684
696
698
674
618
628
624
614
608
608
630
662
762
738
642
664
736
790
768
766
760
736
736
664
688
692
722
704
716
668
680
688
692
698
654
636
678
694
752
734
748
798
764
700
680
684
686
706
738
748
756
772
706
720
734
726
704
656
632
622
614
612
618
628
650
714
796
802
720
756
798
798
790
756
690
658
662
684
726
750
702
684
716
746
776
758
696
698
734
738
726
656
634
644
656
668
684
660
670
704
712
718
670
656
652
668
636
608
630
622
646
682
730
714
724
744
742
702
674
696
712
736
728
702
720
732
746
720
720
748
762
718
694
720
746
724
676
676
714
748
748
708
716
744
762
714
680
706
748
788
772
710
718
748
766
746
696
712
732
744
706
684
718
754
770
720
724
738
740
684
682
698
722
696
676
692
714
718
724
720
688
688
704
706
704
682
696
720
726
738
684
688
712
724
702
676
714
740
770
736
696
742
770
786
710
666
698
722
758
746
708
750
788
810
734
696
712
716
704
668
666
698
720
754
716
696
732
720
708
648
698
684
680
692
648
650
656
646
602
620
628
646
666
658
654
626
638
652
642
652
654
654
642
626
638
652
658
656
634
660
702
726
710
688
740
736
722
672
654
644
638
630
674
726
752
746
710
740
748
750
690
680
704
724
732
674
640
640
638
618
630
686
770
800
812
752
732
742
724
656
624
638
678
738
726
680
698
736
762
746
680
660
674
670
716
738
756
760
728
682
700
690
680
648
620
646
700
762
760
728
748
748
722
660
654
672
624
620
644
638
680
744
790
798
718
712
742
748
708
656
684
710
710
666
664
720
774
704
650
686
724
796
794
816
766
716
746
738
750
724
720
770
822
832
780
768
788
770
714
730
764
754
712
754
790
796
720
730
756
766
688
684
702
750
746
688
728
756
766
716
716
752
762
726
690
724
726
696
672
716
734
698
710
744
762
716
700
746
774
724
714
736
722
682
672
708
724
684
618
682
692
670
674
662
704
742
736
734
698
670
682
694
662
648
636
658
690
692
662
662
656
656
666
676
670
644
682
726
740
692
694
726
740
690
686
738
756
696
698
740
768
724
670
702
728
714
672
694
742
732
686
712
732
740
694
682
726
756
716
684
720
762
754
694
700
738
746
700
682
710
728
688
676
720
754
720
714
748
742
690
706
734
756
704
708
738
744
704
714
738
730
684
700
742
746
710
728
758
702
668
696
708
674
662
674
642
656
644
634
644
670
708
714
728
732
732
668
636
642
638
610
602
590
608
638
656
710
760
792
770
742
756
758
704
672
682
668
680
700
672
662
694
718
754
712
696
690
658
642
634
650
672
688
664
648
660
672
702
732
756
760
760
724
720
704
682
656
650
676
692
734
764
776
782
772
780
768
768
776
778
752
720
718
736
760
754
748
742
706
668
656
668
680
698
732
734
738
736
754
754
710
684
696
702
712
704
680
674
672
646
644
656
674
730
800
826
824
822
786
726
716
712
702
684
682
684
672
658
664
702
748
790
774
752
750
738
738
724
708
712
736
748
754
740
750
694
690
704
704
702
676
678
698
694
704
712
714
704
652
626
640
650
654
648
654
654
660
692
748
804
844
778
752
724
718
736
738
762
796
768
714
724
752
796
746
702
720
728
726
674
676
716
750
788
752
760
780
762
720
746
756
740
700
740
762
764
744
766
794
762
764
802
806
754
724
744
756
708
718
720
690
684
724
728
738
776
794
768
746
764
768
710
714
724
748
720
742
786
810
762
778
802
810
746
758
780
784
728
708
756
778
758
702
734
760
764
692
678
700
706
676
656
698
740
782
764
716
718
710
676
680
678
668
644
668
686
706
706
704
748
778
792
738
738
750
756
712
682
722
746
776
734
754
792
776
744
782
794
798
794
718
676
690
704
712
686
724
756
784
742
708
744
758
754
694
690
704
720
700
682
732
774
834
796
806
824
838
726
714
724
750
686
662
690
710
702
686
720
740
748
730
696
694
688
694
686
650
658
662
648
662
678
708
732
746
736
700
654
682
698
680
694
678
680
686
690
702
704
666
654
646
646
658
696
704
686
688
696
708
716
716
680
676
698
714
736
736
680
676
690
712
678
658
668
682
718
750
734
734
764
782
746
728
756
776
768
712
724
740
730
706
738
754
778
730
726
742
752
732
694
708
722
700
702
742
780
774
744
748
756
756
748
736
680
660
650
656
648
602
628
656
706
734
742
764
802
788
770
766
722
752
778
752
704
682
696
708
748
776
786
748
724
728
732
712
702
696
692
692
674
684
688
692
704
694
702
730
756
778
736
720
736
728
688
700
714
730
702
710
720
736
744
724
670
662
672
662
654
638
640
668
698
726
746
706
690
720
732
728
656
660
666
644
650
668
712
726
670
672
674
668
668
682
626
608
606
616
614
676
890
886
868
862
850
832
810
788
764
748
740
738
732
732
722
684
690
682
698
710
710
712
708
662
628
656
684
718
764
784
782
744
728
728
718
702
698
674
696
722
740
720
718
744
750
748
718
728
722
718
670
636
644
658
674
704
702
700
724
768
790
810
756
698
672
670
692
720
730
734
762
758
744
756
724
706
696
686
652
682
648
642
638
634
652
646
606
618
602
634
658
662
698
654
752
652
716
774
790
724
726
758
778
718
708
722
738
750
744
744
700
718
740
740
690
660
676
720
760
736
680
650
676
682
726
738
702
672
700
718
742
708
666
686
664
646
632
660
654
628
660
702
750
776
708
670
694
722
702
660
660
708
772
774
716
746
800
824
812
752
770
766
750
686
650
696
744
796
750
726
776
782
738
676
688
714
722
684
656
690
722
740
704
666
686
712
744
716
672
698
696
722
686
648
656
666
642
646
656
676
656
692
730
748
702
686
718
736
752
706
724
766
772
720
686
722
742
732
690
738
764
786
732
666
692
708
710
674
704
746
748
696
668
742
764
722
700
760
672
684
700
722
696
664
692
730
738
712
672
692
722
752
726
688
724
754
756
702
692
736
726
700
652
670
688
700
708
676
692
724
718
664
676
694
712
690
658
674
708
716
686
658
714
762
792
726
700
744
768
754
694
694
720
716
684
666
710
728
734
698
736
776
816
750
710
748
738
696
680
716
748
726
686
688
714
720
690
688
724
702
678
662
674
658
612
656
674
686
658
696
728
710
736
718
710
642
646
678
718
704
692
744
770
704
674
674
684
696
654
632
640
642
650
634
656
706
736
720
674
672
670
638
624
632
644
690
772
802
794
830
844
828
756
758
766
730
668
662
678
692
680
694
762
808
832
772
772
796
780
712
726
750
744
718
762
798
814
778
766
792
794
740
710
748
754
746
706
754
790
782
714
760
794
778
700
690
732
764
722
664
696
718
736
702
666
682
670
658
654
664
638
658
688
714
716
682
692
740
778
746
706
748
768
748
694
708
728
748
720
676
694
738
790
724
686
742
784
786
722
748
760
756
696
694
732
756
734
694
742
760
764
708
690
724
736
724
690
724
754
774
730
706
726
730
694
662
696
736
756
714
726
772
794
730
712
736
748
706
702
744
782
758
728
766
772
746
678
672
686
682
652
632
664
686
716
692
652
616
622
634
658
664
702
672
708
708
668
630
622
646
682
702
656
648
672
700
664
642
640
726
802
800
728
740
782
746
678
692
716
734
750
690
650
684
702
728
762
736
706
720
722
662
658
690
728
746
690
700
688
698
730
794
782
746
772
780
774
734
704
744
770
762
706
740
760
786
744
712
772
812
766
732
792
808
744
704
748
774
790
712
750
762
610
688
612
608
632
664
682
756
754
746
698
684
734
734
678
632
642
692
756
774
722
696
730
750
712
680
716
730
696
656
686
718
708
756
818
858
794
780
770
774
720
684
704
718
716
680
658
688
716
716
694
710
758
764
722
684
728
742
702
674
704
726
728
722
732
722
698
656
664
664
664
664
644
670
700
716
692
692
736
726
674
664
690
698
692
658
638
670
700
688
674
690
714
710
684
658
672
688
682
686
664
640
628
662
694
704
692
684
646
600
642
620
620
582
592
578
578
590
550
568
576
588
576
580
580
566
580
550
564
572
616
652
616
608
648
662
666
658
714
826
816
708
680
684
674
644
654
670
660
624
652
680
720
734
696
736
762
792
728
740
764
764
706
670
698
770
808
738
716
768
794
764
700
726
768
804
770
696
720
740
764
724
684
722
686
680
698
690
662
656
658
700
744
782
784
724
690
668
668
690
730
766
798
748
750
732
724
732
686
688
706
730
702
702
738
766
794
752
698
742
766
794
774
712
738
750
766
716
710
746
754
780
752
730
754
768
772
726
746
786
814
788
754
782
776
768
718
704
748
774
790
722
692
724
760
744
676
662
656
648
656
690
670
696
702
720
712
680
644
656
662
632
628
682
744
790
784
808
816
770
734
768
796
794
728
732
766
780
718
742
760
764
754
758
780
814
746
690
738
760
730
684
718
728
750
726
716
734
748
740
728
778
832
840
832
818
806
810
790
752
784
802
800
760
762
790
792
746
718
736
752
756
716
720
758
778
760
718
728
764
780
754
736
782
810
788
744
774
790
756
704
710
738
778
796
740
766
802
824
780
780
796
804
746
748
728
732
720
732
784
830
824
746
736
716
698
672
638
672
676
704
706
766
808
812
740
746
744
728
686
724
778
816
784
792
832
850
834
758
768
770
756
694
696
742
776
768
710
718
726
720
678
666
676
682
684
660
654
634
650
680
758
806
778
786
812
814
768
702
730
752
750
678
674
724
764
744
754
806
808
744
702
756
790
794
744
700
742
778
794
766
758
742
716
694
664
678
710
748
756
750
746
716
704
736
754
778
720
692
716
730
726
752
750
718
692
728
754
732
674
726
744
704
680
740
790
766
690
706
742
762
726
676
692
708
664
674
684
714
688
688
742
766
754
700
712
754
794
760
684
694
698
644
642
622
604
612
596
604
622
640
694
730
734
676
670
678
656
636
606
606
606
616
652
698
756
758
724
754
770
740
700
736
764
736
678
682
734
752
708
690
712
724
696
696
758
774
734
696
722
738
706
702
748
758
732
714
738
746
704
698
728
760
730
710
754
744
684
706
730
714
728
746
732
708
732
728
716
670
652
636
636
646
638
638
672
692
668
636
646
668
662
628
602
614
634
642
642
618
646
662
674
666
648
632
642
604
620
622
628
646
644
624
668
674
660
682
666
670
662
628
616
622
634
666
684
682
718
730
704
664
682
688
670
654
630
648
654
672
690
654
654
648
666
750
778
724
728
766
802
790
732
778
798
790
772
706
716
736
748
704
664
668
702
734
712
700
740
752
730
706
688
664
650
672
678
660
640
660
706
734
748
726
778
810
774
698
712
718
732
692
706
678
652
634
656
670
688
666
656
624
630
634
680
678
658
692
714
712
670
702
730
760
736
708
742
764
766
724
742
766
764
716
706
760
802
780
714
720
730
680
652
680
712
686
682
730
742
722
672
672
698
708
692
662
684
710
732
768
720
718
744
764
722
686
712
720
694
654
680
696
708
678
648
684
716
714
668
706
740
748
694
686
716
744
758
706
722
736
716
678
644
636
634
632
640
648
638
666
698
710
668
640
664
678
714
692
672
728
784
820
782
762
770
744
690
658
688
712
704
674
710
734
710
720
744
716
670
672
688
694
662
630
666
700
724
706
670
700
698
642
634
630
618
656
666
640
650
704
730
744
740
702
666
696
716
732
694
652
672
698
736
744
706
672
702
722
726
696
690
726
720
682
640
656
704
744
726
672
706
732
742
702
714
748
756
706
678
714
740
744
708
682
710
724
704
672
698
694
664
626
644
664
700
710
710
768
806
774
722
744
774
754
692
700
726
728
692
684
732
762
758
712
744
752
708
660
674
686
694
690
648
684
692
694
654
620
592
594
612
650
704
722
734
712
726
688
676
704
712
706
698
696
688
682
660
656
644
630
626
620
630
634
702
752
800
822
776
764
738
700
658
676
684
696
694
662
676
666
654
676
710
716
688
718
742
740
678
642
664
# end time: 2015-09-03-18:42:19, 1441320139.42
