# R wave intervals in milliseconds per line
# start time: 2015-06-18-21:46:15, 1434678375.06
764
834
868
832
746
738
780
816
800
844
838
834
754
800
828
808
732
734
846
852
846
828
828
914
820
750
830
864
866
804
752
780
818
732
772
798
886
834
720
772
756
730
736
734
766
846
790
712
802
804
744
686
784
794
866
820
786
810
786
718
752
782
818
796
790
816
884
814
782
720
728
798
736
768
856
896
900
798
836
818
834
754
750
810
782
700
700
764
732
708
680
650
714
740
764
720
718
830
764
748
766
776
710
770
782
798
756
666
668
746
778
734
744
828
866
802
740
756
804
748
780
814
856
806
796
864
834
734
750
748
684
702
764
856
856
840
888
894
940
842
870
848
808
740
822
794
784
712
710
# end time: 2015-06-18-21:48:12, 1434678492.35
