# R wave intervals in milliseconds per line
# start time: 2015-11-25-11:51:12, 1448470272.7
578
556
586
608
616
596
594
582
566
576
540
576
528
568
508
540
642
698
718
658
624
580
566
546
590
574
572
580
576
576
570
548
588
558
558
570
578
588
610
632
662
668
650
662
630
604
600
602
630
646
656
646
626
630
584
586
562
544
558
576
596
622
602
596
616
614
612
590
572
584
580
584
588
586
588
602
610
612
610
598
580
588
604
614
622
624
620
596
592
602
592
602
592
580
586
588
582
578
560
570
584
604
586
590
602
632
652
632
592
582
598
610
592
578
542
542
572
550
544
580
582
588
608
616
594
574
554
554
578
590
608
598
602
592
572
548
550
568
626
730
690
646
660
624
610
628
622
608
606
596
570
558
578
576
586
584
570
556
550
534
534
508
544
544
548
542
550
550
536
550
548
542
532
556
536
522
520
524
562
604
608
592
606
612
596
592
580
578
570
546
544
528
530
510
508
960
512
504
508
536
570
608
634
654
666
666
590
608
590
576
560
554
538
514
528
532
548
572
610
640
624
624
642
664
684
670
654
640
622
588
574
578
582
574
584
590
558
552
548
554
556
530
548
558
582
602
606
598
588
548
558
540
536
544
588
592
556
576
598
624
630
598
568
584
588
584
600
578
630
584
602
610
608
592
576
590
584
614
590
582
570
556
540
520
536
568
602
638
624
594
590
556
558
572
570
568
566
568
558
558
550
540
534
556
552
542
556
578
556
554
568
560
582
586
596
594
578
582
576
576
578
564
548
554
564
572
590
590
566
562
572
562
572
560
554
556
550
546
540
528
518
988
794
730
546
588
590
550
566
584
580
574
558
540
550
538
538
508
512
988
504
508
516
506
530
546
574
586
594
552
534
536
524
546
578
598
602
590
580
558
546
522
520
992
970
506
556
580
608
640
598
602
582
582
580
572
558
546
536
528
538
550
546
556
566
572
554
550
566
576
590
574
544
548
560
556
538
512
512
538
552
584
590
578
556
556
550
546
552
552
556
530
524
534
550
570
570
550
550
554
580
600
612
614
572
578
578
578
564
578
556
504
536
544
532
530
538
536
530
516
530
536
548
566
586
584
582
588
574
570
586
598
602
612
630
574
574
556
548
554
570
596
606
614
566
560
572
564
558
556
562
560
548
560
580
594
598
592
584
570
526
530
530
528
990
996
528
548
610
632
654
638
614
590
584
568
546
504
504
504
556
628
642
658
652
634
616
600
586
570
552
542
534
532
522
522
506
990
504
508
532
566
596
622
608
606
600
602
584
570
546
528
530
512
522
502
516
512
506
510
530
534
548
552
564
560
534
540
548
554
566
560
560
564
548
538
532
504
988
502
516
560
642
670
638
622
636
642
640
628
578
564
568
556
542
526
524
520
520
526
998
512
536
590
648
682
684
630
590
592
580
568
566
546
512
502
508
988
988
510
552
584
594
594
616
616
614
598
568
548
582
576
594
602
612
618
598
582
598
588
586
588
600
594
576
594
596
584
564
546
566
590
600
626
612
594
600
616
600
584
586
552
548
556
554
534
528
528
540
552
560
544
536
556
562
572
568
568
552
524
516
538
530
532
542
544
550
552
572
588
592
600
574
560
552
566
568
574
578
570
558
560
570
574
568
558
544
536
536
554
566
572
558
572
584
576
584
556
528
544
544
530
528
980
504
576
624
656
718
708
702
720
726
724
726
678
672
626
598
588
552
554
544
550
542
542
534
528
528
530
528
534
554
562
574
584
592
588
560
564
588
596
594
566
544
570
550
558
526
522
534
552
568
602
586
572
562
572
572
562
552
534
530
524
530
540
524
522
534
536
530
536
534
510
532
572
594
582
588
582
592
584
558
538
568
560
542
556
576
586
592
574
558
564
570
572
568
558
530
538
556
564
586
600
618
616
578
576
590
610
630
638
644
616
588
594
588
574
568
554
540
522
538
558
592
602
592
586
600
610
602
558
572
588
580
604
566
558
570
582
582
578
552
554
546
540
542
534
524
524
516
526
502
510
524
556
556
574
558
564
562
558
526
522
548
550
562
566
556
542
554
566
574
586
532
566
536
528
540
552
576
626
616
606
598
574
574
560
552
556
556
554
564
556
562
542
526
524
532
536
544
548
566
542
540
530
542
566
594
600
616
598
578
606
612
618
620
612
596
574
556
550
558
562
562
578
564
576
584
610
622
612
598
578
574
556
546
504
504
508
506
516
566
678
652
628
622
622
586
560
584
580
572
562
528
540
552
552
554
560
540
550
506
510
502
970
508
524
558
576
588
576
574
576
582
572
544
536
542
526
528
524
520
536
518
510
524
524
526
538
546
526
544
562
590
606
598
544
578
574
566
574
564
536
530
536
534
536
512
520
518
526
534
540
536
524
542
548
552
552
546
506
508
528
534
548
568
560
584
616
628
648
604
598
610
608
600
584
590
592
588
580
548
546
548
546
554
560
554
554
560
550
542
528
554
598
646
642
620
626
610
606
588
548
558
566
588
622
644
660
658
644
622
612
620
618
610
598
592
612
630
654
668
646
598
600
604
608
608
580
574
586
576
576
556
556
526
520
540
552
586
616
604
624
654
666
656
628
602
604
604
608
608
590
586
600
606
606
582
586
608
636
644
634
594
566
570
562
572
594
616
584
578
584
598
602
604
598
610
614
616
586
562
570
578
586
586
564
548
558
568
582
594
596
542
546
542
530
532
548
572
572
570
600
552
548
552
534
530
530
528
516
516
964
978
544
696
748
744
728
726
732
730
732
740
730
710
700
656
604
598
596
582
564
556
564
566
568
572
578
582
586
542
546
552
560
572
570
562
540
530
540
534
524
520
978
512
544
600
616
604
584
584
570
554
578
612
630
638
644
600
594
604
608
620
620
626
590
578
590
588
568
540
534
524
568
608
624
630
642
638
622
616
612
618
620
620
626
620
606
600
594
586
570
586
570
568
572
578
590
602
608
612
612
614
612
612
610
598
590
592
582
572
572
564
562
570
572
554
552
566
586
602
614
612
592
602
606
604
608
584
570
578
584
586
582
578
570
588
588
584
586
580
566
578
582
586
578
568
584
594
598
592
588
570
582
576
578
568
556
574
582
586
578
550
534
534
532
530
538
518
514
520
522
544
568
602
636
640
618
584
580
564
552
532
502
996
994
516
548
572
592
614
628
608
626
592
638
634
608
592
572
568
554
542
536
534
524
528
528
538
558
568
566
560
542
550
564
602
630
634
612
594
606
602
592
558
556
568
572
580
580
564
570
582
586
592
598
580
576
598
610
630
638
632
620
606
570
572
574
586
598
592
558
560
568
582
592
596
572
562
582
578
588
584
558
548
548
542
530
526
522
526
526
520
516
516
512
508
504
510
534
580
614
618
602
592
550
536
546
544
542
536
508
508
522
518
526
528
530
536
524
518
534
544
556
568
572
576
560
550
566
568
574
580
578
574
550
550
562
564
564
568
564
554
544
558
564
574
582
566
562
586
598
602
604
582
546
552
558
562
564
566
542
538
560
566
578
590
582
562
576
576
576
576
564
540
554
566
568
578
568
536
538
544
552
556
554
534
528
542
556
572
588
576
568
588
580
574
558
536
556
550
554
554
536
538
556
560
564
564
548
558
574
574
568
560
582
588
586
592
574
540
548
560
562
570
550
548
566
570
562
532
530
544
552
576
582
562
574
588
592
586
564
562
578
582
580
580
576
560
556
558
558
564
554
540
560
588
632
660
650
606
612
614
602
596
572
578
582
582
578
556
530
534
542
552
566
556
532
532
538
526
526
522
536
568
600
606
624
626
614
608
586
568
576
586
594
592
598
588
568
580
586
592
598
588
582
600
610
610
610
578
554
570
582
606
626
606
602
618
624
624
602
584
604
562
554
544
520
510
520
548
596
610
588
594
606
606
632
650
664
650
612
614
602
594
592
570
548
560
554
558
558
532
528
534
540
554
582
616
588
550
544
546
532
544
584
520
# end time: 2015-11-25-12:08:01, 1448471281.64
