# R wave intervals in milliseconds per line
# start time: 2015-05-01-10:31:58, 1430490718.75
1166
700
532
550
568
570
600
568
598
554
578
872
558
574
642
648
632
662
598
612
580
592
552
544
554
548
582
626
658
716
706
708
690
624
612
602
600
582
560
624
624
576
630
594
600
582
588
548
592
608
718
520
576
600
652
690
666
636
640
716
672
710
686
648
598
570
596
552
566
596
620
644
642
608
620
588
616
572
620
578
580
564
618
626
670
708
720
714
648
590
608
610
588
630
608
576
608
572
584
586
630
572
600
594
592
618
616
594
568
604
602
610
588
602
598
600
610
612
618
566
596
574
600
570
596
622
622
690
640
622
628
632
598
558
574
562
538
564
528
570
528
578
580
630
656
598
622
648
642
638
584
592
598
618
612
618
578
600
594
618
602
574
604
568
568
578
572
618
590
622
638
630
642
640
630
648
570
582
592
590
612
636
640
670
648
608
630
646
632
652
634
588
572
574
586
580
588
580
548
582
584
568
584
548
572
554
578
564
578
550
606
550
564
592
562
614
592
584
568
592
548
570
600
626
628
598
650
638
606
594
590
558
576
560
592
614
650
674
658
630
634
688
670
618
622
622
624
590
578
582
578
574
578
578
576
554
600
568
550
588
552
598
578
592
578
612
580
586
604
624
634
646
586
602
620
606
630
616
602
578
586
596
606
622
580
618
592
616
600
654
612
602
588
612
588
580
618
568
570
562
574
600
610
578
606
638
650
668
710
704
652
652
626
610
574
620
576
552
588
574
608
598
608
574
588
558
562
540
548
518
562
536
574
594
656
636
662
684
666
612
658
606
586
580
512
568
592
506
564
570
626
668
698
682
720
686
634
642
626
628
608
616
622
662
616
592
610
606
588
578
588
600
596
590
590
596
606
560
606
544
554
574
568
578
566
552
582
596
580
570
606
556
580
530
558
570
560
558
566
556
564
560
576
592
618
568
646
604
628
602
614
588
596
576
546
558
558
560
516
548
566
576
568
558
626
604
582
604
582
626
576
542
530
570
604
526
552
586
594
568
552
590
564
618
594
672
658
636
596
632
648
612
566
574
572
564
584
556
606
610
594
578
600
612
580
622
566
616
578
588
606
628
590
582
608
566
582
634
542
602
638
660
678
766
688
726
644
670
654
612
608
582
552
568
836
656
684
654
696
614
618
626
610
612
606
654
646
654
710
724
732
716
730
684
678
656
624
668
630
668
636
606
604
628
580
566
630
608
626
640
634
626
628
606
580
570
602
610
620
606
584
578
584
588
604
602
608
568
578
582
582
552
582
584
572
586
556
564
604
588
590
612
614
662
594
578
602
580
558
560
572
572
590
582
584
560
610
570
574
616
530
562
536
572
566
578
586
566
558
562
580
598
572
554
540
582
574
536
552
554
580
538
576
564
560
538
534
522
564
526
548
538
548
550
558
538
516
562
524
542
572
576
644
600
598
618
608
646
610
602
620
634
646
646
604
614
598
596
616
622
608
596
594
610
624
578
604
606
650
650
676
666
662
622
626
642
626
634
618
584
612
612
622
610
618
568
594
564
616
614
600
586
578
596
594
606
598
646
590
534
594
580
594
590
592
560
588
566
568
558
602
570
588
572
572
566
596
564
584
568
574
576
570
542
550
534
566
576
568
602
546
574
598
600
578
550
574
564
592
590
582
584
574
578
584
602
598
608
600
594
576
560
590
582
570
546
586
572
550
594
556
548
580
614
618
686
624
624
642
646
656
620
602
606
626
604
618
606
590
598
626
608
638
570
594
614
620
614
588
600
608
624
630
614
604
584
600
594
592
592
612
566
630
642
674
696
694
690
624
618
636
626
642
616
660
600
598
624
636
690
654
686
634
596
596
610
610
584
622
586
576
602
616
630
634
588
582
628
612
622
574
602
572
592
606
614
632
608
594
594
618
628
634
642
606
582
618
608
648
638
616
578
624
620
632
636
648
616
592
644
628
604
618
554
600
584
582
584
576
564
572
622
628
574
558
560
566
592
614
600
588
612
# end time: 2015-05-01-11:23:40, 1430493820.59
