# R wave intervals in milliseconds per line
# start time: 2015-04-21-10:31:40, 1429626700.99
750
764
802
822
698
666
678
712
712
670
672
700
664
712
696
668
648
674
666
672
638
624
600
638
680
744
806
796
712
760
768
766
764
742
664
658
722
654
622
598
604
778
816
836
854
866
826
830
764
782
738
782
774
740
714
724
692
724
758
702
640
708
694
682
662
652
686
704
726
720
694
638
626
668
666
696
724
694
680
712
750
848
816
794
688
710
748
748
756
732
664
700
710
708
662
630
648
670
658
654
706
734
686
778
782
790
768
682
742
730
744
746
714
670
714
726
734
724
706
726
742
780
674
694
704
740
762
702
666
730
734
750
716
572
752
692
704
734
690
642
662
702
742
770
704
710
662
718
702
674
678
656
688
696
748
668
708
716
740
724
668
688
708
708
700
634
684
698
720
724
670
714
750
774
746
706
734
742
698
706
700
716
690
650
692
738
774
706
682
738
738
748
686
654
678
646
624
626
596
634
730
826
752
742
782
860
814
704
710
728
738
690
648
718
728
760
678
694
728
818
762
694
754
780
786
730
574
864
756
772
766
686
678
736
748
764
746
698
740
776
746
686
648
618
626
618
626
634
624
662
718
716
776
752
714
708
742
736
714
722
646
682
690
678
618
616
642
692
764
768
724
790
818
818
748
764
604
588
738
682
736
748
758
766
724
670
740
728
702
650
632
742
658
644
620
654
674
678
786
764
754
816
858
882
862
780
690
706
734
752
768
696
716
758
784
786
706
710
740
754
740
668
644
676
708
542
602
586
648
654
666
654
682
716
662
688
718
754
758
724
666
618
642
654
666
654
626
632
728
768
836
748
704
706
784
758
736
668
746
746
764
760
698
740
760
774
698
736
748
774
776
704
732
760
842
854
772
738
812
788
762
698
712
746
812
760
670
748
762
796
762
698
666
704
730
734
688
724
842
848
840
736
752
750
722
652
674
670
722
766
728
684
736
732
730
662
638
692
670
648
624
652
676
710
656
618
646
674
712
766
772
782
744
772
752
772
690
708
720
732
694
654
696
730
846
800
738
804
838
846
864
734
756
710
726
726
648
674
686
706
726
724
760
804
774
714
580
866
736
716
668
674
742
754
742
680
754
742
754
662
716
722
762
784
708
702
650
678
684
646
676
608
644
622
660
628
930
680
734
716
684
724
768
758
746
678
680
730
756
788
738
724
782
788
812
738
686
788
790
836
750
782
820
852
842
754
680
686
724
772
724
728
832
840
756
804
808
816
732
700
738
746
742
700
742
808
828
782
686
696
702
720
742
684
638
658
622
630
590
562
614
704
766
732
714
678
634
630
590
644
592
580
596
724
606
620
630
596
638
652
760
762
804
804
800
790
762
764
740
718
746
726
726
678
594
606
618
644
674
690
672
506
784
704
668
694
640
622
690
686
698
692
698
684
638
644
616
630
656
654
656
712
700
726
732
684
694
738
780
786
740
680
732
722
792
716
674
724
748
676
668
680
704
726
686
686
728
746
740
676
686
728
758
744
676
690
818
718
660
628
692
722
682
690
758
806
840
834
758
718
810
762
772
784
752
716
724
714
708
726
676
642
668
692
722
768
762
698
734
754
812
778
658
702
706
708
710
700
666
530
650
682
790
706
674
672
674
656
624
602
602
608
584
600
590
660
652
726
574
616
706
660
696
692
700
732
686
726
716
714
672
720
710
686
782
748
702
720
776
766
778
674
726
734
744
716
660
684
756
674
646
662
710
718
740
600
674
670
692
738
742
702
652
678
622
646
646
534
740
656
618
642
656
668
650
670
692
722
730
696
672
684
694
716
716
712
676
668
672
668
676
694
660
672
732
784
792
806
782
680
734
716
698
640
664
698
714
652
662
646
684
686
666
682
622
608
588
612
580
556
554
566
538
554
598
648
680
746
776
816
822
832
830
808
812
806
798
782
808
738
792
824
840
868
732
782
806
758
696
784
828
882
762
796
768
706
640
686
636
632
638
590
622
642
622
610
660
708
672
708
748
794
780
840
722
708
722
710
718
656
692
738
776
804
738
758
788
790
774
778
768
824
746
748
770
846
792
720
690
728
752
738
672
642
706
696
722
724
740
808
820
886
746
800
786
786
734
706
750
778
806
762
766
812
790
716
672
676
684
720
806
774
854
870
862
842
792
866
850
848
840
762
772
814
782
818
730
770
812
852
796
770
818
816
722
682
748
750
756
696
762
818
822
740
764
792
806
752
670
720
762
790
722
650
700
710
732
692
732
752
760
696
704
744
776
770
718
758
812
868
888
640
596
598
858
632
614
688
700
728
750
628
678
614
782
766
746
816
792
786
766
750
758
752
748
822
820
836
782
810
828
788
726
738
746
758
694
722
766
796
780
740
754
738
756
676
692
714
748
728
712
690
626
762
790
748
716
652
628
688
666
678
668
638
672
676
758
684
680
724
736
726
644
636
686
680
736
732
748
784
770
688
720
714
700
688
748
708
656
704
730
690
684
756
742
670
684
760
696
680
664
686
788
822
858
792
824
850
854
786
724
702
712
738
732
720
752
758
804
738
778
852
836
726
766
798
814
806
726
778
792
818
716
706
760
830
756
766
772
676
768
782
770
682
700
704
662
690
662
624
632
662
642
690
708
762
706
704
696
722
726
730
714
660
662
648
714
714
806
706
776
790
808
786
776
774
732
760
750
796
770
706
724
766
766
776
704
714
736
722
734
762
764
772
# end time: 2015-04-21-10:50:45, 1429627845.38
