# R wave intervals in milliseconds per line
# Active training
# start time: 2015-12-02-23:56:41, 1449118601.4
648
654
656
644
628
644
652
652
636
660
704
692
668
692
722
706
660
668
654
632
612
606
620
620
622
644
638
624
600
626
666
698
688
662
658
674
676
642
644
652
656
660
668
698
712
702
702
706
732
716
694
670
668
612
562
574
568
574
568
644
732
736
734
750
748
734
698
632
614
588
572
574
568
566
558
574
618
652
660
658
644
674
626
638
616
622
626
628
620
620
604
590
576
556
570
572
570
576
574
594
624
630
658
620
586
602
602
586
564
548
568
584
628
670
676
708
726
746
734
716
686
648
648
646
650
634
640
660
668
662
670
668
660
640
626
630
636
644
650
670
692
698
668
644
632
630
624
638
654
664
672
676
686
670
666
662
662
652
650
654
668
684
684
686
692
702
702
676
650
640
644
648
644
650
676
700
702
700
706
706
712
700
694
674
650
620
602
606
624
674
714
696
690
694
694
678
652
642
650
654
664
652
642
654
672
668
640
622
620
630
610
594
566
580
566
636
706
720
708
688
674
650
636
630
610
602
588
618
594
576
606
