# R wave intervals in milliseconds per line
# start time: 2015-06-18-20:52:08, 1434675128.25
718
746
748
738
752
762
758
750
772
794
852
798
686
754
728
846
822
730
752
780
774
742
720
764
792
758
718
808
814
796
750
768
788
824
756
782
802
810
812
712
790
802
748
730
726
732
698
650
668
698
660
652
688
796
868
870
792
810
808
744
666
608
640
654
664
644
698
776
872
872
850
838
814
786
752
730
700
734
690
722
796
842
852
834
782
820
850
836
858
786
812
806
802
772
734
786
786
758
752
782
782
736
652
718
742
756
750
746
808
826
840
758
718
772
774
772
698
716
750
756
714
760
774
796
790
762
846
830
772
754
784
798
796
768
814
826
814
796
814
784
698
716
694
700
676
728
742
668
802
790
838
750
736
768
766
784
714
764
800
740
728
748
700
698
744
742
772
800
728
668
632
656
700
850
932
952
910
924
918
960
904
848
866
818
784
790
792
842
826
798
800
818
818
760
758
786
804
794
784
782
798
774
718
764
860
788
752
814
818
776
730
740
806
720
658
736
726
678
688
688
724
752
742
742
794
782
738
702
732
734
700
712
736
752
770
708
744
776
784
722
722
690
678
728
826
880
828
878
886
812
832
802
790
764
768
800
814
796
754
796
818
812
738
766
768
786
746
754
810
820
796
718
806
798
802
738
700
760
752
724
708
744
812
806
772
758
764
802
802
768
768
810
814
758
798
814
806
772
770
792
812
734
732
750
750
712
696
764
726
696
728
792
820
774
798
818
796
734
766
770
794
722
754
770
766
694
718
756
672
708
652
686
718
780
822
736
728
764
754
732
664
724
778
812
776
742
792
784
802
716
764
774
762
766
762
808
838
826
796
810
828
782
718
736
760
804
778
752
808
828
794
752
774
760
724
682
694
756
786
804
776
782
788
738
698
732
744
760
734
788
814
794
722
760
750
754
736
768
768
694
704
650
696
750
800
796
852
884
836
842
846
844
774
780
832
828
788
818
840
812
914
690
802
790
772
722
706
786
754
746
686
666
718
760
796
750
744
776
758
784
732
748
784
782
700
716
738
786
814
764
786
830
826
758
780
804
830
822
806
800
828
718
814
804
854
816
810
880
852
818
752
752
724
774
712
786
818
830
812
790
790
854
818
780
796
794
832
732
750
784
824
790
748
798
818
806
762
738
760
726
728
674
690
708
636
708
698
734
722
766
812
848
782
772
788
762
760
664
746
766
776
720
720
770
782
804
784
818
802
770
784
806
814
788
776
830
804
830
768
758
790
770
702
698
716
720
718
698
778
804
772
734
768
796
790
794
788
802
802
712
726
760
766
752
712
742
766
772
724
688
744
762
786
738
750
794
844
744
740
756
776
732
712
700
732
768
732
700
720
762
758
704
708
718
742
732
656
734
762
754
704
682
656
714
732
780
698
748
786
820
750
762
798
816
778
698
762
764
754
688
646
698
728
834
854
828
854
840
802
562
692
788
766
776
794
832
796
800
784
828
814
756
782
804
784
706
766
756
800
768
736
778
802
810
742
676
714
714
642
670
652
688
670
696
756
800
750
698
768
798
818
786
750
846
824
822
850
772
838
810
824
762
768
828
844
846
822
856
870
852
754
786
758
776
736
726
768
796
810
754
818
832
828
746
770
768
832
752
740
780
798
782
754
768
832
746
756
730
784
746
726
788
826
840
802
782
792
764
700
648
726
706
756
820
830
794
828
832
724
760
762
784
786
742
814
830
838
778
780
804
802
746
760
818
838
748
766
770
804
728
734
738
834
774
786
824
834
800
776
762
822
738
738
838
808
720
762
802
836
802
814
770
784
746
746
802
836
848
788
886
892
834
820
834
798
738
730
788
692
702
734
766
738
786
814
832
780
758
760
752
698
736
750
826
732
768
740
704
626
668
632
648
714
792
828
804
788
832
814
830
748
740
698
710
726
786
794
710
778
782
802
830
836
708
722
720
714
648
620
668
702
748
768
728
724
772
760
718
702
748
784
796
764
794
808
824
798
712
760
762
782
740
758
804
824
800
770
716
780
756
726
702
776
824
866
832
780
774
812
816
768
700
792
796
762
728
760
808
816
796
762
790
762
782
718
720
816
790
728
762
790
766
772
792
814
786
756
762
784
752
716
754
780
806
742
756
790
798
772
748
776
768
768
744
800
718
684
686
732
772
794
734
800
800
818
796
760
788
762
766
690
720
802
800
770
768
806
830
808
770
796
818
812
774
782
850
832
830
822
836
832
778
786
792
764
696
688
708
720
768
766
840
894
904
854
898
844
834
786
768
784
766
730
772
810
792
732
782
712
708
760
792
772
800
844
854
806
786
806
832
816
756
766
788
766
674
722
808
868
794
790
752
716
678
698
768
820
812
862
894
946
858
882
844
876
754
752
756
752
730
702
756
788
824
744
746
774
794
754
682
730
716
658
642
652
666
692
664
734
790
824
782
766
792
794
760
690
712
762
786
774
820
844
868
820
868
874
794
862
842
772
834
874
892
792
782
812
844
838
798
806
890
840
786
828
842
846
788
764
860
872
880
800
798
848
836
798
774
796
794
770
714
808
794
808
788
820
838
786
710
742
800
768
748
694
714
724
756
700
742
654
670
700
766
788
704
736
790
836
852
776
772
788
772
774
808
874
882
866
834
854
862
838
776
838
838
792
788
832
854
834
846
758
784
776
840
834
740
804
798
686
740
746
768
714
752
802
854
816
750
778
748
836
740
730
794
780
804
738
760
806
828
850
810
770
794
784
796
740
752
768
798
794
804
822
828
768
754
752
742
772
758
742
844
868
834
746
726
796
820
762
784
822
814
716
724
762
832
814
824
874
872
836
808
808
856
798
794
834
840
820
760
764
838
862
808
836
884
898
844
868
876
888
820
812
834
842
822
768
788
818
818
820
738
832
798
758
726
742
760
732
778
806
836
794
780
826
842
792
752
788
796
764
724
754
816
792
732
744
776
844
770
762
782
806
764
720
728
786
738
708
706
758
786
750
748
788
904
814
760
786
788
778
716
738
758
788
754
722
764
816
762
738
726
700
690
732
762
726
732
824
816
826
752
726
788
790
758
714
804
798
788
704
732
758
758
730
736
786
798
700
700
718
722
696
648
688
728
734
668
726
710
820
746
764
772
792
748
754
818
870
880
818
852
850
848
780
782
806
796
788
716
704
766
862
852
814
820
822
806
740
718
752
776
690
690
676
754
774
714
774
816
814
728
722
774
802
818
768
760
826
826
820
726
728
784
828
810
804
856
878
830
806
818
792
770
650
704
810
882
814
806
844
840
794
746
798
788
734
724
746
774
788
750
762
832
760
800
828
788
772
756
762
758
718
706
776
792
758
760
810
804
750
716
778
752
688
728
752
794
748
716
750
736
672
654
742
734
758
710
680
720
732
692
668
736
676
680
718
784
770
734
764
746
792
674
712
710
730
684
694
752
822
752
734
802
808
746
744
806
858
842
842
878
886
808
846
840
840
772
792
810
784
718
752
790
802
768
826
840
768
718
734
864
870
782
786
828
818
812
766
820
846
744
680
708
722
722
854
912
906
714
878
862
846
1038
622
600
766
766
800
816
758
772
836
826
828
750
794
792
796
764
774
808
886
898
842
868
882
862
828
852
858
868
778
790
858
886
836
800
838
826
788
730
832
830
842
790
832
894
816
768
824
822
770
748
788
832
788
748
804
824
786
744
768
720
698
702
784
764
828
864
824
780
772
800
800
782
774
832
840
842
798
852
866
832
758
760
818
798
748
784
802
842
828
732
772
770
822
746
762
812
828
790
726
780
804
852
798
826
834
844
748
780
782
804
798
736
768
812
824
768
728
754
834
780
724
810
830
844
770
748
806
770
716
744
756
786
712
790
816
770
778
840
842
782
768
766
818
746
764
764
750
738
794
788
738
778
768
762
802
728
744
762
750
726
696
680
732
902
920
860
840
864
868
852
768
750
812
814
778
728
784
828
852
770
788
812
862
770
766
802
802
748
732
796
822
804
758
836
822
828
766
782
796
778
736
762
830
858
814
780
792
862
752
750
770
766
714
686
680
742
800
744
746
806
792
856
770
750
828
810
826
756
798
802
862
750
774
786
800
774
746
806
804
800
718
802
786
770
770
672
722
748
782
758
772
802
820
784
702
796
796
834
794
792
808
798
776
716
720
774
762
718
770
784
764
718
764
782
742
684
696
760
752
804
794
810
862
760
798
814
830
788
778
782
776
716
694
740
750
820
752
744
836
836
850
716
816
798
804
750
734
788
774
726
732
722
708
722
830
784
796
834
858
816
846
834
868
866
856
772
794
824
802
780
740
812
780
848
764
736
788
796
772
786
834
872
844
742
786
776
868
780
746
792
800
808
788
758
804
812
726
682
652
716
748
808
792
736
716
780
824
864
870
844
782
762
816
802
764
766
774
844
830
768
820
846
816
808
750
816
816
770
734
746
758
772
726
672
762
740
758
704
678
714
752
768
750
808
830
830
732
752
754
854
786
792
838
846
802
780
856
868
778
792
818
800
790
754
804
860
874
882
880
876
780
800
846
872
846
810
816
870
798
764
820
870
858
772
802
802
810
774
798
818
814
736
738
770
788
762
762
784
832
846
788
828
806
850
768
802
802
784
782
818
834
768
816
814
868
764
762
792
816
768
748
804
806
772
728
764
784
716
762
768
782
694
680
734
716
766
832
846
802
840
848
784
812
818
836
818
764
834
820
780
718
766
816
836
776
830
846
806
764
794
808
888
806
774
858
832
752
764
788
798
786
716
732
752
704
676
604
694
720
830
900
902
896
888
882
866
838
814
846
798
774
782
770
776
824
798
812
770
706
746
744
726
752
798
828
834
824
828
816
796
726
808
798
778
738
750
784
812
814
762
800
810
756
762
770
780
786
704
754
760
814
730
724
806
784
690
768
784
798
746
686
716
790
766
702
748
766
776
706
680
726
680
680
700
688
666
756
798
818
794
780
806
814
800
698
728
740
764
788
748
802
816
774
746
730
740
744
712
702
762
762
746
690
734
794
788
812
754
752
798
782
716
684
710
728
730
690
710
750
738
762
654
730
738
714
724
676
702
716
692
660
702
694
692
742
734
700
718
784
748
744
694
768
780
788
716
750
766
782
756
702
740
784
804
720
714
752
766
746
740
730
772
758
772
728
756
828
804
800
800
788
854
834
760
798
766
754
704
686
700
708
754
698
650
728
700
740
668
662
670
712
710
776
752
748
802
824
830
806
794
798
836
794
776
794
804
780
848
848
870
800
772
858
856
818
786
840
842
812
752
832
884
888
800
774
760
806
692
734
764
824
848
802
824
868
870
856
848
872
894
836
834
842
868
794
792
848
834
786
818
834
824
792
832
814
758
770
772
818
718
754
800
820
778
772
802
790
738
776
786
788
726
756
774
780
742
714
782
822
790
784
846
856
826
868
832
796
774
814
830
786
776
804
806
774
754
810
816
762
842
848
792
736
786
808
724
742
776
790
746
712
764
696
692
644
692
760
796
780
822
868
878
854
822
836
830
816
808
824
834
824
760
800
830
838
774
808
822
858
854
820
838
896
816
796
818
900
800
848
852
884
832
798
834
860
844
818
880
900
848
868
862
892
842
818
852
858
816
810
868
820
802
830
832
854
796
866
854
810
832
856
858
790
844
836
780
700
738
750
752
714
734
824
816
778
766
806
776
774
696
746
738
708
680
692
744
778
786
706
742
788
824
798
764
786
780
782
768
696
702
718
754
670
656
812
836
878
862
826
834
820
784
758
740
778
794
772
780
818
830
820
840
756
808
782
800
798
784
820
852
838
738
752
788
796
764
708
744
844
838
770
680
752
734
730
710
738
754
792
720
730
764
744
814
750
698
652
716
724
742
764
696
706
752
764
784
780
706
764
782
786
718
714
746
786
782
748
736
760
760
758
686
632
654
652
690
648
704
768
822
806
782
738
790
822
860
886
860
864
822
814
818
748
766
802
776
786
766
790
822
812
798
710
506
648
654
728
818
778
694
656
738
776
812
838
824
764
786
774
768
752
702
780
794
778
732
808
794
822
738
748
792
786
844
776
808
806
786
752
764
782
814
756
796
784
782
714
704
698
734
692
716
736
668
670
748
764
790
832
704
730
770
760
732
718
760
780
776
750
720
784
794
800
734
728
774
750
702
628
652
634
634
614
652
624
636
736
868
898
784
820
864
864
856
800
868
834
780
790
740
750
832
832
816
772
816
900
882
778
812
808
750
720
770
812
812
752
746
854
838
712
882
866
868
750
768
780
816
808
776
784
728
764
770
772
702
704
728
716
776
702
740
786
828
770
718
820
816
792
734
730
768
812
836
744
760
796
800
818
750
752
760
744
776
732
718
736
772
746
760
684
716
686
698
706
748
732
776
796
776
798
702
732
748
768
764
772
820
856
870
826
796
876
860
872
830
878
884
880
854
870
890
850
776
796
816
800
820
824
818
902
820
816
802
864
820
804
820
840
798
806
840
816
706
748
814
854
798
800
872
862
828
814
826
846
792
790
820
804
842
810
824
836
834
732
818
816
786
808
770
782
768
712
784
818
894
856
902
702
1100
880
850
844
820
736
734
794
842
896
818
836
662
1032
800
836
862
764
832
766
840
832
820
798
852
850
876
824
864
870
866
832
866
862
840
798
804
814
812
778
742
786
794
838
730
742
776
796
802
758
700
666
678
712
680
734
708
734
832
860
818
812
840
842
774
734
762
822
# end time: 2015-06-18-21:30:28, 1434677428.98
