# R wave intervals in milliseconds per line
# start time: 2015-01-17-12:50:13, 1421517013.64
968
780
822
814
772
776
690
692
628
564
636
614
624
672
752
758
758
754
776
688
766
698
684
648
646
608
614
618
636
698
724
660
730
724
780
780
802
784
602
702
754
764
770
714
772
768
762
714
668
698
722
748
724
694
696
734
732
730
716
756
662
696
772
750
714
614
652
678
622
688
630
744
566
606
644
638
718
660
648
636
590
664
632
662
636
646
736
554
570
664
714
768
706
734
744
710
940
566
788
698
708
678
684
674
648
652
646
660
704
708
742
704
680
634
652
662
656
650
648
680
686
652
642
674
676
692
662
738
700
708
704
710
656
718
750
776
808
652
820
712
698
736
634
876
640
658
706
750
686
716
552
886
730
746
704
668
678
666
636
618
658
660
666
672
658
674
616
730
684
700
746
736
732
770
688
658
656
710
714
738
728
790
786
794
774
652
678
676
676
698
744
766
752
704
886
718
716
750
672
702
716
746
792
546
634
1474
1052
632
1994
2038
1222
668
622
754
614
606
664
658
692
668
630
552
586
582
612
674
722
758
678
680
706
726
676
760
734
762
732
786
738
656
688
700
694
692
702
634
652
696
700
718
730
704
694
734
710
688
704
678
710
702
740
686
648
716
654
644
662
654
684
630
634
620
770
638
570
572
592
618
642
648
712
788
754
742
714
698
726
672
630
652
660
686
716
732
690
700
732
730
740
748
678
732
740
708
634
644
676
664
718
714
718
720
676
698
686
682
684
682
654
664
702
682
688
678
732
698
666
686
684
696
684
682
676
658
638
692
654
614
672
674
676
646
684
650
636
694
670
672
556
586
518
586
578
582
562
558
580
586
574
718
612
668
714
722
750
712
716
696
704
650
630
696
676
662
688
642
686
684
680
634
692
674
680
674
644
638
682
684
648
588
632
530
530
564
566
644
752
732
754
728
742
748
702
692
676
676
700
714
756
698
744
724
726
718
714
680
656
732
734
696
608
622
620
656
632
716
714
754
742
690
716
522
592
580
650
694
752
754
776
756
716
766
710
686
688
648
614
650
612
602
584
590
626
598
594
748
838
808
784
814
782
766
740
704
686
682
656
646
690
790
778
802
818
784
832
772
720
778
736
710
776
726
700
746
722
660
674
672
672
718
716
730
740
762
730
750
772
824
788
728
702
720
736
742
674
652
704
688
674
808
678
658
698
684
698
664
632
676
670
700
730
720
776
738
744
674
726
652
608
624
624
696
752
752
816
780
762
730
672
738
760
780
766
726
780
738
722
770
726
704
694
760
756
716
722
758
740
784
760
722
712
750
734
670
666
654
630
696
648
622
634
670
712
734
700
700
658
700
638
646
626
688
680
682
736
728
708
756
708
700
718
718
686
670
714
704
812
802
764
818
784
750
816
688
664
696
658
736
714
726
710
738
582
846
672
730
716
712
718
730
610
650
638
688
656
596
666
652
634
666
620
596
686
684
742
738
688
772
684
650
694
694
692
678
718
690
728
720
728
764
586
664
702
664
656
732
636
632
658
608
626
646
672
712
682
708
530
580
658
690
710
688
714
686
656
660
670
646
612
624
740
792
800
802
798
752
722
720
724
726
710
782
766
790
786
752
714
710
750
666
684
656
644
652
634
596
604
650
688
656
658
616
636
666
680
724
680
654
692
712
672
748
778
576
612
722
766
830
856
820
794
798
782
764
754
720
714
768
796
816
848
774
834
808
806
736
714
712
698
668
622
666
698
734
690
744
670
700
662
654
686
772
672
622
672
660
616
600
598
536
700
746
754
770
838
808
862
790
810
802
780
786
770
782
782
770
764
726
740
620
616
650
630
656
730
770
814
794
748
808
738
726
706
662
652
654
700
804
792
838
796
828
790
674
754
704
728
722
698
748
754
774
762
742
722
732
654
694
612
620
586
554
610
588
628
608
644
702
714
684
764
778
742
784
770
766
802
792
800
768
798
804
782
730
640
646
616
678
670
712
806
788
764
782
568
836
650
676
626
662
680
740
764
782
820
798
834
782
780
786
748
790
742
740
758
782
716
752
764
708
748
750
668
694
604
654
680
668
612
630
756
810
810
818
800
788
756
750
690
684
712
716
706
718
680
744
672
696
706
698
754
744
696
742
768
760
756
768
758
788
798
806
710
720
732
702
700
704
758
766
688
720
694
656
640
694
630
632
620
686
682
712
738
734
782
734
688
720
742
718
718
730
738
750
764
748
700
720
744
768
732
702
838
830
814
700
764
720
700
654
694
688
728
736
684
704
760
758
682
788
744
818
742
686
708
746
750
764
782
700
696
708
726
702
666
722
764
720
718
712
768
694
638
654
678
654
568
788
704
690
640
684
746
618
616
650
712
668
690
682
660
804
680
686
698
698
652
656
628
682
650
652
644
718
720
714
754
734
758
724
708
732
660
686
694
718
716
748
740
782
736
752
706
676
666
684
646
704
718
724
742
752
712
718
716
700
604
696
600
646
656
614
692
684
718
762
662
592
612
580
602
578
556
592
656
690
706
738
724
756
672
620
568
710
684
652
604
602
590
622
716
560
814
852
838
800
766
756
722
738
700
764
720
722
788
804
768
766
734
722
754
766
774
754
800
740
762
554
552
762
798
786
814
766
680
654
746
716
664
622
664
660
656
656
712
778
818
798
858
524
644
530
814
808
564
776
774
822
810
832
774
916
662
754
782
598
696
832
732
704
712
734
758
760
832
1452
872
524
756
718
730
760
722
814
788
756
772
722
778
734
750
716
684
702
680
672
646
742
666
660
668
598
638
650
696
672
648
702
694
684
652
632
718
726
730
726
688
668
710
666
686
716
706
764
762
748
798
738
636
698
638
776
678
714
736
798
740
714
684
712
672
704
650
578
686
674
824
614
638
682
660
672
678
736
678
702
684
712
642
746
718
696
784
786
780
786
752
734
680
678
676
714
708
722
788
818
798
592
722
726
672
756
680
714
720
720
716
658
712
694
756
704
752
812
770
836
812
822
782
704
682
694
722
730
714
734
734
726
722
768
784
846
832
802
684
720
730
902
586
502
782
764
714
510
610
800
800
838
752
810
820
800
832
736
742
790
794
838
758
764
722
720
698
776
822
846
790
852
828
868
782
766
804
774
742
648
716
698
738
690
710
704
726
732
776
672
706
838
712
638
688
666
674
756
676
698
684
662
634
718
652
656
648
646
658
716
570
626
766
592
670
756
724
676
666
672
726
700
672
710
764
756
742
768
736
814
756
756
766
760
780
754
592
780
524
718
530
724
722
758
744
804
722
790
754
762
754
652
712
678
686
708
676
660
658
652
684
558
566
658
690
728
680
676
654
718
718
764
732
710
706
704
778
734
728
782
802
808
816
792
788
790
764
742
772
800
720
696
714
720
724
562
808
706
750
828
770
838
768
766
746
814
746
672
680
724
768
678
690
588
732
774
844
814
738
742
818
792
828
850
700
784
686
670
650
726
748
704
698
866
632
820
668
738
794
814
814
974
792
784
852
872
714
760
728
740
744
672
670
694
742
642
688
568
684
746
778
668
686
716
690
704
686
752
746
736
678
632
654
650
726
704
702
734
764
786
752
780
760
672
650
762
528
686
754
748
724
610
824
758
674
620
618
682
658
702
640
710
728
692
616
628
766
710
832
600
654
664
636
746
790
512
808
808
550
568
674
624
770
746
716
734
806
708
652
666
724
746
766
716
732
930
762
724
714
664
630
588
642
664
684
760
800
786
768
688
664
648
640
704
766
794
884
830
856
836
856
832
824
808
788
810
758
770
818
584
644
784
742
758
752
702
738
768
786
754
818
802
730
670
680
746
666
666
758
722
714
798
792
776
864
766
756
710
648
738
690
674
554
530
572
618
664
692
762
726
774
676
762
624
678
608
680
568
682
534
700
576
674
670
760
734
716
738
528
768
556
660
650
640
722
738
506
760
746
852
816
780
702
750
700
694
626
674
512
748
704
698
774
762
754
722
722
768
764
802
738
522
676
696
722
652
716
698
694
726
796
658
644
742
714
652
648
692
696
746
716
750
766
796
750
748
730
774
584
796
746
700
716
748
780
732
790
700
692
638
806
524
572
670
720
720
730
752
778
720
796
672
726
702
608
546
804
780
730
750
734
752
710
674
726
790
752
812
754
744
796
770
662
660
732
738
712
696
744
732
824
712
706
702
764
756
752
732
748
732
750
744
660
702
706
742
750
786
758
738
738
814
778
688
716
714
706
676
662
676
690
652
692
634
722
714
814
798
794
736
756
756
734
762
720
716
780
784
802
848
822
524
772
720
682
684
664
670
702
680
706
750
690
704
654
660
712
632
672
768
812
866
804
780
744
600
548
812
524
780
762
814
838
776
724
728
728
754
650
684
690
714
708
600
786
758
788
792
752
656
684
580
698
636
682
522
614
588
602
670
664
698
790
770
810
684
748
694
712
692
666
704
762
764
702
646
668
786
698
654
742
832
836
812
738
730
734
636
650
544
606
614
774
558
784
768
732
698
682
888
580
694
732
698
742
666
684
684
668
730
774
780
826
832
802
786
760
756
718
724
692
746
814
818
822
816
882
824
776
782
802
770
730
764
792
816
826
852
844
870
616
996
752
776
774
728
708
730
806
794
816
802
868
850
876
786
894
788
802
790
746
788
842
776
800
868
858
824
722
774
848
828
758
810
806
838
760
706
702
766
710
682
736
752
780
706
678
670
650
648
666
642
622
704
742
776
762
792
756
790
870
766
646
718
714
738
704
692
706
710
770
534
640
560
712
774
818
514
692
698
728
730
802
586
604
676
636
634
648
634
710
594
518
750
676
698
754
742
704
754
556
586
614
636
666
680
720
770
814
810
724
724
670
744
722
592
646
672
762
798
820
814
768
854
822
822
816
784
748
800
774
710
672
646
734
766
780
718
748
792
786
706
610
660
648
700
672
642
732
704
780
670
692
708
800
798
786
762
758
774
772
630
604
762
686
802
702
700
666
650
698
682
686
714
776
742
768
684
682
666
752
754
776
832
814
806
788
758
784
732
784
814
838
822
820
710
676
698
688
792
804
900
866
858
810
768
726
746
740
694
636
686
660
654
650
784
802
758
738
704
780
800
834
816
866
764
672
736
742
788
746
736
734
808
820
804
810
810
678
932
754
694
768
770
760
764
760
760
836
746
722
720
792
824
830
916
844
756
756
508
604
726
716
736
716
754
780
868
854
802
816
766
798
776
788
756
822
796
696
602
670
640
648
722
716
688
696
698
688
626
660
660
684
716
804
806
804
786
800
682
712
696
658
780
722
712
752
798
798
790
728
788
820
544
794
776
820
814
784
782
766
770
760
772
768
774
820
828
806
786
778
844
816
754
774
748
812
784
744
746
742
798
744
684
744
764
784
782
732
804
774
820
726
780
758
782
774
708
740
730
816
784
750
764
798
782
824
746
774
748
650
664
650
704
824
842
842
862
850
838
568
666
628
720
814
810
838
776
834
826
826
870
792
786
802
830
882
848
758
780
832
744
690
678
764
802
736
666
746
748
772
718
676
722
754
760
800
720
648
670
702
736
742
692
658
700
704
716
868
860
866
778
756
770
706
628
644
632
632
708
806
822
836
800
882
810
774
764
736
732
700
730
722
744
728
792
810
824
784
688
668
608
668
642
642
682
674
642
656
694
728
710
724
752
768
692
632
642
620
666
664
684
652
648
652
618
630
612
570
710
760
730
738
696
668
702
652
664
678
708
688
700
724
746
726
806
784
782
724
760
722
710
718
736
746
802
772
742
662
670
634
638
660
664
674
686
712
702
638
708
704
692
720
654
632
634
592
652
668
718
756
724
734
748
700
704
620
654
624
632
696
666
648
644
712
664
672
700
704
656
658
660
672
682
662
652
658
652
722
716
714
694
696
764
752
716
718
736
728
718
694
738
770
780
864
820
812
792
744
714
774
738
742
750
764
834
816
786
704
768
758
782
774
706
634
616
668
616
674
746
754
760
792
774
766
756
790
818
832
832
802
816
828
840
866
812
828
804
768
716
754
780
750
716
752
782
736
674
700
730
768
814
786
752
808
796
786
790
822
866
730
692
762
760
742
692
738
818
828
726
754
740
714
672
700
730
774
780
762
770
784
772
710
694
760
768
752
696
710
760
792
770
778
804
758
736
724
710
690
714
750
756
782
808
798
710
708
768
720
702
744
746
680
622
670
670
654
662
698
718
738
742
760
676
688
624
656
646
682
688
678
672
712
710
770
788
792
756
774
754
750
720
702
764
816
852
788
776
764
804
808
756
750
682
732
738
724
792
854
778
810
836
800
732
768
774
730
666
634
672
670
658
764
790
708
738
748
798
784
766
732
738
710
652
620
680
702
690
710
754
792
736
692
698
662
656
636
686
688
678
730
752
738
696
706
736
706
688
682
704
720
716
708
782
794
726
746
704
738
714
712
752
764
736
684
686
688
716
764
784
744
734
748
734
692
682
714
754
752
730
702
726
742
774
806
790
698
870
856
864
850
830
784
758
770
770
776
788
808
848
794
836
792
746
704
710
742
730
726
826
846
860
842
896
812
836
808
766
774
806
822
786
806
816
768
706
724
738
718
776
796
774
742
718
790
752
746
716
692
636
688
716
718
662
642
676
704
710
684
664
662
790
788
768
730
740
734
696
714
738
762
758
704
656
636
644
706
726
726
778
762
720
750
716
686
682
636
666
704
700
696
760
762
736
758
734
700
718
752
764
764
696
648
640
594
632
640
698
764
818
808
840
802
776
724
656
652
676
730
832
866
880
868
858
810
764
776
794
794
802
744
790
804
778
700
720
748
710
624
700
744
822
850
848
774
752
790
788
808
794
766
814
846
852
804
810
830
836
768
752
812
826
832
770
756
758
716
652
614
708
704
700
784
842
872
820
714
738
776
758
720
676
696
738
740
714
798
848
838
742
684
662
656
674
720
800
768
788
848
838
806
720
732
754
778
772
728
760
798
782
700
688
688
686
746
760
842
748
732
798
782
722
682
746
788
808
782
748
802
772
776
748
686
740
766
750
736
776
780
758
684
738
776
732
722
762
724
694
748
780
790
712
690
758
760
792
738
718
750
784
778
782
832
844
820
816
700
646
664
688
720
692
738
814
850
844
746
684
712
762
808
814
788
730
666
730
714
736
724
686
726
782
816
830
772
726
736
748
740
708
760
808
824
724
768
794
810
782
678
666
682
704
730
728
664
716
752
776
762
736
780
798
746
694
752
744
756
764
720
686
706
734
766
756
736
782
780
732
658
670
678
720
766
716
694
708
728
718
714
744
774
754
704
658
688
716
700
706
786
818
826
764
768
728
740
764
744
754
794
760
694
684
748
718
768
786
782
812
826
792
752
720
654
670
692
728
756
786
770
764
728
744
748
722
768
710
700
766
734
730
776
804
804
828
856
840
772
792
764
746
706
650
670
708
744
720
638
670
674
666
698
708
756
760
822
826
810
802
790
796
766
720
788
798
802
738
734
770
758
712
764
814
850
800
750
772
792
796
746
742
806
820
726
690
656
654
660
688
654
638
660
710
722
752
690
688
724
748
768
764
714
746
762
776
750
692
718
822
824
776
776
824
838
796
714
708
696
692
636
620
648
770
768
760
742
742
806
788
740
756
776
794
712
700
738
762
732
744
784
776
740
780
782
774
718
676
698
722
768
750
734
746
708
686
708
706
688
722
746
752
696
684
714
738
730
724
748
774
724
688
658
712
686
684
688
734
766
772
724
678
670
666
650
670
696
736
772
728
758
772
754
834
796
798
796
732
780
790
810
840
840
840
812
866
850
852
840
810
834
826
834
816
770
778
778
710
698
682
718
760
794
768
736
790
784
764
718
754
788
814
740
664
618
590
678
738
734
728
722
722
670
692
642
630
652
652
650
672
696
684
680
686
702
680
664
678
646
686
614
612
632
648
642
650
680
688
710
716
710
732
720
668
686
656
676
692
676
684
706
718
742
706
686
706
720
730
730
678
646
670
672
654
664
696
716
740
704
636
674
654
628
634
650
706
744
734
766
790
812
786
804
790
774
698
682
690
696
696
696
652
622
628
672
718
756
772
706
670
634
674
640
600
576
634
614
616
602
598
596
608
618
616
632
602
606
632
652
660
640
648
688
728
762
714
694
720
718
704
706
658
696
728
740
782
786
748
712
734
734
714
684
668
648
686
684
726
752
698
688
694
670
622
604
610
642
644
656
694
702
718
682
686
724
748
722
690
692
776
782
806
734
682
692
710
676
680
694
736
804
840
772
702
690
698
710
658
692
# end time: 2015-01-17-13:34:37, 1421519677.97
