# R wave intervals in milliseconds per line
# start time: 2015-11-28-21:57:06, 1448765826.33
654
674
688
694
676
662
680
686
684
660
644
664
676
652
658
682
698
712
676
668
684
684
662
650
672
688
682
654
656
676
682
676
644
646
658
636
618
638
660
688
704
704
730
746
712
656
668
682
680
678
648
628
640
626
624
616
612
620
638
664
698
718
726
698
696
692
670
668
668
642
640
630
638
646
682
730
744
702
678
706
718
734
714
666
666
704
722
730
684
708
720
702
656
642
638
634
696
694
770
850
798
790
842
826
780
696
700
716
714
700
664
682
704
710
690
660
696
708
712
676
648
688
686
652
668
714
734
746
688
678
704
696
682
646
672
692
702
674
690
732
758
744
684
732
750
746
704
656
684
680
662
626
630
670
716
734
668
718
764
714
736
772
790
724
722
756
772
748
684
692
708
718
692
676
714
736
726
680
626
622
652
688
688
708
760
796
772
720
752
766
770
734
680
722
738
750
718
696
726
738
744
700
700
718
722
694
672
708
700
684
654
646
608
598
560
574
776
776
770
764
738
716
706
696
684
646
626
632
656
680
700
702
704
688
664
642
646
658
656
660
680
676
696
716
728
728
722
702
678
670
682
680
676
682
686
674
646
634
656
664
670
678
678
674
648
658
676
666
674
646
634
656
670
678
678
642
670
674
662
626
608
622
632
656
646
636
662
650
648
662
682
662
638
668
686
694
668
630
644
660
670
688
686
652
672
690
676
640
630
666
660
640
656
686
708
710
688
706
712
696
662
690
700
700
702
680
642
668
688
696
704
712
696
692
698
690
690
672
668
692
694
694
658
660
684
690
666
622
646
666
682
696
672
648
666
672
676
664
636
654
676
678
682
672
640
660
670
668
646
616
616
622
652
712
776
762
726
768
754
728
668
644
674
676
682
672
636
662
700
716
728
724
674
698
718
710
710
678
702
720
726
720
674
676
704
712
736
728
690
722
730
736
708
666
698
700
696
662
666
682
678
656
622
646
666
672
674
638
636
646
640
642
640
636
674
694
708
670
648
678
692
700
686
652
682
706
724
710
656
686
698
696
686
646
624
630
650
664
734
790
764
718
762
760
740
716
674
690
726
754
758
756
714
672
652
644
662
710
788
786
742
748
768
754
750
716
670
674
690
688
684
668
622
618
638
652
696
726
716
758
784
754
688
674
700
690
692
690
692
734
758
740
664
684
710
724
700
676
702
722
722
692
658
690
702
716
696
666
694
702
718
700
668
700
710
712
694
666
698
700
698
674
662
670
660
662
682
660
638
668
688
708
698
658
690
714
728
694
674
710
700
692
656
678
700
704
694
662
672
690
682
652
660
676
674
642
652
692
700
732
730
684
654
652
658
688
718
730
726
694
688
682
662
632
672
716
752
760
684
708
728
722
710
704
660
660
680
680
684
668
670
698
718
714
680
696
724
732
742
702
698
728
734
720
676
644
668
688
706
716
684
690
722
750
754
704
692
710
706
694
654
644
680
718
724
662
634
656
650
642
640
648
658
634
624
630
662
706
746
772
736
672
692
710
716
662
644
658
634
640
620
602
618
632
642
652
636
626
614
620
630
636
634
610
604
628
614
634
642
626
604
598
606
608
616
610
628
614
588
588
578
566
620
614
630
662
694
700
684
708
710
712
706
694
658
660
682
700
704
666
664
698
736
770
726
740
762
758
708
694
708
696
658
666
688
702
656
674
710
746
698
664
702
730
714
650
656
664
686
658
672
682
672
682
722
682
664
676
676
660
618
642
662
708
748
736
752
768
744
708
712
716
710
676
680
680
674
688
710
710
708
712
690
682
698
712
702
688
706
712
708
686
690
698
686
654
670
700
722
708
698
710
704
696
674
692
696
696
672
634
636
656
698
734
780
740
688
678
652
648
690
734
800
820
806
764
754
732
694
650
654
674
688
706
696
712
726
724
688
670
682
678
680
672
682
700
712
692
712
718
714
684
698
710
690
650
634
662
682
674
654
702
748
772
716
710
734
732
724
708
716
712
664
680
690
720
724
690
724
756
752
734
722
740
746
730
692
718
732
714
666
672
678
682
686
668
690
704
692
674
702
720
712
682
688
686
668
652
670
690
700
672
674
690
698
628
604
634
632
658
804
808
814
784
738
686
638
644
614
598
604
618
630
652
686
716
742
778
794
796
786
762
742
718
696
708
728
734
728
726
716
710
712
700
700
670
678
702
720
708
698
688
708
710
716
706
666
680
696
694
678
628
604
636
622
620
614
672
750
770
794
748
774
784
768
728
724
712
682
674
730
722
732
720
696
708
712
706
680
688
702
710
700
664
676
684
690
658
666
690
706
680
594
644
652
656
622
638
656
664
660
654
670
666
646
632
648
648
630
618
634
636
622
608
620
626
632
636
624
640
660
680
694
660
668
664
624
612
630
654
686
666
682
742
784
760
784
792
762
704
716
724
726
696
712
742
738
702
672
692
712
720
686
712
714
718
688
728
748
760
756
780
784
754
716
736
742
722
710
760
782
766
690
704
708
700
656
644
680
674
698
758
778
772
734
762
746
734
688
696
710
714
718
708
722
734
726
716
730
744
742
724
734
744
742
738
702
716
720
726
714
702
718
722
712
684
672
702
706
708
682
702
724
726
700
662
682
690
700
670
670
702
714
692
652
690
710
714
710
694
708
726
720
674
630
608
602
610
816
836
842
828
822
820
786
758
708
680
692
700
706
682
668
726
760
776
788
746
740
744
722
714
678
682
698
702
698
692
684
680
678
644
702
704
734
760
752
740
730
718
712
696
684
680
682
620
578
588
612
754
848
876
854
846
822
788
752
712
692
662
666
664
666
662
668
676
676
674
672
684
686
682
678
680
678
676
674
660
646
624
620
640
664
660
656
652
622
590
620
606
608
634
634
634
666
700
740
766
760
714
714
704
686
656
664
690
708
734
704
712
746
748
714
666
684
714
732
714
676
702
724
736
722
704
708
696
692
658
692
714
740
746
760
782
792
766
760
748
740
718
702
712
722
714
714
738
740
698
658
690
708
728
742
748
710
660
692
712
706
676
672
708
748
774
774
728
736
720
690
656
670
694
700
674
678
708
716
716
684
696
702
692
666
646
682
704
734
734
690
712
716
672
646
686
704
686
688
718
730
682
666
696
706
686
642
624
638
656
660
676
660
686
698
688
652
642
654
646
654
654
624
652
676
692
706
688
632
672
650
642
618
614
618
662
652
656
700
728
738
740
684
688
710
702
690
664
676
696
708
694
694
726
718
690
674
724
748
744
704
714
720
708
666
644
672
678
682
644
656
692
714
668
646
680
694
702
668
686
716
722
678
664
688
698
708
690
694
704
704
698
720
714
712
696
676
698
708
702
684
704
710
708
704
696
716
708
696
660
674
690
684
664
638
674
702
734
692
664
684
698
662
642
676
686
698
664
676
702
718
724
686
688
698
698
666
670
694
694
704
686
