# R wave intervals in milliseconds per line
# start time: 2016-07-26-21:44:56, 1469583896.81
682
774
606
614
662
662
642
640
646
798
608
602
596
620
618
606
620
642
632
624
616
642
650
662
608
594
608
616
634
646
620
634
660
682
670
688
726
732
714
706
682
698
696
700
678
706
742
760
786
760
770
750
732
688
684
694
694
666
646
664
682
728
722
706
734
732
730
678
644
642
618
602
602
636
694
694
702
788
838
838
742
628
644
774
774
802
782
734
750
774
740
696
732
772
796
774
742
744
728
658
662
702
732
760
730
678
690
706
656
628
668
704
760
736
700
714
722
684
712
732
744
692
696
734
746
752
704
744
774
790
752
704
734
748
754
742
710
720
738
746
702
720
756
784
802
756
746
762
742
728
682
708
738
726
692
718
750
756
700
680
726
742
732
676
696
734
740
692
724
758
792
746
734
726
670
632
650
674
714
758
778
778
704
716
750
756
758
714
716
738
740
682
682
702
710
682
650
676
696
718
704
708
760
780
764
718
740
752
726
676
690
726
744
708
724
782
812
776
754
772
762
688
716
732
744
694
694
726
742
700
686
708
726
720
690
728
760
744
700
712
738
750
740
716
734
738
678
642
668
684
678
640
616
648
662
666
642
652
670
672
636
642
674
688
702
732
682
680
706
664
622
616
610
776
788
780
788
808
820
814
758
690
702
692
720
762
788
820
822
812
798
766
744
738
730
720
720
720
718
700
696
700
704
706
696
668
684
688
692
680
640
626
650
654
716
760
794
780
780
768
720
674
692
698
704
666
654
676
692
696
664
668
704
710
702
680
712
736
730
684
696
714
706
666
684
704
720
698
674
710
722
710
670
690
714
734
724
656
664
670
678
674
630
628
640
650
646
646
670
696
676
708
728
748
728
716
732
732
720
704
716
714
706
680
690
720
726
710
698
698
696
668
654
684
702
710
686
724
750
740
684
702
710
670
666
704
678
670
636
598
620
604
600
576
586
600
614
596
580
598
616
630
664
640
644
668
684
700
682
702
702
714
706
678
698
724
762
766
738
744
748
758
752
760
764
776
770
760
774
758
708
666
694
714
730
686
680
700
738
752
768
772
690
690
694
708
710
686
702
706
706
648
652
688
728
716
756
786
822
790
790
800
798
786
760
744
734
720
688
682
698
696
662
694
708
700
712
734
714
714
722
730
712
702
702
690
668
686
706
712
704
718
718
712
682
674
676
678
666
678
696
718
704
724
754
770
738
744
750
720
678
676
690
692
658
680
716
740
684
672
692
702
688
672
698
732
742
716
696
726
730
722
676
688
700
708
694
714
734
756
744
732
722
722
692
688
708
720
720
710
720
724
678
678
708
716
680
654
668
674
664
680
690
666
668
682
698
676
654
660
670
664
652
668
678
680
660
656
662
660
646
660
678
682
658
666
678
676
662
658
674
690
688
684
696
700
668
666
676
684
674
672
692
704
694
676
688
702
700
708
732
744
746
714
734
750
754
712
706
718
722
692
678
698
716
704
676
696
714
720
696
708
728
736
704
714
722
718
690
692
684
654
618
612
616
606
606
664
732
756
738
748
752
762
724
712
724
728
748
728
706
688
700
658
648
684
724
748
720
744
760
760
758
722
710
708
704
676
640
652
670
676
680
718
752
772
760
748
750
740
710
712
746
756
742
716
750
770
762
714
698
708
708
702
696
722
736
728
690
698
718
734
704
708
730
742
700
686
710
744
724
726
740
760
744
694
702
714
724
696
700
734
746
736
718
744
746
710
656
678
704
720
688
662
686
696
690
676
688
704
700
688
728
752
770
766
762
754
754
706
700
716
744
742
696
712
720
720
700
732
776
770
742
708
720
736
716
678
686
700
712
690
660
666
670
682
662
662
686
712
728
718
750
744
720
672
678
698
724
706
694
714
728
710
678
696
710
698
680
716
740
746
722
722
734
718
680
666
674
662
636
640
658
672
664
686
706
722
702
696
710
716
686
664
674
680
664
654
680
710
730
724
744
760
750
722
716
710
680
676
716
762
780
758
778
786
770
742
752
748
694
668
686
706
720
702
718
740
744
710
708
726
724
696
696
724
744
724
716
742
770
778
746
758
766
726
698
706
714
700
654
646
640
634
648
670
652
680
716
668
650
674
714
740
718
698
730
732
724
694
688
714
714
708
684
684
680
682
638
638
668
694
700
674
686
698
668
638
650
668
686
692
670
664
674
680
680
656
652
664
678
696
674
688
714
738
730
730
738
744
754
734
736
746
742
728
714
716
728
716
686
698
714
726
700
678
690
684
728
740
742
724
712
724
732
718
690
704
712
720
684
686
700
704
688
670
690
706
716
692
694
722
736
726
718
742
764
772
724
714
726
730
704
694
724
752
762
716
722
734
742
704
698
706
714
690
696
720
732
706
712
734
750
722
718
746
768
758
716
712
722
726
702
708
738
748
746
718
730
740
724
710
736
742
746
706
702
698
672
630
604
606
608
736
800
840
850
842
824
814
790
758
722
666
642
652
652
660
650
690
676
670
754
778
786
706
674
686
690
694
694
672
654
682
666
680
686
702
678
672
650
662
658
652
654
658
654
668
682
708
734
762
778
782
794
788
768
768
768
748
686
672
678
668
634
604
614
632
658
732
830
846
828
842
792
766
758
694
720
740
750
758
730
664
668
694
702
702
684
718
742
744
738
774
794
768
758
782
808
762
754
766
750
702
728
744
730
722
756
770
760
736
752
754
686
700
730
736
696
720
746
746
708
734
760
752
710
748
768
778
726
738
750
730
686
702
720
682
698
740
756
704
732
752
728
698
722
734
724
662
672
682
694
668
642
678
694
700
720
750
788
736
738
742
700
676
698
720
724
690
724
742
718
654
658
684
676
642
664
680
696
672
680
692
676
634
636
668
690
724
744
716
734
742
736
708
702
704
698
662
650
650
652
628
580
610
618
604
612
652
668
658
672
700
700
662
654
688
684
674
622
630
632
608
588
600
618
650
# end time: 2016-07-26-22:00:16, 1469584816.76
