# R wave intervals in milliseconds per line
# start time: 2016-06-07-22:06:25, 1465351585.88
658
688
638
638
654
704
740
704
682
720
748
702
690
694
718
720
684
712
742
752
668
632
652
666
636
650
686
672
668
704
738
732
698
706
710
686
664
694
698
684
670
686
692
704
686
668
686
696
696
694
712
722
694
682
686
694
668
644
666
680
684
676
684
698
680
670
672
672
668
648
656
676
632
614
624
650
642
626
662
674
672
648
658
678
666
650
652
668
664
628
612
644
652
630
634
650
702
702
686
716
726
732
680
680
698
686
666
706
712
678
652
684
694
646
630
626
664
678
690
662
656
694
726
744
696
690
710
662
654
664
708
750
748
706
720
748
724
672
668
658
632
604
608
620
620
656
664
714
774
806
736
754
770
774
742
704
720
734
776
748
732
800
802
754
742
762
764
748
708
744
774
768
734
742
754
764
736
710
728
758
742
710
734
768
758
720
720
736
742
700
652
648
670
632
636
668
694
758
772
692
706
714
718
696
678
700
724
762
748
726
748
766
752
728
734
748
726
696
716
722
706
688
662
684
686
690
676
712
726
738
710
712
718
734
694
690
700
712
690
680
690
724
704
678
698
730
756
756
710
734
714
724
696
714
752
732
678
654
686
712
706
686
708
760
782
734
688
704
704
706
680
696
730
742
718
702
740
782
794
782
720
724
742
754
722
716
746
776
742
708
734
764
764
748
732
778
760
722
688
714
714
682
654
650
644
654
680
1206
1070
1040
1012
942
880
772
690
676
694
712
754
774
742
734
724
776
796
758
742
728
682
668
684
676
684
700
682
674
678
738
834
840
800
756
728
700
696
696
692
696
694
714
744
756
756
718
664
672
646
644
628
616
614
624
628
642
684
716
712
680
672
688
694
706
686
664
690
706
724
738
706
678
706
738
734
700
686
708
726
708
694
698
722
718
686
662
680
712
722
698
664
670
672
700
662
672
678
718
718
700
726
740
762
718
716
724
740
726
708
730
742
744
714
716
738
732
706
684
702
720
706
692
704
744
756
732
720
724
742
734
688
688
724
726
708
690
688
700
696
662
686
706
702
690
670
702
724
714
692
696
704
710
676
686
704
712
686
658
680
694
674
670
698
698
702
678
674
694
714
704
660
670
676
666
656
624
640
654
668
658
640
658
660
680
664
656
664
668
676
654
660
672
704
702
696
716
730
704
682
716
728
706
676
702
722
730
694
690
704
710
694
674
706
734
756
714
708
730
732
696
694
726
752
746
706
704
732
732
702
688
692
708
688
676
706
726
716
684
728
728
698
666
678
694
684
662
656
690
712
692
680
680
702
698
692
674
694
708
736
702
688
700
718
716
698
690
702
746
722
694
714
752
722
694
678
718
724
700
682
710
734
696
650
650
654
666
640
620
612
618
620
622
654
660
664
676
706
710
694
670
692
714
698
688
714
730
698
708
748
738
718
720
740
720
690
718
732
770
734
698
704
724
730
690
692
706
724
748
712
722
746
776
764
724
748
744
740
710
698
728
734
746
706
720
756
760
748
714
738
782
820
804
784
788
774
734
702
732
774
784
736
728
762
768
726
702
730
744
720
670
682
690
710
674
660
672
702
676
660
684
714
722
704
686
708
716
704
672
664
686
718
730
692
714
746
746
718
720
724
712
678
692
698
712
700
674
658
674
708
704
692
690
710
730
716
722
746
754
708
698
712
716
708
688
716
738
754
740
736
746
748
724
698
700
714
696
640
632
648
644
646
626
612
634
614
632
622
606
628
638
594
574
580
588
664
1078
956
888
796
700
670
674
674
678
684
664
644
664
712
744
704
664
656
676
710
864
934
886
842
816
774
746
730
668
636
626
668
710
746
750
754
740
700
660
644
678
712
742
790
786
768
748
742
748
750
752
746
744
734
734
730
752
752
762
752
738
734
724
712
710
714
718
730
734
736
744
742
736
704
676
652
646
674
716
756
736
698
670
692
716
718
692
666
650
688
708
718
722
696
674
680
708
714
718
702
682
664
686
712
748
756
764
742
738
736
736
732
732
724
732
734
736
744
740
732
738
734
746
740
732
742
746
728
732
732
724
730
720
728
712
712
694
702
700
702
718
718
710
702
688
690
682
682
676
674
676
666
682
682
674
660
670
626
626
606
586
598
646
1098
968
930
836
686
662
634
624
616
628
626
626
666
688
698
704
692
676
688
700
696
670
678
694
690
688
702
702
656
660
674
682
674
662
672
696
726
724
688
682
720
724
722
720
694
688
690
690
690
672
684
700
710
700
680
698
706
708
702
654
706
710
702
676
676
716
748
756
730
700
716
728
690
664
674
698
728
730
698
722
746
730
698
686
696
704
692
654
654
648
654
662
650
644
618
628
636
644
674
702
680
664
706
726
754
740
720
678
680
684
686
680
672
698
714
736
716
696
700
706
708
684
660
674
694
696
672
650
666
690
720
708
712
752
742
722
698
704
722
712
698
672
696
710
682
658
638
646
642
666
680
676
694
708
714
690
674
696
732
764
722
684
712
724
720
686
692
704
744
712
682
706
730
750
720
700
724
736
722
692
712
718
712
684
696
738
744
732
694
730
756
756
720
702
712
708
708
696
698
720
752
728
700
714
730
734
704
688
718
710
698
690
730
752
738
710
736
756
766
726
682
710
708
690
670
690
712
682
660
668
690
704
702
704
744
762
722
710
726
732
708
670
676
686
692
696
692
724
784
760
724
756
778
740
732
764
740
694
688
708
724
686
672
686
712
696
672
682
702
692
678
680
692
704
694
672
710
724
726
700
708
716
748
718
682
684
706
730
692
682
682
696
672
648
652
668
668
654
662
690
708
668
640
652
652
670
656
620
616
640
638
618
604
610
604
606
620
626
634
664
690
710
672
662
696
696
680
674
692
718
720
710
696
720
730
726
714
732
742
718
686
692
688
670
646
640
666
688
702
686
726
746
782
720
696
728
718
692
678
700
714
710
692
718
744
734
706
718
740
734
696
692
710
734
718
700
722
744
686
658
648
660
670
668
668
704
716
732
682
718
740
730
688
696
712
724
704
696
720
738
708
686
706
726
736
696
678
674
684
712
708
716
762
770
750
732
758
776
744
718
714
726
734
694
688
710
730
742
738
720
734
736
704
682
696
708
686
670
678
694
698
670
666
676
702
702
672
690
694
706
698
688
720
736
704
678
716
720
706
666
670
678
670
650
642
654
660
664
656
674
674
660
646
634
634
626
636
634
622
618
644
718
798
820
802
736
696
710
710
704
688
670
682
698
652
644
642
742
844
910
866
782
696
664
654
668
754
790
816
808
780
762
734
734
718
712
716
722
720
716
724
714
712
702
700
716
716
724
702
692
710
726
730
720
726
762
772
758
740
736
740
694
676
696
726
722
694
714
728
720
692
694
712
722
686
688
710
708
696
690
712
722
720
688
698
710
718
684
676
702
726
712
694
680
700
706
686
680
690
712
676
658
666
686
698
684
692
724
746
728
712
718
708
676
652
680
712
734
730
698
678
680
694
682
666
690
710
710
702
690
722
722
700
692
698
676
656
652
662
654
646
638
664
688
720
680
650
642
660
668
656
674
686
712
674
658
670
686
700
680
670
690
710
726
706
710
744
764
724
692
718
718
692
678
706
712
704
694
706
734
726
708
708
718
724
688
668
674
686
686
666
682
700
674
682
722
760
714
686
716
730
720
678
672
686
696
694
652
614
606
608
698
1016
952
934
866
820
802
782
722
688
702
742
770
716
740
754
784
796
792
788
772
764
768
750
700
670
682
690
718
724
724
738
760
772
772
726
710
706
718
718
694
668
664
658
652
634
648
666
684
694
684
664
672
678
676
652
634
662
666
696
684
688
714
722
708
684
696
704
684
786
574
704
706
674
664
668
662
648
664
698
724
694
682
704
692
650
632
660
682
682
676
682
702
704
680
678
688
700
698
664
672
672
674
660
626
654
620
632
646
660
652
668
716
734
724
708
722
728
724
694
684
708
718
734
704
698
714
712
686
672
674
682
650
662
680
698
704
684
686
700
708
688
652
674
684
660
654
684
712
674
660
684
690
684
658
658
684
686
650
642
668
670
684
654
686
724
730
690
682
694
688
678
658
662
682
676
664
648
660
684
700
686
690
716
734
698
660
666
684
708
722
702
696
708
722
742
704
676
682
696
696
664
652
678
720
754
724
718
736
760
740
666
660
638
624
610
612
610
628
636
628
636
624
664
668
708
686
686
696
694
698
672
688
696
722
690
688
706
720
734
718
698
720
730
714
686
676
694
720
710
672
672
700
714
676
660
688
718
756
728
704
716
718
694
660
646
644
654
626
622
620
620
612
608
610
622
630
618
646
674
688
686
662
668
684
684
670
664
688
698
684
680
716
746
766
732
714
738
758
754
712
730
740
732
716
710
734
760
732
718
736
744
720
678
706
732
756
710
700
724
766
754
700
706
700
698
706
708
758
772
714
708
716
696
664
640
634
638
648
668
1078
1002
968
910
854
790
738
700
660
658
682
722
780
814
834
820
790
760
724
708
706
712
736
756
768
756
766
760
754
748
724
728
742
708
676
656
678
700
716
734
736
714
714
706
698
678
676
682
694
696
694
710
710
716
672
652
684
698
712
698
694
706
712
690
694
706
720
672
652
672
678
680
682
688
712
724
726
704
700
674
634
634
624
628
610
632
652
728
706
700
702
694
720
902
968
926
868
788
744
702
696
684
690
664
634
646
672
704
746
748
750
748
750
748
734
720
712
708
722
732
742
758
788
808
814
800
756
756
736
722
734
698
694
732
738
718
700
716
740
714
678
692
712
708
686
712
734
748
698
698
710
714
696
680
696
710
716
718
722
732
724
704
698
704
720
710
680
704
712
716
696
690
714
722
690
692
714
718
694
676
694
698
692
670
690
712
734
712
680
700
692
690
664
674
682
686
662
694
706
726
704
710
702
716
692
670
686
692
704
656
652
666
648
650
644
632
636
642
656
676
688
698
726
710
664
686
710
734
734
706
682
712
742
726
722
742
760
754
694
678
704
716
712
700
682
716
748
734
714
738
764
758
734
712
736
760
746
722
752
768
736
718
732
744
710
702
724
734
730
702
716
728
722
694
702
718
752
738
704
728
714
706
684
694
710
724
708
694
712
732
720
698
726
732
722
692
680
706
728
694
682
718
728
730
706
714
724
716
678
672
692
722
714
698
718
744
712
710
728
730
690
710
722
728
702
698
724
742
730
688
694
692
690
674
672
688
710
690
710
740
738
718
710
704
702
678
686
692
616
610
606
624
610
704
1070
966
920
876
852
828
800
778
740
706
690
694
798
844
852
834
814
798
766
748
742
734
712
668
660
686
696
684
692
714
730
736
740
742
726
720
708
686
690
700
716
730
736
726
692
698
708
728
726
700
702
708
724
722
714
720
730
716
690
676
698
730
746
722
708
730
742
696
666
690
710
718
696
692
722
742
722
712
732
744
710
700
740
754
746
740
750
750
742
716
726
720
714
694
696
718
734
712
694
716
746
722
702
726
748
752
740
722
730
744
704
700
712
724
696
678
700
710
692
694
708
728
686
660
696
716
714
684
682
690
686
676
678
702
710
690
684
712
728
736
698
688
706
726
734
710
714
708
704
666
690
710
728
732
702
720
714
714
688
710
720
708
696
682
708
736
734
702
692
708
712
686
664
682
706
694
678
692
676
662
642
634
636
632
658
688
688
702
742
734
708
708
730
736
704
696
716
724
724
692
720
746
760
708
702
726
744
730
698
708
726
730
702
682
714
732
744
726
736
750
720
688
682
706
722
714
682
710
736
726
674
688
712
732
716
686
686
702
694
670
686
718
736
714
678
702
718
734
712
706
738
748
726
690
700
696
704
686
684
708
728
700
686
708
740
740
716
698
718
728
720
692
714
724
718
690
726
744
754
730
742
762
770
732
696
728
740
722
698
718
722
706
680
704
720
728
704
698
714
738
712
690
706
728
732
704
694
724
740
720
716
740
746
730
700
722
720
714
700
718
748
782
742
712
734
734
720
700
730
736
706
684
698
742
736
704
694
724
742
724
694
714
728
710
680
682
704
726
696
670
696
714
712
694
708
716
704
664
656
656
658
630
628
646
648
664
634
628
650
670
648
628
652
650
650
664
654
662
678
690
694
678
702
730
750
726
698
724
748
774
778
734
752
764
756
712
708
736
750
730
706
732
# end time: 2016-06-07-22:38:20, 1465353500.82
