# R wave intervals in milliseconds per line
# start time: 2016-07-23-19:51:48, 1469317908.89
750
690
730
732
784
724
668
684
684
692
628
654
700
724
688
690
700
722
672
656
678
694
674
642
670
692
704
664
674
708
672
652
690
700
688
662
694
698
708
684
662
682
692
666
656
632
658
668
666
610
650
656
648
666
678
650
660
638
652
658
616
626
658
656
682
654
654
682
712
688
634
668
666
686
716
690
698
640
640
650
660
658
658
628
672
670
674
634
666
702
696
660
666
694
700
660
644
652
704
650
636
654
686
672
646
686
708
690
668
700
714
668
668
688
714
668
672
694
690
650
672
700
710
678
698
748
746
662
698
714
708
666
706
680
686
644
630
650
634
664
644
680
656
652
644
678
686
662
666
672
682
664
688
678
678
682
692
678
674
698
678
674
642
660
668
684
642
662
694
700
662
670
708
686
652
664
682
694
680
674
710
706
702
664
672
696
658
652
668
690
702
654
660
674
688
654
650
672
690
644
672
686
674
652
658
688
668
634
650
662
700
664
622
674
684
654
654
642
690
648
684
680
636
620
634
632
622
632
650
642
632
622
652
678
708
726
740
696
698
710
688
702
672
642
684
692
712
676
666
710
718
698
656
694
704
674
638
644
678
678
636
662
678
694
696
642
650
686
644
614
678
604
604
662
612
624
600
614
618
632
606
614
596
594
618
610
594
616
636
642
664
666
626
640
630
656
628
632
630
634
656
626
626
622
632
640
636
638
684
688
698
640
664
682
650
626
614
634
646
656
630
708
702
686
658
634
648
634
640
598
628
624
662
706
668
666
706
718
700
644
654
674
650
660
682
690
728
702
690
702
702
686
654
640
682
684
652
640
674
688
678
630
666
686
676
646
644
668
684
650
642
666
664
644
614
642
650
658
634
646
664
658
632
620
602
642
630
634
580
622
614
620
642
648
652
666
694
670
650
684
682
670
652
646
648
654
642
660
648
650
658
674
682
698
680
664
622
620
634
616
612
600
600
588
592
578
606
630
618
716
750
688
730
684
650
652
646
640
626
596
634
652
640
676
638
644
632
668
606
632
642
644
642
652
666
670
640
676
674
650
630
644
644
652
618
602
600
614
610
614
638
640
688
666
646
668
708
706
684
648
646
658
640
626
598
608
620
644
646
630
694
736
760
738
678
684
664
678
652
598
640
638
648
634
644
688
682
666
620
664
634
612
634
650
630
644
666
704
702
706
690
716
718
668
678
704
682
658
632
688
658
644
656
670
690
690
696
702
680
654
660
660
666
666
676
702
720
692
690
680
670
656
648
650
660
638
644
654
600
614
630
644
658
634
640
650
660
646
650
662
698
700
664
678
704
674
672
670
666
670
646
602
646
606
636
604
636
638
654
672
640
640
670
670
654
640
686
700
636
652
700
676
674
664
646
656
650
660
642
648
672
666
654
636
666
668
656
642
666
666
638
640
666
664
654
640
654
656
608
620
642
642
618
628
634
646
610
614
602
602
638
1164
698
614
594
614
650
668
618
658
660
676
660
670
674
626
622
588
612
762
748
742
742
746
726
714
718
716
716
714
702
714
712
704
708
686
686
686
682
682
686
696
686
702
678
668
672
660
636
600
624
628
632
670
694
654
682
698
724
738
684
666
702
702
690
704
662
650
682
680
694
642
638
672
682
634
634
654
668
668
620
664
674
686
632
632
648
656
658
630
644
662
650
656
676
710
682
666
660
672
624
634
664
622
630
614
652
662
652
668
700
724
740
724
710
712
700
686
654
620
636
640
620
626
616
638
648
700
706
672
724
690
660
678
686
640
664
674
682
690
690
658
638
666
646
654
640
630
670
670
698
688
674
718
726
672
650
672
682
640
658
680
682
662
682
690
672
648
654
664
584
618
648
650
654
664
644
674
708
708
678
678
722
714
666
656
676
684
704
700
650
684
696
686
668
632
650
676
662
656
652
658
674
696
692
662
658
706
676
646
660
686
700
724
682
672
720
696
682
654
692
744
726
682
702
734
726
668
652
708
708
686
634
676
714
656
694
680
692
654
658
650
654
630
634
648
660
618
674
652
702
642
692
684
692
616
636
646
650
620
654
670
694
690
688
704
698
676
680
666
684
660
622
618
662
646
664
680
724
736
742
728
736
722
710
674
674
664
606
584
600
622
642
658
654
694
772
728
762
788
758
714
736
698
664
632
644
650
634
644
652
670
632
668
668
668
628
624
632
618
620
626
622
656
660
646
690
704
714
668
686
694
682
652
660
682
678
620
642
656
682
666
688
716
714
686
694
700
672
666
644
672
628
634
626
664
628
642
656
650
614
642
668
636
612
652
662
670
652
658
670
656
648
666
652
668
650
646
686
666
658
674
680
672
678
686
668
676
680
658
634
644
654
626
698
690
658
612
650
666
672
670
662
668
684
640
654
650
624
596
626
632
642
610
640
648
662
636
632
650
640
614
594
592
552
636
638
664
712
742
720
700
714
710
716
692
672
678
664
660
660
652
654
658
662
678
666
648
654
666
682
664
660
680
686
676
704
712
714
686
650
672
664
632
624
656
648
618
626
672
642
646
652
664
652
620
606
620
606
596
602
592
610
640
624
658
702
702
688
684
686
640
680
664
636
660
680
650
622
640
652
648
660
646
674
712
730
762
776
754
710
692
708
694
668
622
668
682
732
726
746
752
774
740
740
726
754
718
662
682
698
668
676
652
696
696
724
630
698
710
670
608
670
684
638
694
668
694
642
644
672
664
642
630
676
688
700
696
684
718
702
650
686
682
698
636
708
670
652
680
696
710
716
722
608
664
654
664
664
692
728
738
758
754
692
690
652
646
630
656
640
640
700
734
766
734
744
784
754
706
688
696
692
674
628
682
698
676
648
650
664
656
630
668
696
702
672
668
708
652
672
674
662
670
690
674
670
674
724
654
656
672
690
668
646
638
676
688
690
648
640
656
648
618
640
638
640
666
682
656
694
690
664
650
684
670
644
650
674
696
666
648
708
678
672
662
690
674
650
632
646
688
652
680
688
720
710
664
690
682
646
650
648
656
666
634
678
656
690
656
642
662
658
638
636
664
636
632
644
666
656
646
634
668
676
676
632
696
672
654
658
658
676
650
642
660
646
634
636
654
646
638
628
636
636
586
630
644
604
634
608
606
616
602
602
604
620
620
624
644
644
656
634
598
604
622
616
616
610
652
698
748
704
742
754
750
684
668
680
688
650
652
658
688
662
670
692
682
676
658
682
700
678
666
672
680
646
638
664
700
648
678
630
648
654
632
620
640
648
642
614
668
664
664
636
668
666
634
604
628
630
654
644
622
670
682
698
680
686
698
658
670
610
864
680
664
684
660
688
662
646
652
678
704
674
676
688
668
660
640
674
622
614
660
660
656
658
670
656
656
668
622
650
620
626
608
624
666
626
642
690
680
666
664
660
696
668
684
666
648
662
652
666
632
634
638
660
624
628
594
620
622
608
628
630
636
596
598
626
628
622
568
682
648
646
638
676
658
636
664
652
650
628
628
654
652
654
646
654
670
666
642
668
656
650
634
648
656
678
658
662
682
670
618
650
672
624
662
674
638
626
650
674
632
626
652
664
652
624
636
632
640
600
652
624
662
630
638
662
672
638
660
682
684
650
636
686
658
642
652
680
690
660
634
640
656
638
624
626
648
644
628
662
678
678
662
690
660
714
670
644
656
656
614
634
642
656
622
644
666
686
700
646
678
694
698
650
654
658
664
624
640
664
678
640
636
666
662
672
606
636
660
626
616
602
614
602
636
648
636
694
728
742
676
720
710
730
682
666
702
682
646
650
684
682
718
646
702
702
730
672
668
678
706
666
648
686
674
686
640
646
666
654
650
644
640
682
688
674
682
718
718
696
688
696
698
692
688
652
686
680
646
652
680
698
678
642
650
666
676
624
636
648
702
668
678
684
694
692
626
672
674
656
638
652
688
666
678
658
678
688
680
664
648
666
674
678
664
648
652
652
676
660
630
658
654
686
672
630
642
662
664
662
630
656
672
694
692
656
676
688
660
638
652
678
652
652
696
590
654
612
638
638
654
640
640
670
684
688
672
678
676
694
672
642
662
680
686
668
664
702
686
648
618
638
662
644
640
614
628
658
648
622
630
652
652
616
648
636
628
626
634
656
662
644
646
658
664
652
630
668
676
674
636
672
674
680
624
650
650
692
652
700
682
674
682
668
684
648
614
654
644
672
604
624
642
664
666
662
638
636
666
646
652
634
620
646
644
654
680
694
682
684
688
680
658
638
642
660
650
664
652
704
712
702
650
696
680
652
620
596
626
650
622
620
642
646
684
606
622
640
644
636
624
662
668
714
654
650
700
690
678
644
654
684
704
662
688
702
714
672
686
686
682
642
684
684
716
682
680
698
700
624
644
684
672
664
690
712
718
718
630
664
656
664
684
678
654
666
652
662
658
620
654
668
690
680
664
684
692
696
650
648
668
674
660
630
660
678
670
652
680
698
700
668
652
666
676
610
616
634
648
648
638
674
688
708
728
722
696
648
638
658
652
638
628
608
598
576
622
734
726
722
670
688
696
664
650
650
624
620
616
614
602
626
676
674
714
718
756
722
694
724
736
754
700
722
728
700
708
630
686
694
696
688
634
686
694
644
676
718
734
706
632
722
692
648
622
656
670
662
636
694
734
700
674
718
730
636
656
690
638
624
652
676
688
662
692
744
724
690
738
756
740
670
686
714
662
636
648
658
662
704
708
758
762
768
768
734
726
722
704
700
690
644
660
674
698
700
690
702
656
664
664
668
664
642
660
674
708
734
706
706
680
682
654
634
640
662
690
684
656
646
644
644
630
618
600
612
606
632
600
596
624
644
656
668
638
640
674
668
674
626
658
684
682
640
632
710
674
666
710
744
730
650
678
698
666
634
640
668
692
652
674
722
738
730
664
628
666
# end time: 2016-07-23-20:15:45, 1469319345.57
