# R wave intervals in milliseconds per line
# start time: 2016-07-01-23:13:15, 1467429195.07
778
696
778
770
806
768
720
734
776
698
652
664
686
712
704
682
720
798
818
776
718
774
746
712
670
708
718
770
760
706
720
732
792
736
764
754
774
804
784
788
812
814
772
748
750
778
830
872
784
824
842
846
848
828
854
850
816
806
812
844
772
772
802
794
766
728
734
726
744
828
840
748
708
698
726
756
744
738
718
724
686
628
642
662
654
704
746
782
780
710
706
736
748
780
746
720
716
742
706
688
690
722
746
738
716
774
780
784
748
754
774
732
690
734
762
758
698
736
736
714
664
684
720
754
758
696
706
730
742
752
718
694
728
744
736
692
648
682
706
734
750
736
700
690
712
746
744
716
750
778
764
724
720
720
704
654
656
666
700
760
802
770
796
810
794
722
714
726
748
758
758
716
734
748
758
746
718
772
816
772
738
788
800
756
716
748
762
720
708
722
714
718
710
730
698
748
790
714
748
782
804
764
776
800
806
744
746
758
728
702
718
772
780
796
720
744
798
790
776
726
758
764
752
694
660
714
774
784
748
812
860
852
744
728
736
734
688
716
776
856
864
742
778
808
772
732
772
810
756
712
764
748
742
760
798
794
734
728
758
786
748
772
840
876
834
774
792
736
684
690
688
706
702
676
664
686
760
880
918
922
850
794
772
766
742
690
754
776
792
760
790
802
806
810
770
768
766
764
714
688
718
744
732
700
704
728
750
782
734
752
786
776
782
716
720
748
748
754
716
762
800
806
778
754
812
814
766
722
762
800
816
738
730
770
812
766
720
716
778
812
854
788
780
782
796
758
746
786
814
834
794
790
814
816
766
778
818
818
820
758
742
794
768
734
750
782
766
748
768
768
724
770
784
784
764
722
746
768
764
722
728
750
748
698
680
722
744
720
702
702
728
764
804
760
716
764
778
746
684
702
730
740
692
654
666
698
718
666
674
688
734
700
728
736
768
766
750
682
694
696
674
662
672
684
696
662
688
720
734
736
694
726
740
696
694
732
764
764
722
720
754
772
750
736
764
750
712
734
756
730
694
708
690
664
654
686
738
716
716
774
792
722
720
764
792
762
716
714
768
734
686
704
746
790
746
748
778
802
776
724
780
810
828
812
756
802
822
808
734
748
768
792
734
750
798
802
740
730
780
796
738
730
768
788
748
722
766
792
744
698
734
770
764
740
760
786
754
702
730
756
706
656
658
700
642
624
654
642
666
650
630
674
646
632
632
654
664
704
706
694
726
706
714
700
702
718
694
680
696
690
698
698
682
688
696
708
710
734
762
758
792
788
714
722
854
824
818
808
798
822
814
826
844
870
888
884
880
864
866
870
850
812
802
806
816
824
834
828
834
812
814
808
776
756
748
730
734
738
726
746
696
726
752
740
736
710
720
714
722
706
726
758
760
742
742
762
760
706
680
702
670
660
666
680
706
732
734
796
836
816
790
774
768
782
750
788
756
776
768
760
752
748
726
700
666
694
652
648
664
696
712
742
748
746
762
742
760
796
806
800
728
720
730
728
746
766
794
722
748
770
782
810
756
760
772
804
788
736
762
774
792
782
754
780
768
764
722
674
712
734
760
796
714
690
728
732
670
664
700
754
764
804
728
706
696
738
754
754
734
706
698
700
684
666
644
594
624
636
624
588
614
578
584
598
598
592
618
624
650
622
638
668
620
622
630
622
606
582
620
592
612
596
588
588
582
568
618
554
560
598
584
618
666
652
680
708
702
692
676
696
678
652
632
620
596
590
584
580
600
616
660
622
680
732
742
720
668
672
674
672
640
638
684
672
650
664
660
684
668
658
660
674
660
642
634
664
648
600
646
658
654
624
672
642
622
590
592
620
620
608
626
626
642
606
604
620
612
604
614
618
614
608
596
610
590
626
598
648
652
1870
1252
752
574
572
640
642
634
610
624
644
656
636
658
640
636
668
708
704
628
720
696
668
654
648
660
692
674
636
628
656
688
650
646
696
706
678
654
576
644
648
670
628
624
668
670
682
678
706
696
704
668
684
702
724
706
716
658
652
696
692
676
688
718
766
788
808
788
702
690
690
688
648
702
718
732
710
686
702
698
684
672
676
666
892
818
784
758
740
708
738
746
782
796
834
838
854
854
806
724
714
720
700
664
712
786
750
722
766
748
710
690
654
684
644
650
646
614
592
602
612
644
674
674
672
724
702
662
682
710
674
664
648
652
676
686
682
646
614
632
662
706
766
812
896
760
752
880
908
902
906
908
998
706
730
780
518
806
790
788
766
778
800
732
700
668
652
692
780
842
832
840
792
782
762
742
734
708
688
724
736
752
780
820
792
740
732
734
736
752
732
746
738
730
704
670
640
648
640
764
774
790
754
754
722
688
708
692
698
666
682
666
684
694
688
692
662
654
694
674
684
694
696
716
706
698
656
642
688
702
766
778
780
780
764
756
706
722
748
758
754
700
642
746
646
714
696
672
784
698
722
702
678
632
624
654
618
638
670
752
774
806
816
830
822
830
794
792
780
808
828
856
854
814
858
850
876
830
752
706
738
760
796
812
842
796
804
828
798
736
776
780
804
746
724
794
830
804
752
802
808
756
692
692
704
700
714
674
660
728
750
820
760
778
792
788
760
710
736
758
736
684
710
706
684
760
740
714
762
796
802
778
712
742
768
766
712
728
762
802
784
748
794
812
800
724
760
788
778
714
708
746
782
770
690
682
712
716
730
772
762
752
736
704
660
664
708
742
838
844
816
884
892
860
796
816
824
812
734
752
798
830
802
752
832
860
856
746
710
746
770
794
718
692
750
802
770
726
778
792
764
698
692
696
682
632
654
688
724
710
734
756
798
794
742
762
762
770
710
712
748
726
748
732
748
772
728
752
736
730
696
708
724
696
680
710
718
748
672
742
702
698
702
704
680
622
630
642
642
588
606
658
688
768
786
670
684
740
752
806
884
868
850
832
804
824
756
764
778
788
750
754
776
788
768
734
720
718
726
728
682
682
718
736
738
724
770
796
770
698
640
632
582
658
714
772
792
790
768
782
772
750
692
672
690
704
700
702
750
784
752
694
740
726
710
694
700
722
700
672
688
714
682
736
726
696
676
682
682
678
712
740
770
778
788
804
806
810
734
664
652
646
638
662
662
750
772
742
700
736
760
740
692
660
668
658
656
662
712
774
824
838
868
854
826
766
730
746
750
738
698
700
722
750
772
762
748
746
798
818
832
852
836
826
816
794
796
798
784
766
780
764
756
706
724
742
784
720
766
790
796
716
738
812
758
678
698
706
738
758
724
686
712
684
680
708
752
794
770
800
806
766
858
876
886
904
812
838
812
804
756
766
798
742
752
764
816
820
808
840
854
782
770
774
772
712
718
750
764
764
742
780
820
772
780
776
744
676
654
650
638
668
780
764
770
744
760
718
724
742
774
796
820
770
732
750
758
756
770
784
762
776
794
820
814
794
730
734
690
696
706
720
688
698
730
710
720
738
740
752
744
770
734
754
716
688
708
712
718
718
694
676
696
694
684
650
648
692
690
682
734
768
740
740
740
750
704
700
712
708
712
700
680
722
700
706
704
702
710
682
706
650
626
638
644
642
662
682
674
740
830
894
854
726
752
750
746
764
778
728
734
756
774
750
720
780
750
744
778
778
814
792
792
766
766
732
728
742
738
662
716
694
682
650
696
732
726
722
772
774
768
710
748
740
732
666
684
700
706
726
710
728
778
814
764
758
776
786
738
746
752
768
732
730
750
774
732
754
754
764
728
736
748
778
722
632
674
660
684
744
762
762
726
718
726
708
640
688
656
698
686
664
696
704
714
756
728
720
726
728
760
724
706
724
730
732
700
724
720
750
750
742
734
772
748
724
732
750
758
736
708
734
732
734
694
690
704
632
662
666
676
700
724
766
798
808
816
798
756
720
706
694
680
714
720
570
606
748
690
728
740
742
740
740
776
862
884
850
856
890
876
830
850
868
816
750
764
810
776
740
796
832
754
710
708
780
744
810
860
830
836
850
872
776
800
792
772
736
698
728
728
754
696
674
664
670
692
738
772
794
760
744
768
758
740
736
734
778
754
736
762
718
730
736
668
644
662
666
674
686
664
626
662
686
732
778
764
716
724
744
792
814
834
818
770
778
786
784
780
780
824
842
862
836
870
870
840
798
844
836
764
814
838
832
750
754
780
780
696
704
738
742
702
716
744
738
686
656
664
668
680
730
786
824
726
740
766
780
796
756
754
774
782
774
716
758
792
766
768
816
824
758
786
802
772
762
786
788
768
750
776
790
764
734
756
770
724
706
738
782
788
754
774
796
752
692
698
718
750
770
732
752
792
818
820
798
786
794
738
700
728
740
730
700
676
740
700
708
744
780
732
730
768
782
750
766
804
808
794
672
684
684
706
660
624
648
680
670
666
718
700
750
770
774
738
746
744
758
722
726
684
686
658
648
682
698
732
704
708
744
754
742
772
710
694
650
672
608
634
598
614
632
646
1016
940
884
894
894
878
828
824
782
776
760
776
756
786
786
768
794
790
790
690
674
724
698
736
692
690
638
688
710
686
678
698
716
728
748
764
786
778
786
770
728
724
728
718
714
752
750
760
764
782
732
720
780
710
722
700
750
716
728
752
736
770
776
824
792
810
812
816
796
744
716
724
758
792
802
762
774
814
780
716
754
784
758
716
744
758
732
708
690
738
738
672
680
690
692
726
664
702
726
702
656
668
662
662
672
688
694
686
702
694
686
688
664
658
676
678
688
698
714
714
730
708
684
682
670
670
682
664
652
678
718
704
668
708
690
726
704
712
700
686
670
672
658
636
644
610
652
690
710
710
666
652
696
712
690
678
712
754
732
726
722
698
668
664
690
708
738
776
792
812
796
834
822
828
786
782
784
798
768
748
752
766
768
762
716
706
716
736
778
794
790
716
706
684
680
690
696
748
746
750
766
770
714
738
744
750
720
736
766
770
774
756
726
736
766
752
732
736
770
760
722
746
746
770
780
762
740
736
762
720
664
666
652
682
688
838
808
804
776
750
722
780
794
822
862
890
892
886
848
792
796
736
726
716
738
748
770
794
768
740
706
704
722
716
700
732
740
760
758
756
732
686
718
716
712
682
680
666
684
702
752
758
822
814
804
802
808
774
770
798
792
810
796
790
732
752
776
812
810
846
836
830
752
758
774
802
810
756
704
754
784
836
722
694
782
812
810
754
808
838
846
790
744
796
816
806
718
712
768
782
724
650
724
724
720
680
680
722
754
768
710
762
802
802
760
706
766
796
748
714
760
796
808
774
758
810
804
766
730
734
750
782
764
708
736
802
790
720
734
818
824
804
758
798
814
828
804
750
746
742
764
746
706
762
826
808
752
768
782
732
676
704
752
776
748
780
780
764
714
734
758
786
728
718
766
796
726
726
768
784
716
732
782
794
820
732
774
786
802
750
756
800
814
790
760
828
852
768
798
810
806
756
800
828
800
756
784
830
738
768
812
822
738
762
794
740
700
694
740
748
734
708
732
750
734
666
678
684
682
664
704
704
680
674
702
686
720
652
690
718
692
672
650
658
638
620
672
716
794
814
770
796
842
846
764
726
768
812
848
854
820
838
874
866
790
780
822
826
778
772
842
890
828
806
832
854
770
762
808
840
788
744
816
838
778
692
712
700
670
680
708
682
668
740
780
792
784
730
724
734
728
678
722
752
782
776
758
830
890
878
820
868
884
818
746
802
836
822
744
800
844
874
808
750
810
830
800
692
694
738
748
748
684
714
722
712
682
686
732
774
750
818
886
878
824
716
756
782
792
754
726
778
840
876
872
854
776
756
796
798
814
760
760
780
772
738
774
820
832
820
754
698
726
790
822
858
812
800
840
832
786
742
780
790
726
756
806
790
756
746
812
816
754
756
816
832
756
758
814
838
782
770
816
824
776
736
760
814
802
758
780
828
836
776
722
772
810
778
750
742
790
840
816
768
818
820
814
740
758
780
772
744
744
774
802
754
728
768
782
786
718
740
778
762
732
782
818
790
736
786
810
862
814
776
820
840
798
758
802
814
786
734
766
778
714
672
684
730
756
746
790
846
854
766
794
824
830
792
734
764
716
714
718
752
750
732
636
612
638
650
680
658
662
710
748
760
712
720
724
686
636
646
662
698
712
768
738
806
816
836
740
786
792
770
694
704
744
782
810
808
838
840
796
688
690
738
768
748
736
794
858
826
754
774
812
860
794
710
734
782
840
810
828
862
808
710
700
720
702
680
678
722
802
792
782
822
806
698
702
728
738
714
714
768
814
826
800
782
808
792
746
720
732
760
778
742
770
790
788
722
700
714
716
682
730
666
690
724
760
766
732
784
832
832
832
768
750
776
758
704
744
784
812
776
732
780
810
800
756
710
722
750
730
724
724
724
724
716
666
684
728
740
764
740
696
722
768
790
818
816
790
762
784
786
776
738
766
782
804
780
766
802
806
820
768
748
770
768
762
718
696
716
756
752
720
730
760
780
744
700
726
752
738
694
712
722
724
662
684
726
744
694
708
746
792
806
672
738
700
646
666
688
722
762
742
788
800
782
758
774
820
830
810
780
800
822
800
786
828
832
788
764
798
772
716
560
682
554
748
770
736
790
818
776
750
758
784
772
746
738
768
764
686
676
712
722
554
650
534
682
602
744
570
504
790
802
748
712
726
838
792
660
702
732
722
662
656
674
676
704
720
716
776
822
812
758
784
828
782
760
802
804
764
742
760
784
812
744
766
768
814
798
768
798
794
740
714
750
754
762644
640
668
632
650
642
636
628
642
660
586
624
620
634
622
588
618
586
580
598
716
616
596
640
662
712
772
816
826
732
686
700
736
766
822
864
878
864
852
822
834
800
750
746
822
922
946
728
736
758
762
730
696
718
762
790
744
782
868
864
776
772
828
808
798
736
746
790
830
740
764
820
840
876
898
830
744
736
762
792
830
864
870
814
772
870
932
936
868
902
870
802
784
824
828
766
806
886
942
864
768
834
836
782
768
828
910
926
812
856
902
904
846
852
880
914
870
860
902
854
820
898
1010
940
898
930
928
822
858
920
938
940
982
942
826
886
954
976
958
958
860
854
938
950
854
882
944
896
904
934
900
844
880
876
838
844
872
874
806
832
836
754
728
766
814
866
936
1004
1010
958
942
952
914
860
886
972
980
962
974
980
916
794
862
930
906
852
926
912
818
792
884
934
828
806
848
880
826
848
886
850
798
844
864
828
796
918
1008
958
928
938
882
816
868
958
952
940
916
878
830
744
768
824
884
882
1024
1062
1008
906
946
930
862
842
858
874
842
892
940
902
818
864
912
942
886
892
888
878
830
866
912
902
838
816
872
884
802
808
846
826
772
764
836
816
762
742
796
814
748
738
806
864
832
802
852
848
780
768
802
812
788
794
870
922
850
892
948
942
884
910
900
830
818
822
768
720
762
820
800
776
832
864
782
806
838
822
762
814
868
904
852
808
828
852
804
762
800
844
812
790
856
898
922
832
810
844
844
808
846
886
862
824
870
864
784
768
806
832
818
874
950
928
874
888
898
842
804
828
824
806
756
714
702
710
718
710
698
748
804
850
812
810
826
798
754
778
794
796
758
762
800
838
790
746
746
748
768
752
756
782
788
758
738
774
690
782
776
764
830
866
866
900
804
768
768
762
732
740
690
738
712
696
626
696
690
664
706
736
732
702
736
782
756
726
714
722
724
716
676
676
690
740
788
840
828
836
886
902
906
868
846
908
916
850
762
818
882
892
850
910
966
922
802
798
830
812
658
748
818
690
696
648
622
782
1042
972
930
862
910
924
906
868
852
872
906
958
976
906
864
870
844
836
800
764
728
710
692
682
658
662
612
658
814
960
940
916
902
892
880
854
782
782
812
752
754
806
856
894
854
822
838
820
770
790
802
808
768
796
808
782
732
760
792
764
734
776
806
782
754
798
802
782
764
798
810
774
766
804
822
778
764
810
822
794
758
758
808
826
782
796
832
826
772
762
790
774
742
732
746
790
820
780
798
836
848
804
798
818
816
772
766
794
786
754
736
742
720
682
658
694
690
672
678
718
720
696
690
728
756
736
718
744
744
746
722
738
780
782
772
764
806
812
782
760
804
798
762
756
812
818
824
828
884
896
814
782
806
810
796
760
756
794
818
796
806
864
894
838
786
778
838
894
856
796
802
826
800
758
772
820
788
752
778
814
770
768
786
738
706
698
702
718
724
754
822
868
810
752
744
790
676
594
640
710
1052
988
956
952
924
896
874
834
808
836
878
904
964
962
978
970
916
856
796
754
724
708
702
726
732
726
734
792
790
794
758
698
718
722
738
754
756
752
782
792
802
784
776
784
800
800
778
808
826
784
784
828
848
798
772
830
812
744
770
812
782
748
792
822
796
758
802
832
786
788
808
804
762
792
820
812
774
804
814
784
758
792
808
762
762
810
830
792
810
824
846
806
754
764
798
826
832
812
816
808
808
776
772
792
816
816
826
850
866
822
796
816
804
756
758
774
790
744
736
780
806
788
752
770
790
806
758
740
760
802
732
752
694
724
704
674
678
706
688
688
682
720
742
712
700
744
752
720
746
770
762
714
766
786
788
758
788
818
812
786
798
822
826
786
820
846
838
804
820
826
842
806
818
836
852
812
822
842
834
780
756
810
840
822
806
878
890
818
574
1050
856
746
728
750
796
808
774
780
830
840
772
768
822
850
826
782
780
732
704
690
720
816
986
1002
904
900
936
928
836
780
776
790
804
788
804
832
776
724
728
748
740
718
758
830
864
834
746
782
790
766
744
734
754
786
594
622
686
696
726
726
730
726
692
732
728
754
744
704
740
736
768
822
876
878
888
832
784
760
760
774
788
778
782
786
762
752
744
716
720
744
744
710
720
726
736
684
674
744
736
742
740
770
846
852
814
826
864
860
820
828
802
806
862
890
868
840
884
858
812
746
736
790
800
766
770
832
882
880
794
802
832
836
848
818
844
886
874
830
842
834
788
702
750
722
744
748
758
826
890
916
828
742
702
646
618
1068
1054
1006
998
964
958
918
890
890
890
914
910
938
954
932
906
874
848
854
842
832
826
834
848
868
886
910
896
870
850
864
852
840
828
828
810
810
812
778
744
764
800
788
752
758
800
812
786
744
768
774
770
744
778
818
834
814
822
858
858
828
796
834
856
852
836
884
886
862
806
816
914
992
868
780
840
848
808
766
780
782
762
746
734
752
796
842
778
778
844
870
844
786
748
796
824
806
760
762
794
830
794
762
814
832
794
762
794
838
806
792
846
882
850
766
790
804
816
758
764
796
828
824
770
820
852
850
850
886
896
844
844
866
872
818
836
888
848
782
768
774
774
752
756
830
890
862
822
858
828
778
722
746
800
838
800
770
836
830
790
780
812
796
756
718
750
776
758
758
808
858
824
800
816
786
714
694
666
706
712
724
708
704
742
738
700
700
616
670
700
680
646
650
662
630
628
614
616
636
648
680
664
672
678
686
708
732
778
806
828
780
712
728
748
768
784
782
748
790
870
950
952
914
902
872
866
858
846
844
876
880
888
898
862
826
812
794
742
726
766
836
1022
948
922
946
880
812
834
862
796
776
820
82730
754
776
762
706
704
732
768
810
788
806
840
854
776
804
840
862
828
780
792
# end time: 2016-07-02-00:25:20, 1467433520.38
