# R wave intervals in milliseconds per line
# start time: 2016-12-31-14:21:11, 1483212071.95
# annotation: sick with bad headache
688
706
716
684
670
674
662
660
632
620
630
616
616
650
678
716
730
676
670
684
670
702
684
684
706
742
746
706
718
740
768
756
752
774
800
808
798
750
744
738
738
738
700
710
716
724
730
694
696
726
774
806
786
794
814
818
790
756
752
746
720
690
712
738
762
766
726
760
786
792
768
772
782
772
716
710
712
722
716
708
734
774
814
826
822
818
800
746
724
732
754
758
742
762
784
790
768
768
766
796
726
710
696
612
626
630
660
692
722
762
806
832
822
796
810
798
784
718
714
736
764
732
746
818
862
844
812
834
850
790
786
822
862
874
832
816
808
820
770
766
792
820
836
822
848
868
846
790
794
806
772
718
732
732
764
756
784
810
794
782
788
776
748
730
710
710
676
644
670
686
704
694
708
742
794
816
810
788
764
752
720
710
668
642
648
642
694
768
768
742
772
806
818
742
720
716
716
692
698
746
772
746
708
734
724
732
716
670
690
714
770
786
740
756
800
838
840
802
804
796
798
754
754
770
772
726
734
724
746
778
774
808
832
808
776
788
778
764
718
704
710
706
698
702
732
764
782
780
734
744
750
736
692
730
770
768
730
752
758
752
748
740
714
642
660
656
652
660
640
614
632
626
670
728
776
758
794
828
840
820
796
806
798
792
758
780
810
832
798
806
824
846
806
810
820
802
776
794
814
780
756
792
838
832
796
812
812
760
770
790
798
766
786
808
828
774
772
790
800
778
776
784
786
764
772
790
818
804
782
788
786
772
742
750
774
784
734
728
736
736
694
672
666
686
712
706
694
734
760
814
816
858
888
890
872
824
782
780
776
778
736
750
772
806
806
802
834
844
826
758
768
780
768
734
746
696
712
748
732
740
684
642
662
674
706
764
756
762
794
806
810
790
774
780
780
752
766
786
788
754
772
790
784
754
734
752
758
752
704
712
696
684
706
754
760
716
744
754
768
736
702
722
722
654
644
690
742
754
824
898
890
836
850
792
724
736
728
736
700
672
706
690
688
682
668
656
654
660
682
712
634
702
708
746
794
836
756
788
820
842
794
816
820
788
738
764
752
738
732
724
694
660
658
650
662
702
728
690
682
696
710
742
754
746
798
840
868
850
862
840
748
728
732
724
724
718
710
674
686
664
722
668
666
706
712
710
692
688
692
700
670
678
640
630
622
620
636
686
764
786
810
832
830
770
754
748
766
768
718
750
772
782
726
746
768
802
780
750
754
756
716
706
696
694
776
752
770
756
762
770
764
736
744
764
764
730
754
720
740
738
724
688
746
742
764
762
768
752
748
736
726
668
650
644
654
666
640
644
650
700
766
818
786
770
772
754
730
688
686
698
726
694
682
692
724
702
694
712
706
710
674
680
686
686
684
646
642
634
632
618
638
650
678
692
648
684
700
724
724
698
670
676
686
710
710
698
748
784
810
766
718
702
666
652
654
700
742
700
746
780
794
726
736
728
730
706
656
668
712
732
738
728
770
788
798
724
698
666
652
656
686
714
648
692
722
758
782
772
726
740
744
748
756
734
748
782
804
820
844
832
852
850
856
826
802
818
818
824
788
790
830
852
864
820
828
838
842
808
790
798
792
754
744
764
758
694
690
678
690
772
812
800
836
846
836
784
790
762
738
662
700
702
724
698
702
738
786
822
828
746
756
758
752
714
732
746
778
816
834
808
812
784
726
732
712
680
704
722
718
736
754
770
758
734
706
690
670
654
652
648
652
652
676
746
840
870
862
902
920
848
808
728
720
678
702
738
774
798
802
756
764
770
786
794
774
768
794
834
850
784
788
806
832
822
778
786
800
804
776
778
796
812
792
766
758
766
758
724
656
676
682
702
722
724
684
714
736
750
712
688
698
720
738
732
750
768
774
726
688
682
684
660
632
638
674
728
784
756
786
806
810
772
776
770
766
760
724
714
724
752
812
812
834
882
900
902
866
870
862
808
786
792
790
728
734
766
790
768
766
780
786
740
708
726
752
786
762
776
800
822
770
770
792
798
786
770
788
796
776
740
752
760
772
748
752
784
804
778
766
794
804
806
768
764
778
786
766
764
784
792
794
752
764
780
772
712
712
714
720
692
692
710
712
694
642
662
678
732
776
756
794
806
800
764
734
748
736
730
702
710
720
738
724
780
858
888
860
886
914
878
864
840
824
748
746
746
760
734
744
784
818
784
802
828
832
790
766
768
782
750
732
750
776
768
754
774
786
772
750
764
774
782
744
762
782
784
740
750
770
778
748
742
754
760
744
706
726
746
754
704
716
736
744
702
688
690
692
678
656
684
714
722
704
712
704
670
670
690
698
660
670
694
718
752
738
724
762
798
808
772
778
814
840
842
792
816
830
840
834
816
832
846
840
818
808
820
836
834
774
772
780
798
750
720
742
740
742
684
688
688
700
682
628
644
660
666
652
630
658
706
734
728
720
764
794
814
822
822
768
758
762
768
776
732
758
796
816
776
766
776
796
824
798
816
836
828
768
770
770
776
752
708
752
794
812
774
740
750
776
762
740
784
800
810
782
782
792
768
792
810
782
788
782
772
746
742
756
778
792
796
766
768
798
826
844
840
802
804
814
810
790
766
774
792
810
798
794
810
816
782
782
806
828
836
796
796
824
842
834
780
780
794
778
774
808
830
804
806
806
790
760
774
794
816
800
826
848
832
798
812
820
826
790
788
798
798
802
774
782
798
820
810
766
774
800
820
818
814
836
842
820
794
808
818
818
786
800
806
784
734
720
698
680
698
748
732
770
814
824
804
778
784
786
790
758
764
782
808
792
804
836
844
830
820
842
842
816
804
812
822
804
782
792
800
774
770
796
808
776
756
760
764
746
728
758
786
790
772
794
816
796
796
814
832
792
780
794
810
792
790
820
838
844
864
862
854
820
814
818
814
762
754
762
772
744
738
756
796
822
818
840
838
782
702
640
604
776
768
800
794
782
772
766
762
754
748
744
738
740
740
740
720
706
712
726
732
744
718
692
702
718
704
716
730
740
750
744
734
724
694
688
688
688
690
662
650
682
704
726
732
670
688
704
720
678
682
704
736
744
698
714
720
728
712
688
702
712
716
698
698
712
716
728
696
706
726
732
742
720
746
758
774
742
736
752
754
750
726
732
742
752
722
714
740
746
752
744
742
744
740
688
686
698
708
704
664
678
688
704
654
660
666
656
670
710
684
686
708
712
718
660
664
690
710
718
682
726
780
812
810
784
806
810
794
732
738
754
762
766
728
738
742
752
732
732
752
756
766
766
810
828
830
788
762
768
756
714
694
720
760
792
770
770
796
796
742
706
726
738
762
744
758
770
760
740
686
700
708
742
760
764
790
802
786
768
774
760
726
702
708
718
726
726
690
712
734
736
720
696
704
706
718
706
710
726
748
732
706
738
770
756
748
742
750
738
714
742
762
768
716
710
700
700
668
644
668
678
684
646
640
632
618
622
642
628
618
654
680
690
682
640
660
686
706
718
684
728
784
822
804
788
820
826
780
764
774
792
750
750
778
792
770
764
798
812
800
756
772
774
764
716
730
742
758
730
730
764
790
794
756
778
788
780
736
754
776
796
770
788
790
788
744
760
782
792
754
770
790
800
750
756
784
798
806
762
782
800
812
804
802
824
806
794
748
758
758
766
730
738
772
786
784
736
744
762
762
758
706
720
738
744
710
686
702
678
644
644
656
696
742
724
726
770
782
786
762
772
782
794
758
744
756
770
792
762
778
792
786
750
724
744
752
772
714
728
750
752
742
704
726
736
726
676
678
684
708
746
722
722
726
734
748
728
738
756
756
748
706
710
720
716
702
670
690
712
740
740
702
730
750
758
702
674
680
664
632
612
612
624
628
630
616
652
692
712
726
694
646
658
652
640
634
606
626
668
754
808
808
870
918
896
852
838
826
838
788
826
892
888
860
792
788
804
822
780
704
726
740
760
740
774
808
804
810
828
830
794
768
784
798
770
726
772
822
870
848
816
812
816
782
790
810
786
728
712
722
704
684
676
688
678
670
668
678
704
646
620
594
642
770
796
790
794
774
744
738
742
728
750
780
792
790
790
818
848
850
836
830
822
816
818
808
790
748
760
780
794
792
798
834
848
846
806
832
846
824
724
754
756
754
734
674
664
676
690
780
772
742
774
784
762
698
712
730
750
716
762
828
890
870
902
914
904
856
822
814
810
754
766
800
822
808
788
800
806
794
768
794
806
786
772
794
792
758
758
790
822
830
804
838
854
854
808
798
800
804
762
786
814
830
832
800
820
828
818
778
798
802
786
726
732
752
770
752
758
798
838
844
850
884
882
826
838
832
790
752
772
772
768
716
734
756
770
734
756
776
786
742
754
770
752
752
780
808
812
768
792
796
806
776
780
788
804
774
778
798
812
788
768
790
800
784
768
760
716
668
700
726
792
824
810
850
866
862
816
790
796
810
788
788
796
796
754
756
772
806
784
780
804
824
802
804
830
838
814
774
780
788
780
756
784
798
810
768
784
792
782
724
738
754
770
738
754
772
782
720
680
674
658
662
698
688
718
772
804
824
766
780
782
780
724
710
732
768
798
766
794
836
836
808
834
846
848
790
750
766
760
764
738
762
806
842
830
796
818
842
868
840
832
812
790
726
714
716
738
756
798
860
878
874
832
832
824
820
774
770
784
812
794
784
802
822
818
762
788
804
820
824
820
848
850
820
798
820
836
822
820
848
862
834
756
764
764
758
714
726
760
800
786
808
846
852
784
800
808
816
792
766
776
774
774
744
758
784
798
800
784
804
818
812
786
810
802
790
744
766
772
778
738
764
804
820
818
798
804
796
766
762
790
786
786
730
734
750
778
744
786
846
902
862
860
878
856
790
790
788
782
736
734
732
720
684
666
676
690
706
692
720
778
848
864
852
870
870
832
820
818
820
792
776
784
780
744
744
762
790
798
758
784
804
812
766
784
818
840
816
776
780
790
762
742
784
812
800
794
824
858
830
808
810
806
752
770
784
800
774
798
830
836
804
780
796
798
798
750
740
754
768
744
720
738
756
764
730
746
744
764
732
720
726
738
748
726
746
762
738
694
708
720
704
672
654
658
676
664
628
634
646
758
956
914
880
852
828
806
790
768
742
720
712
716
724
718
706
700
708
704
710
768
814
832
850
872
886
874
854
822
792
766
750
736
734
736
736
738
732
754
786
802
814
766
754
758
776
800
780
796
806
794
762
776
794
778
746
764
782
798
754
744
744
742
712
718
734
760
774
740
776
814
840
836
792
788
790
786
746
762
776
786
760
748
768
776
764
762
778
798
796
748
754
756
744
692
668
676
696
700
702
732
782
798
770
788
790
786
768
694
668
722
698
714
720
714
676
690
690
700
732
762
734
752
778
806
806
762
768
770
772
758
782
802
810
818
816
772
748
738
720
672
682
718
760
798
784
734
750
724
668
656
650
644
660
654
686
716
742
750
718
730
740
746
716
710
742
782
800
772
816
864
874
838
860
878
840
812
818
814
794
750
766
776
768
776
802
826
830
806
812
812
760
766
786
810
804
790
794
798
768
750
774
800
804
746
762
770
762
756
780
810
824
814
828
844
850
810
812
816
818
802
774
790
796
800
740
748
766
794
814
776
794
828
836
812
800
800
798
750
754
770
760
710
708
720
732
686
680
708
728
730
696
720
750
772
738
722
728
740
754
728
728
728
732
718
712
724
728
710
664
660
690
752
814
830
798
846
858
814
776
774
756
728
716
682
652
662
674
670
674
656
650
656
636
620
596
604
630
670
728
736
732
746
766
752
700
698
716
734
756
756
754
712
714
722
712
726
780
824
840
858
820
814
800
788
764
700
702
718
758
792
748
768
802
808
756
728
720
730
752
766
738
726
736
730
732
736
686
698
722
750
724
728
738
758
768
738
752
768
782
790
764
742
744
738
766
776
738
728
738
748
754
714
690
718
742
740
718
770
812
808
748
738
724
730
698
658
628
644
664
698
748
740
710
730
760
786
788
758
782
814
826
776
782
798
822
760
740
772
792
770
714
716
728
684
640
566
628
774
778
804
764
722
706
698
696
702
758
766
776
774
776
762
748
702
652
648
666
702
756
808
814
810
772
756
758
766
756
766
768
784
788
798
796
786
764
750
736
730
690
626
648
658
656
682
758
806
832
846
840
786
752
728
710
678
666
690
722
742
744
788
832
854
808
800
796
732
728
736
750
746
714
746
750
734
700
726
750
756
712
728
768
800
792
748
756
766
760
710
710
692
680
642
606
632
642
692
734
718
674
694
732
770
792
774
772
786
784
784
782
768
716
726
738
754
776
746
750
766
778
748
732
786
834
844
780
802
812
752
732
740
752
710
726
780
848
828
852
900
908
828
834
848
816
760
786
824
838
754
732
758
778
740
710
746
780
742
712
718
728
726
702
724
740
758
750
708
722
726
728
720
682
692
710
746
776
776
738
758
756
736
728
738
746
748
706
714
734
750
754
712
728
734
710
666
654
672
694
730
736
700
704
722
714
690
708
708
708
688
662
678
692
714
730
704
726
756
764
770
752
768
750
692
662
666
688
690
748
746
784
808
810
766
696
692
684
666
664
716
788
854
870
834
868
864
854
864
830
838
810
760
724
774
830
856
812
872
898
878
808
850
864
810
786
828
848
776
746
782
792
724
752
800
836
774
798
824
820
774
720
722
734
716
702
726
760
746
724
750
760
776
770
744
720
740
754
764
770
730
742
762
788
814
786
772
792
808
754
716
# end time: 2016-12-31-14:58:45, 1483214325.3
