# R wave intervals in milliseconds per line
# start time: 2016-11-10-11:58:31, 1478797111.07
846
826
842
822
740
724
754
798
802
738
786
842
832
758
802
812
756
710
746
762
774
712
730
792
840
854
784
736
756
744
698
736
766
800
766
734
822
854
886
828
820
838
824
742
728
764
718
672
682
760
824
874
896
892
882
876
842
820
794
738
736
752
758
738
762
786
764
686
678
702
734
770
728
780
824
840
834
812
756
716
720
720
748
782
740
768
762
770
830
772
720
784
798
776
702
728
766
790
748
774
818
800
742
782
820
836
810
736
776
806
832
778
820
858
864
818
810
848
786
722
768
818
814
728
778
826
852
866
876
852
856
804
764
796
806
826
784
820
852
804
706
688
692
732
780
778
752
820
860
868
780
684
668
700
724
772
824
824
778
802
810
820
784
774
796
794
806
754
696
674
694
738
734
754
818
852
854
820
784
788
780
780
718
700
720
736
788
818
806
836
850
856
864
828
828
836
822
748
770
810
856
812
770
846
870
766
726
778
810
848
764
776
804
776
696
694
696
728
830
836
820
756
752
754
742
714
666
678
708
746
780
726
714
770
792
744
698
682
694
698
788
806
820
818
878
868
856
800
714
772
758
778
782
790
744
676
734
776
826
854
788
782
828
836
770
770
824
846
758
772
828
834
804
808
854
864
798
728
742
752
746
694
682
710
760
732
682
728
808
836
782
702
736
744
752
724
658
700
732
772
736
732
782
814
808
808
764
704
662
644
670
712
722
750
730
708
704
728
762
760
758
758
770
762
742
736
722
694
690
692
712
736
756
760
746
744
796
834
854
804
714
656
668
624
634
728
786
734
692
692
662
612
592
618
746
794
764
768
770
796
768
740
746
772
764
772
790
812
832
850
854
850
844
808
768
740
708
688
660
694
702
706
682
644
652
722
774
824
852
862
836
758
734
756
770
774
750
676
694
732
776
796
758
796
794
780
714
678
674
666
684
772
830
822
724
728
742
760
770
710
712
764
802
766
744
812
828
834
826
782
814
828
766
704
678
688
664
658
664
684
704
754
726
708
790
808
792
764
714
740
748
756
770
794
744
750
790
806
782
716
764
812
844
770
762
818
850
786
772
818
836
780
758
822
856
820
750
834
878
862
756
784
812
822
734
782
860
900
830
824
876
792
686
704
760
802
790
850
904
910
876
754
712
682
664
668
680
768
830
858
828
862
882
866
852
832
764
690
716
716
720
738
762
752
688
692
684
738
796
830
852
774
718
758
788
800
802
746
776
822
840
770
794
834
844
772
764
784
788
772
800
854
874
836
828
828
784
720
714
708
726
748
772
836
838
850
866
828
776
754
738
720
716
672
682
712
740
772
678
670
624
604
582
586
616
612
670
620
652
600
604
576
606
604
584
572
564
554
562
582
624
684
746
774
802
820
828
830
830
852
836
820
804
812
818
788
778
714
690
780
868
902
814
824
844
848
744
672
710
768
820
818
754
748
736
652
632
662
710
764
782
708
714
760
776
792
806
796
744
732
754
768
774
762
700
696
726
770
740
710
710
710
756
816
750
762
796
802
734
650
616
600
620
780
856
840
790
792
808
780
772
784
820
826
766
698
688
726
732
756
794
780
730
768
802
822
814
810
744
720
750
790
802
804
802
768
718
752
786
774
720
698
672
732
788
844
852
760
774
794
792
770
710
740
772
804
808
730
764
804
792
704
698
748
764
742
778
864
886
884
816
820
828
816
800
788
756
710
748
780
810
840
778
738
784
808
814
746
700
682
678
692
740
802
822
836
806
716
708
710
700
696
668
660
722
768
800
800
750
816
848
824
736
754
746
712
648
688
730
752
678
670
714
698
694
766
842
860
864
854
836
802
776
714
678
708
764
814
806
740
782
820
844
782
762
778
786
748
752
802
830
824
770
804
808
802
760
706
726
728
688
654
698
752
738
692
690
720
722
740
792
810
820
762
732
752
770
786
798
806
808
732
704
706
710
732
718
666
662
734
778
810
806
758
784
812
832
814
772
796
800
794
760
782
806
816
776
742
798
850
882
878
894
914
894
874
788
812
844
868
812
754
818
842
750
708
780
816
810
824
862
852
840
866
856
850
820
804
822
770
696
696
672
710
766
766
734
746
796
844
860
846
794
810
826
822
822
826
816
776
814
850
854
804
776
840
870
890
860
778
820
834
842
788
744
788
814
794
728
758
794
820
744
708
780
836
774
726
784
820
808
720
738
778
808
742
748
812
854
760
720
730
738
702
644
694
770
844
896
838
850
880
854
760
720
762
806
814
744
818
894
910
792
702
724
792
832
866
880
870
854
818
798
786
770
766
768
790
812
840
852
854
860
858
856
850
844
836
834
814
758
688
680
674
722
822
894
840
796
834
848
828
746
740
772
766
704
742
794
838
758
712
746
748
688
650
682
722
704
660
706
750
778
792
822
814
794
744
732
752
774
790
788
738
744
772
784
748
700
698
734
808
852
806
856
906
928
882
886
904
850
744
744
794
844
874
828
834
858
878
876
838
850
866
880
892
864
874
868
862
850
828
840
834
746
742
796
836
804
756
796
790
752
704
748
788
818
752
758
790
790
732
754
786
776
716
642
632
638
630
640
648
680
756
740
744
804
830
852
834
830
784
708
720
750
780
796
750
780
834
866
876
770
712
750
756
768
782
758
720
776
794
798
800
748
714
710
722
728
726
692
728
778
790
740
672
666
652
652
646
686
710
722
698
682
636
648
628
608
580
590
606
542
550
534
556
556
580
566
562
616
628
584
596
558
674
678
616
598
650
694
738
792
814
812
806
808
812
840
864
880
858
760
704
750
786
808
822
812
734
790
842
862
842
816
828
822
766
732
776
820
760
752
840
880
904
828
742
706
726
846
840
834
772
718
724
692
672
676
688
638
656
706
820
848
854
848
802
708
716
744
790
844
888
834
816
868
878
848
766
826
864
784
698
768
832
818
748
802
824
774
692
714
746
792
826
784
834
878
870
826
790
828
818
784
710
682
690
706
666
636
656
674
704
704
686
744
832
864
834
774
812
824
826
820
760
794
820
846
802
712
712
650
634
632
636
632
684
702
680
714
766
780
784
774
758
732
660
654
682
668
666
694
736
834
854
808
774
850
888
900
892
822
812
844
862
866
858
750
764
800
834
796
742
804
842
834
780
816
840
768
740
814
858
872
786
736
786
812
774
734
790
838
858
800
822
848
842
822
742
784
834
840
760
760
788
776
698
652
678
698
760
752
698
758
708
750
712
750
746
702
692
700
732
742
754
710
654
612
640
642
682
714
766
830
840
810
798
862
888
886
866
786
806
836
842
812
836
898
930
914
840
888
890
834
726
788
838
816
730
806
854
810
720
764
802
836
770
756
796
814
788
766
820
858
880
876
864
796
748
784
798
838
834
782
834
852
852
772
790
836
848
860
796
796
830
846
842
772
750
800
844
782
792
854
894
884
830
856
866
848
766
694
736
772
798
736
658
688
726
744
690
704
678
620
594
618
648
666
698
710
716
726
708
692
676
676
694
710
690
656
652
670
702
742
706
694
704
738
818
838
854
858
852
838
834
828
822
764
712
704
728
798
834
868
848
758
754
786
832
732
756
746
698
660
682
726
736
694
750
774
788
716
632
608
606
620
660
786
840
880
908
890
894
910
902
878
870
790
732
772
818
878
898
886
830
866
874
794
746
798
830
814
738
786
832
814
768
796
826
766
708
698
676
684
708
776
820
834
810
722
716
710
680
684
708
800
838
842
766
790
794
780
710
710
736
782
804
804
812
814
778
740
762
778
800
724
684
670
674
672
698
704
720
716
724
706
666
648
690
712
714
690
672
704
742
796
842
862
798
760
780
796
750
736
754
814
780
722
794
824
840
762
782
828
826
830
834
832
812
748
742
766
782
784
768
712
768
842
878
880
830
746
760
798
824
888
888
910
918
910
884
850
862
848
750
780
810
836
740
664
734
756
802
752
708
784
856
856
826
722
704
702
704
754
746
680
722
774
786
710
668
718
810
860
852
782
806
860
872
850
774
728
722
668
638
638
632
636
642
654
974
940
918
928
920
904
870
840
820
794
748
772
786
814
836
732
742
764
746
724
700
708
710
734
826
860
870
840
750
692
678
666
674
734
786
850
862
864
866
860
840
812
788
834
876
882
892
862
776
838
882
794
702
688
774
868
912
804
794
842
846
806
734
800
874
922
930
882
900
898
878
854
774
792
832
850
860
810
798
856
880
892
874
812
848
862
856
802
808
862
898
904
846
748
800
830
812
736
792
834
852
800
734
788
812
812
744
754
762
762
778
804
796
748
808
878
900
858
830
788
722
758
770
796
816
766
830
854
812
730
754
796
822
792
746
818
854
830
762
802
830
814
752
772
774
778
720
728
744
744
712
672
630
656
704
794
848
876
874
796
772
776
774
788
752
746
818
850
828
746
700
718
732
766
826
868
860
828
746
710
698
698
682
708
754
688
672
686
684
602
626
608
592
578
596
602
606
600
600
604
600
602
580
568
574
602
660
696
736
818
848
856
804
864
896
872
848
914
930
898
890
916
830
802
840
830
828
746
718
752
806
882
924
896
880
892
852
850
876
890
902
886
840
800
820
842
828
728
684
702
696
814
872
908
888
812
738
734
726
700
664
638
694
692
786
848
876
876
862
846
818
760
786
864
918
940
928
902
840
746
728
754
848
892
914
872
802
774
868
910
932
894
796
712
744
778
804
764
830
834
820
902
936
950
944
872
842
874
884
896
890
802
780
842
904
896
884
960
964
894
830
872
914
920
876
892
928
954
912
848
888
882
800
694
658
680
736
838
796
816
874
906
906
848
840
824
794
728
762
832
868
894
886
806
712
746
742
748
706
698
792
868
902
872
880
872
866
806
790
820
834
830
826
818
902
926
908
810
832
850
860
790
828
902
930
858
866
920
878
788
846
868
782
726
668
728
790
796
724
776
846
872
886
798
790
860
906
908
810
816
840
844
818
730
792
870
908
922
862
770
796
806
840
834
862
930
902
848
926
946
920
814
850
892
926
884
838
910
942
936
910
816
822
840
846
754
790
842
902
886
960
970
944
800
798
848
880
888
834
864
884
894
818
824
858
838
752
806
850
832
746
804
862
882
774
810
846
836
746
780
830
862
810
788
862
906
902
852
894
906
850
746
800
840
818
762
860
904
884
784
826
854
882
816
772
852
886
810
812
878
892
834
734
744
768
738
744
770
720
720
776
808
844
796
768
806
806
780
732
676
730
782
830
780
706
704
666
658
678
666
966
952
900
882
854
840
822
810
814
816
810
816
816
722
698
708
734
764
816
856
846
814
844
862
880
882
880
848
830
824
818
820
810
786
742
756
794
804
796
714
740
750
772
798
784
710
724
762
756
766
710
708
754
794
766
730
796
832
812
734
752
762
708
680
720
764
812
758
774
798
806
758
762
796
816
820
762
764
778
790
816
784
726
782
838
856
862
794
740
768
776
800
758
764
754
828
850
864
890
818
738
752
760
766
718
730
704
678
652
738
804
792
756
820
850
838
746
700
726
716
670
654
670
686
700
726
690
650
642
638
664
626
614
620
662
682
698
700
688
676
686
708
742
750
784
812
842
864
846
812
810
836
842
776
732
736
762
792
734
754
808
854
874
884
846
750
770
794
834
826
786
850
902
924
854
790
848
868
870
792
720
756
736
732
818
834
744
714
674
648
684
704
718
768
810
864
906
860
860
880
860
782
732
762
762
706
678
674
688
732
822
874
904
874
838
874
894
884
880
882
876
860
828
838
854
868
850
790
788
818
864
860
736
718
752
760
768
714
668
680
736
738
704
690
716
754
796
838
828
766
740
768
794
828
850
824
852
882
900
902
810
790
834
870
900
878
808
844
860
848
780
804
856
882
854
792
782
770
812
858
844
806
858
916
844
838
848
848
814
784
834
872
900
868
836
870
872
784
726
758
774
812
772
728
788
856
882
858
830
852
850
804
776
820
856
864
790
808
834
836
792
738
778
808
756
730
670
680
716
766
784
720
708
762
824
824
732
698
730
768
808
830
782
796
830
836
780
720
670
642
622
622
652
690
696
770
746
716
696
718
756
788
798
784
776
780
776
736
724
742
802
836
860
860
824
776
786
800
808
810
786
792
810
824
794
794
814
816
810
768
776
806
828
762
770
804
792
738
752
786
738
666
718
770
788
718
688
730
738
760
716
720
766
778
778
730
768
812
838
826
808
820
834
820
824
858
878
852
828
884
910
906
830
858
876
864
792
780
804
794
724
728
794
826
792
760
852
876
850
776
810
830
856
850
762
766
810
814
766
760
790
820
836
798
830
848
836
752
676
660
654
698
782
808
756
738
778
806
830
766
760
784
772
704
652
610
614
610
596
678
636
678
670
634
624
650
710
772
790
780
768
760
752
744
712
706
748
784
776
750
786
832
876
898
886
814
806
800
800
808
824
742
742
782
794
786
800
848
878
786
768
788
792
732
690
762
824
856
800
760
826
850
830
796
836
852
846
826
788
828
830
810
878
926
920
872
806
828
830
740
754
820
870
816
874
916
910
840
748
806
820
800
738
796
874
908
818
784
844
866
814
730
804
836
786
724
782
832
830
756
718
772
794
760
686
650
628
612
684
754
748
770
780
800
822
838
842
816
788
760
772
806
772
738
748
782
826
868
894
892
888
866
838
810
804
800
798
804
832
854
858
786
688
670
676
698
754
782
730
740
762
726
742
784
818
768
774
812
852
864
824
788
800
790
716
672
702
750
820
760
752
834
892
918
826
822
824
830
764
754
778
818
788
788
812
748
696
682
680
716
784
834
874
922
916
900
888
860
824
800
712
674
702
756
814
864
838
836
874
844
746
724
772
808
842
764
750
776
800
768
728
766
786
780
732
752
782
802
804
810
812
774
724
740
766
790
760
764
826
854
794
706
688
712
754
738
718
768
806
824
794
764
810
830
834
794
724
730
770
818
854
864
784
782
834
848
824
822
864
850
738
708
696
690
648
636
650
636
618
644
644
640
666
688
692
698
772
828
848
846
842
826
800
782
770
756
740
674
652
668
762
870
868
866
940
916
794
700
684
694
716
690
750
724
690
638
674
822
742
718
682
650
640
594
594
566
558
572
536
540
530
536
524
522
994
992
534
596
766
770
814
766
740
902
922
934
938
946
934
912
824
834
874
914
890
870
892
960
998
982
948
858
888
934
956
958
898
920
934
894
758
746
840
952
942
834
848
924
976
860
794
844
922
950
946
996
990
884
838
878
898
820
820
924
952
864
870
884
810
726
738
762
718
746
784
804
778
802
816
826
820
780
756
760
776
786
762
754
762
770
750
738
764
818
838
810
836
832
# end time: 2016-11-10-12:40:35, 1478799635.33
