# R wave intervals in milliseconds per line
# start time: 2016-06-26-10:31:15, 1466951475.08
812
874
754
778
744
762
708
656
650
674
664
658
662
620
732
834
838
820
1478
1290
776
604
608
658
658
636
632
668
674
696
714
716
754
770
776
768
720
720
676
668
604
624
612
630
626
626
632
618
640
690
754
766
762
758
682
648
624
612
588
594
618
1034
882
876
858
860
818
812
778
726
690
684
690
708
712
710
710
720
750
750
764
746
736
674
680
652
632
620
626
628
654
658
676
702
728
742
738
720
692
668
652
640
630
634
610
598
650
684
700
736
752
672
606
650
584
614
562
564
584
558
604
664
714
766
768
738
718
718
694
680
654
638
640
644
648
666
666
676
686
712
698
712
708
696
684
648
626
636
626
632
652
678
714
692
664
650
648
662
642
696
716
670
672
678
646
622
582
622
614
656
642
638
644
648
612
606
618
610
588
566
600
566
570
630
570
596
588
546
554
610
570
566
584
574
590
620
650
646
638
604
626
536
582
546
556
550
562
570
606
674
696
708
732
752
744
754
750
760
770
756
744
752
764
750
772
776
752
756
710
680
668
650
638
694
748
784
766
770
750
714
670
666
652
658
642
584
582
582
620
644
690
730
696
672
646
620
586
616
618
594
592
642
662
686
696
686
694
690
696
704
700
700
710
710
690
716
724
718
724
690
664
672
668
684
698
732
730
688
692
714
698
720
686
634
616
610
618
640
662
674
652
664
662
628
642
614
602
822
774
734
692
668
654
638
620
624
626
624
642
674
700
740
724
720
718
732
710
690
670
662
652
642
638
624
626
606
614
600
594
586
590
598
622
638
656
678
666
638
622
608
604
598
582
570
566
584
586
606
622
646
666
678
694
700
682
656
656
662
650
652
654
632
608
610
600
566
556
598
590
630
644
626
660
654
658
624
616
626
624
616
628
618
588
570
576
570
590
604
622
668
694
706
694
654
642
602
578
568
560
570
594
622
654
656
664
624
618
622
642
658
612
632
612
596
602
708
678
650
584
600
598
634
636
922
838
772
728
654
614
572
562
566
546
556
574
592
582
600
618
606
604
608
600
628
582
534
550
552
670
836
752
732
672
636
614
592
566
566
576
570
582
582
594
604
614
622
596
580
570
570
574
606
614
634
632
638
642
626
598
624
584
574
594
576
590
574
576
602
604
630
598
610
596
564
568
580
548
558
546
562
562
576
618
630
648
738
886
806
750
688
644
608
590
572
580
590
606
610
610
618
628
618
634
602
586
574
572
548
554
576
590
618
654
672
688
718
698
686
618
574
586
606
596
584
592
608
588
596
642
638
614
574
584
558
564
554
558
538
582
624
682
710
738
744
720
714
708
690
670
670
660
660
652
654
650
656
642
642
646
610
592
586
574
602
570
574
576
600
600
610
606
610
604
568
608
626
608
622
636
606
620
624
630
632
638
672
654
668
698
684
632
596
604
576
598
604
622
632
626
622
616
600
570
580
582
618
620
648
684
760
788
798
790
764
724
682
670
628
626
614
588
606
614
586
576
602
644
672
682
706
718
726
700
690
676
670
642
642
638
636
648
670
674
658
650
648
636
626
656
652
664
682
682
696
672
658
614
600
592
592
628
656
670
694
744
746
684
656
654
654
660
668
678
702
728
740
768
756
744
724
724
694
698
684
670
668
672
684
694
652
640
626
616
666
700
716
692
698
684
664
652
634
614
648
666
658
644
620
610
606
600
600
566
562
622
618
664
684
700
704
698
690
628
598
596
628
606
598
554
626
688
1096
908
864
828
826
756
654
638
628
604
592
622
624
648
692
724
730
734
694
636
626
608
606
586
598
588
636
624
634
656
650
656
646
662
644
646
626
650
662
670
718
738
748
740
728
722
684
684
678
668
682
686
692
696
718
686
686
682
680
664
600
566
600
580
616
624
632
642
590
624
612
612
632
608
616
666
680
728
734
752
688
658
660
690
718
732
762
814
788
776
734
744
692
708
668
678
688
728
714
754
732
770
736
684
662
676
654
652
638
674
696
704
768
792
816
810
782
696
704
688
684
656
652
676
698
726
706
658
722
738
728
698
678
714
714
638
642
652
658
692
654
642
670
680
678
656
662
684
672
680
662
652
652
616
668
696
706
748
680
720
710
702
656
668
690
686
688
664
658
670
664
674
636
652
684
698
728
726
670
634
656
658
648
610
652
648
676
646
630
652
666
628
646
674
658
644
596
640
648
672
648
600
652
664
680
668
626
648
674
660
670
626
650
672
668
672
674
622
652
650
654
604
638
658
658
668
648
622
644
650
662
662
626
648
650
636
656
600
644
644
650
656
620
658
668
694
694
664
718
724
714
702
642
646
662
652
612
592
636
658
668
676
664
696
692
700
678
632
632
656
658
588
582
612
622
618
588
604
630
614
628
620
644
632
622
648
640
664
680
656
654
646
646
642
664
678
706
724
716
678
660
712
706
712
648
684
662
662
614
626
638
608
616
646
668
698
714
730
682
672
696
680
680
676
698
706
654
650
694
726
732
726
688
722
708
674
634
654
680
654
640
660
660
654
610
642
666
678
668
678
692
706
692
656
636
638
660
650
650
626
652
664
628
592
602
634
652
612
656
672
672
690
630
614
646
632
584
596
602
616
614
642
646
664
620
664
682
696
702
688
664
636
666
658
668
634
598
642
676
694
666
600
646
678
644
664
684
710
674
644
646
670
654
646
632
662
682
696
666
672
702
684
660
662
680
682
670
640
680
682
642
714
748
764
754
742
684
698
692
680
682
680
650
688
732
750
714
662
660
680
668
608
638
654
694
668
618
680
694
698
656
650
688
690
630
670
672
684
644
656
672
702
674
682
712
766
728
716
722
730
714
708
652
684
708
714
722
690
698
712
702
710
686
650
690
642
598
586
542
638
776
834
846
816
788
750
722
700
686
660
616
644
634
636
632
626
638
668
684
706
656
636
660
628
634
560
620
596
584
614
584
586
570
604
560
578
536
580
538
544
570
542
560
536
560
578
568
562
574
580
562
582
594
570
598
594
576
578
530
552
528
538
578
592
620
652
658
686
652
688
680
656
632
628
628
622
572
580
576
564
572
562
640
632
640
604
616
624
608
612
624
586
600
590
626
598
720
690
692
632
642
632
634
634
640
644
632
600
650
664
696
720
680
740
764
794
792
716
750
752
746
726
654
666
686
720
762
704
718
676
724
704
748
716
678
678
704
694
678
664
696
722
732
724
702
706
724
730
692
672
678
676
680
660
696
714
770
714
734
754
740
740
724
692
660
618
626
636
674
708
748
774
788
736
710
720
708
658
658
678
744
732
662
702
708
692
708
752
706
690
728
712
658
634
674
678
690
654
640
676
680
716
662
662
722
706
726
628
676
634
694
722
762
756
756
686
698
696
676
684
684
716
714
740
696
758
702
738
748
746
726
660
642
656
648
646
680
714
712
708
678
646
690
668
646
648
666
680
676
676
722
664
636
666
690
694
662
654
682
670
680
634
624
648
664
668
636
640
668
710
700
736
736
670
700
752
766
792
800
780
776
704
688
740
760
762
780
676
682
710
694
666
644
604
642
676
700
724
636
672
684
692
704
658
656
670
682
706
676
634
670
730
726
718
622
682
666
678
692
640
638
664
686
714
670
670
680
662
664
704
752
726
690
660
640
668
660
678
672
660
662
670
676
690
638
678
718
764
816
800
850
788
702
722
734
722
742
668
682
722
732
730
660
706
696
722
708
674
738
770
786
692
704
730
728
698
606
670
700
694
656
684
736
750
738
672
702
726
712
716
666
654
682
664
704
730
714
688
746
760
776
698
718
752
728
724
690
662
700
724
740
688
748
790
818
798
688
692
690
644
666
668
688
680
680
722
756
810
854
844
808
698
642
642
656
650
682
720
778
830
890
862
808
764
686
670
660
636
646
640
620
634
650
728
756
680
690
714
710
702
670
626
588
654
648
672
668
674
694
684
596
682
674
704
694
670
688
622
678
666
706
712
648
674
678
694
664
622
654
694
580
618
594
630
626
688
606
680
668
654
656
628
624
630
562
588
592
580
652
622
674
650
720
720
714
744
712
650
736
650
664
628
582
550
542
550
550
526
530
536
528
522
528
502
524
534
534
546
548
540
562
590
558
548
562
576
590
614
570
580
616
638
630
594
622
606
592
560
546
550
586
554
576
550
582
590
562
536
566
840
510
622
672
550
590
592
596
568
570
582
564
564
556
540
582
546
552
542
564
588
616
610
648
652
578
614
654
614
626
628
606
602
554
572
572
564
562
544
528
520
536
514
536
524
506
530
552
562
564
536
584
570
580
558
552
536
560
538
550
524
552
572
566
562
556
600
584
600
674
740
758
736
654
678
648
632
642
630
596
564
588
742
530
580
586
602
600
588
598
604
594
586
580
546
554
552
556
568
586
578
596
584
612
612
624
632
628
640
634
628
632
622
634
638
598
576
594
622
644
668
692
704
638
678
676
666
662
684
696
688
650
672
694
662
650
662
630
626
646
648
648
618
612
614
632
610
600
604
668
634
588
626
604
640
640
644
640
666
656
648
662
646
616
584
570
574
612
636
682
734
730
722
754
774
736
738
688
656
642
612
574
566
578
574
646
746
820
804
762
760
756
738
712
666
688
750
780
690
684
716
718
748
714
654
666
670
692
708
726
654
652
682
696
700
688
638
666
630
654
680
702
726
744
682
698
680
686
646
622
644
668
710
742
734
722
736
684
660
694
708
734
726
726
682
656
686
686
692
684
664
630
660
716
742
780
696
678
698
684
716
712
700
740
764
796
770
720
760
750
744
734
748
792
782
790
726
722
732
748
662
660
708
724
802
812
742
734
756
760
736
674
644
678
690
702
646
710
736
718
696
642
630
660
682
694
646
666
700
698
708
730
748
728
700
640
660
676
704
722
760
694
736
758
732
684
658
656
676
696
678
648
662
676
660
640
664
728
772
770
782
716
682
690
1274
1216
730
602
598
634
638
638
614
606
610
574
562
572
586
626
670
744
794
826
782
692
676
678
694
722
746
754
744
730
720
714
720
708
702
652
668
676
690
676
632
606
592
630
696
700
694
680
676
674
654
646
632
626
610
608
580
588
570
586
578
582
564
628
528
552
578
576
624
660
710
704
712
728
698
684
666
640
674
678
688
718
762
778
768
798
750
718
724
712
726
724
750
754
744
760
754
742
734
722
716
714
702
686
682
698
706
696
698
714
714
704
638
618
632
628
620
668
706
714
722
766
774
744
726
736
722
726
662
668
692
704
698
666
672
698
678
720
768
786
750
704
728
716
716
670
692
728
764
788
790
714
724
734
734
720
738
784
804
756
752
768
764
706
730
738
758
706
742
788
790
776
770
752
716
678
712
738
700
696
746
776
742
698
732
728
712
678
704
732
720
674
712
724
754
702
716
736
732
704
732
750
746
698
722
766
776
716
718
704
704
674
704
766
792
752
804
832
850
772
784
764
726
682
688
708
678
680
706
710
670
698
714
738
718
682
708
706
644
644
654
672
704
706
694
690
710
706
716
698
684
714
722
748
758
772
750
754
728
668
674
708
724
746
706
728
758
760
748
684
690
708
718
736
720
718
746
736
738
680
710
736
726
704
734
786
788
792
708
714
724
716
690
728
736
728
734
684
706
724
766
784
782
740
726
724
726
720
698
664
640
666
682
690
708
684
718
738
742
692
706
720
720
700
668
664
686
678
688
672
674
660
684
710
706
718
664
702
740
736
708
666
694
704
682
620
634
636
672
662
706
778
836
826
798
838
816
748
746
750
750
712
724
726
736
692
712
742
784
816
764
798
822
804
760
756
760
734
738
758
774
764
814
834
754
778
780
776
716
732
740
756
724
740
758
748
756
708
746
746
758
690
720
726
704
722
782
820
796
726
738
732
732
700
722
746
736
680
726
708
728
686
730
754
782
774
708
726
728
734
712
668
682
684
682
672
754
764
762
778
754
744
736
720
730
722
744
744
740
698
646
696
706
730
804
804
806
726
740
730
716
672
670
634
656
692
730
780
832
794
782
804
780
752
752
726
670
702
740
774
778
774
698
722
728
736
768
720
668
658
670
696
696
668
674
754
740
770
734
680
720
724
706
720
794
808
820
760
730
766
802
816
832
814
744
690
714
732
770
798
782
768
786
754
732
656
592
664
570
582
598
742
724
706
698
718
698
732
744
720
748
738
734
744
738
758
798
808
816
810
782
754
738
722
702
678
664
676
674
718
684
670
670
710
686
652
682
716
684
666
666
620
608
638
668
640
640
672
722
720
750
680
638
656
680
684
708
722
666
682
688
662
706
748
786
800
818
766
740
776
764
748
752
750
754
712
746
744
750
744
768
706
730
746
764
786
784
784
804
804
764
728
754
784
782
700
712
744
762
668
666
696
702
730
670
640
642
656
642
672
626
622
588
614
610
626
674
656
660
682
694
708
670
660
670
686
706
644
716
750
742
730
758
738
684
676
656
722
728
768
828
812
788
782
792
730
728
736
744
756
742
734
752
750
724
740
726
694
688
714
692
694
734
726
706
678
716
724
710
658
712
698
658
656
694
716
754
758
768
696
602
614
588
686
742
720
682
634
634
622
556
572
560
584
604
612
622
614
598
604
588
614
642
640
630
700
722
750
766
710
710
700
670
692
682
652
658
658
650
672
684
680
688
680
664
626
626
612
642
664
674
692
686
658
642
634
624
596
632
614
620
626
636
620
636
632
636
662
618
636
598
620
602
582
590
594
584
576
554
566
828
736
526
1050
632
548
506
534
536
580
628
722
754
780
808
790
752
668
634
602
664
940
844
750
666
616
586
556
564
648
696
736
738
782
780
754
712
720
740
774
786
774
790
768
802
794
772
748
754
724
728
716
724
730
732
726
714
714
722
736
718
728
716
688
700
700
694
678
652
642
694
730
754
780
780
778
718
698
708
668
632
636
650
648
644
628
660
686
648
656
696
694
644
680
698
702
678
644
678
696
706
666
678
720
718
666
704
736
744
664
690
718
702
682
680
684
700
702
666
698
720
736
716
730
744
758
736
704
698
700
690
658
650
696
680
680
680
708
728
684
642
670
674
668
664
640
644
672
712
686
668
638
670
674
664
640
646
674
676
692
740
660
666
662
674
612
616
660
636
638
622
630
638
610
648
664
644
602
650
652
616
600
612
614
570
584
618
638
656
576
616
598
616
616
614
676
720
712
712
676
590
574
558
586
696
720
688
616
568
632
672
766
702
648
630
590
592
576
564
576
546
570
596
556
534
578
562
556
548
564
524
550
534
536
518
530
532
538
542
524
542
558
558
562
612
672
640
620
1006
604
580
516
530
856
518
972
518
532
658
698
744
800
760
814
800
714
666
672
666
664
678
700
716
688
688
632
646
618
604
600
560
564
572
562
586
616
626
628
602
566
562
556
598
578
604
588
568
568
580
586
580
618
612
614
620
654
654
658
636
670
680
712
708
682
696
656
622
622
618
900
830
796
748
696
660
656
640
642
640
636
634
612
568
564
578
574
608
652
698
770
798
810
774
756
682
666
662
660
662
678
708
756
780
832
822
800
758
752
766
762
782
736
674
664
668
688
708
700
680
734
744
754
758
668
664
676
650
654
672
682
716
678
708
716
688
646
672
652
610
618
608
580
578
626
660
694
654
616
602
644
660
646
660
602
626
630
616
648
668
684
702
726
714
654
598
586
566
588
622
636
632
622
674
786
798
742
698
674
674
620
614
642
636
640
644
646
610
626
648
618
616
704
764
770
710
666
712
706
724
728
718
698
686
700
682
670
648
656
652
652
672
666
684
650
650
650
628
652
670
636
664
672
688
708
708
708
706
690
688
682
644
628
674
642
622
698
650
690
702
664
886
848
768
728
706
692
670
686
696
692
732
752
766
728
738
714
732
712
684
670
654
630
648
614
626
652
682
696
718
708
678
668
682
700
686
702
654
666
682
718
724
728
722
684
666
678
668
660
698
744
774
750
720
760
772
780
760
724
698
694
686
654
626
646
686
722
776
756
754
774
780
778
730
734
742
726
696
686
724
730
744
738
724
746
738
734
712
700
722
740
734
686
678
714
714
728
730
676
684
726
702
708
720
744
766
754
746
704
678
700
694
706
714
676
682
706
696
676
662
642
664
680
682
652
632
636
658
672
706
722
686
670
658
686
696
718
718
714
680
680
698
690
694
704
678
648
672
696
702
718
726
676
682
710
714
706
690
660
680
694
686
648
700
706
714
704
672
664
688
678
652
634
632
660
698
632
604
634
680
684
642
612
640
652
646
642
632
626
620
622
630
598
608
612
616
640
622
626
656
664
710
696
670
684
692
684
642
650
660
680
682
682
674
698
716
736
746
708
710
648
620
606
640
668
716
768
772
814
838
816
776
790
768
748
674
660
654
626
634
614
600
630
706
738
678
684
700
718
722
734
670
672
686
678
676
686
692
678
636
638
634
648
630
634
660
638
602
660
680
694
726
708
654
666
662
652
626
642
680
708
720
642
666
698
686
682
614
616
640
664
640
646
622
598
610
598
612
638
634
656
710
736
718
696
704
704
710
686
706
694
674
678
674
676
710
656
716
734
720
712
704
646
622
620
614
608
588
586
594
586
606
664
564
574
634
624
630
618
626
572
580
604
570
576
574
556
546
582
598
682
698
652
638
656
712
574
572
610
788
738
726
702
694
682
678
666
644
640
636
616
616
646
668
648
604
584
612
636
650
666
688
650
732
744
762
740
730
734
746
720
708
698
690
696
694
706
710
720
698
690
696
706
700
704
680
654
700
716
732
746
678
694
720
730
740
662
668
690
694
654
670
710
766
714
724
764
756
746
662
672
688
696
708
680
696
710
676
668
704
676
668
606
612
600
622
626
602
614
638
702
718
682
664
614
592
582
598
620
682
712
712
712
746
746
724
704
674
638
602
612
600
600
586
562
570
566
572
598
702
796
798
806
822
808
768
730
704
682
694
702
722
720
774
766
710
680
700
692
698
680
684
664
638
648
632
652
634
602
634
660
658
680
774
830
878
850
838
820
748
726
684
684
680
704
710
738
764
778
764
750
762
786
774
796
766
748
722
706
640
650
654
682
698
656
700
728
714
662
688
638
646
628
644
620
604
584
586
624
616
636
656
628
636
600
628
566
638
582
616
636
650
636
616
664
664
712
848
926
950
968
934
932
908
882
824
834
774
816
766
712
676
644
670
694
764
712
694
658
630
632
630
602
604
594
574
566
570
564
604
530
536
688
724
708
682
650
698
642
620
620
608
610
616
604
604
590
600
598
594
594
582
582
562
562
598
632
628
656
610
656
668
608
578
596
598
574
574
604
580
570
578
608
584
572
574
592
598
584
582
616
586
612
608
612
584
604
612
584
580
582
564
574
552
566
530
570
534
508
768
688
566
966
790
570
578
604
746
508
516
510
664
776
726
676
640
616
544
560
564
556
558
562
560
564
560
542
550
550
542
538
538
534
528
530
546
556
582
564
556
562
554
562
554
552
536
554
510
518
516
986
532
552
606
610
608
642
610
612
596
588
582
566
572
564
562
564
578
574
574
578
588
570
580
586
558
552
572
574
578
584
562
562
568
540
564
540
546
538
546
536
508
516
520
524
568
526
726
730
652
600
542
542
548
566
582
586
608
606
616
606
612
580
588
568
572
560
564
568
566
582
584
576
578
590
574
558
580
550
536
534
528
522
532
552
568
608
574
588
608
608
592
618
598
602
608
596
576
572
572
548
556
552
558
576
604
608
614
614
618
586
584
586
586
564
580
566
570
566
560
542
540
570
576
602
610
824
792
734
634
620
606
610
676
740
688
632
564
542
544
528
516
574
658
788
830
818
844
802
790
782
728
708
652
570
580
582
650
668
682
664
634
634
618
600
622
634
694
718
776
824
802
798
812
780
772
770
758
740
742
748
752
748
718
760
772
752
764
746
720
718
716
706
712
712
710
700
694
690
676
684
670
682
686
700
706
688
666
656
586
580
580
590
630
658
670
640
604
626
648
634
636
624
598
618
626
634
642
604
586
570
596
670
618
652
634
614
622
646
624
622
606
640
668
674
698
720
724
724
688
686
694
698
736
772
766
742
744
694
634
646
608
596
590
626
640
698
734
762
764
768
762
726
736
730
728
744
758
770
780
772
738
732
740
744
762
748
746
734
738
718
734
762
772
708
668
708
736
756
700
642
670
674
654
592
594
624
664
696
748
790
794
710
644
632
634
640
606
596
608
636
690
732
790
796
744
714
680
642
636
654
656
662
666
674
678
648
614
616
596
628
628
640
654
618
620
634
654
658
672
696
702
690
638
598
614
598
628
604
590
598
572
560
574
580
622
650
642
648
686
736
766
762
750
696
678
690
700
706
742
774
826
# end time: 2016-06-26-11:22:18, 1466954538.36
