# R wave intervals in milliseconds per line
# start time: 2016-07-27-19:14:24, 1469661264.97
748
736
728
694
688
714
674
718
676
644
668
670
648
624
638
634
638
594
582
582
620
646
648
642
636
674
724
690
688
724
740
758
726
702
720
712
754
720
722
662
652
676
680
696
706
696
640
626
646
636
668
688
734
768
730
672
644
628
624
644
664
696
734
756
774
758
740
748
726
722
708
712
710
718
720
726
736
748
730
736
742
734
714
686
666
662
660
668
688
696
732
778
792
794
768
756
744
728
714
688
676
700
714
688
720
740
722
686
696
686
690
652
606
620
622
644
674
670
684
714
762
734
680
650
650
690
854
818
776
742
712
676
632
620
618
616
614
628
630
626
636
656
652
644
646
654
646
648
640
624
610
624
630
638
636
646
668
680
700
702
698
702
700
698
684
676
680
690
690
692
678
676
680
672
638
628
638
640
638
640
614
598
602
608
604
608
628
722
780
746
728
662
642
638
620
618
628
644
650
660
668
668
648
658
658
658
648
648
656
662
644
648
644
642
646
642
650
674
676
664
644
638
632
618
612
630
658
694
758
794
798
736
746
736
716
660
658
680
690
676
688
748
772
754
720
716
730
696
652
670
710
766
758
712
724
762
766
708
712
730
722
666
634
658
700
690
628
636
642
684
866
910
818
786
750
732
728
714
704
684
714
730
744
762
770
778
782
776
770
760
718
698
696
694
682
652
658
662
660
636
612
642
630
628
614
616
626
632
638
638
632
640
672
690
680
696
720
706
718
740
720
718
758
756
766
778
800
778
786
784
736
676
644
672
722
742
774
756
680
666
694
720
750
750
690
664
686
708
722
710
664
670
658
648
660
686
660
642
672
698
720
704
658
678
714
762
772
740
718
728
724
704
662
674
688
714
724
704
680
690
672
654
618
644
664
664
640
622
656
702
742
740
710
708
690
650
638
650
650
654
652
680
668
652
648
668
678
670
692
718
698
692
714
716
720
722
690
656
684
690
694
670
670
696
686
640
626
654
676
696
712
652
652
692
698
706
660
650
672
682
682
644
672
700
722
696
660
696
710
696
652
674
712
716
698
686
708
716
706
698
740
748
756
712
730
760
766
714
696
718
722
690
640
614
638
624
628
632
624
626
662
690
680
646
650
646
644
660
672
692
702
722
706
662
632
626
602
684
684
656
632
614
626
642
644
654
680
700
694
706
660
646
654
672
780
772
740
696
664
654
640
636
636
634
634
634
634
630
630
632
632
624
622
620
640
644
646
650
652
646
652
638
636
632
632
626
626
626
610
606
610
610
604
614
606
622
620
628
632
642
632
610
616
614
598
592
598
600
604
578
580
582
570
716
842
796
748
710
680
638
630
604
584
584
568
556
560
550
628
750
840
848
830
828
798
780
758
740
710
676
660
650
634
618
598
584
574
596
634
692
736
788
792
792
770
748
718
702
700
698
700
714
734
744
746
726
700
690
648
632
638
652
660
670
656
646
646
642
640
624
574
566
580
590
612
652
622
588
626
652
804
914
870
842
794
730
682
612
608
624
638
660
682
694
694
678
666
656
656
638
608
606
594
588
590
566
544
558
558
572
540
544
574
592
746
884
844
798
752
686
654
648
604
604
638
648
650
676
686
674
670
666
648
652
642
626
608
614
560
678
698
664
632
636
580
556
558
564
662
762
706
686
668
652
642
584
546
568
560
712
704
676
648
642
630
624
608
602
588
582
576
578
584
594
596
562
540
554
564
678
856
830
776
720
660
624
596
584
562
548
544
564
552
530
530
544
572
660
876
898
832
802
738
672
634
604
584
568
556
558
562
542
538
502
532
566
592
574
596
624
670
706
678
678
678
638
638
540
566
552
560
600
808
854
796
746
680
636
628
604
608
600
594
558
540
542
544
548
560
568
604
610
634
648
620
582
572
574
618
646
660
680
680
670
648
632
630
650
698
716
712
708
692
678
680
682
696
688
704
728
712
724
728
724
714
664
642
644
644
652
670
698
722
734
732
732
712
696
690
690
684
676
674
692
688
692
686
670
664
654
646
646
648
636
630
614
590
606
550
576
512
550
548
590
892
888
818
760
708
656
620
586
570
562
552
564
602
732
842
810
838
862
862
854
826
806
796
784
776
744
740
732
728
736
736
736
754
768
780
776
766
754
740
710
688
670
680
738
742
712
690
664
640
614
600
620
652
690
732
776
790
768
716
656
638
654
690
728
766
814
840
852
830
812
792
780
754
726
702
718
748
744
734
740
736
730
724
712
710
674
616
642
662
668
680
650
626
636
664
706
708
672
668
714
752
760
724
714
712
718
706
718
736
740
742
728
718
694
688
678
682
678
638
634
684
734
774
736
670
630
648
658
646
622
640
656
660
640
650
660
676
710
708
716
720
724
682
636
632
648
666
684
676
712
764
778
748
718
712
680
650
630
646
680
700
724
764
792
774
718
708
712
728
752
722
672
686
702
716
684
646
646
650
660
696
734
734
672
640
662
664
654
638
644
648
664
632
634
658
686
682
678
684
690
688
686
656
650
666
670
638
620
644
690
740
782
796
774
738
692
696
672
660
668
688
698
672
632
642
644
642
652
692
720
738
766
808
772
706
678
700
722
756
726
732
706
668
670
644
668
704
754
748
746
752
756
736
732
732
722
704
654
638
646
642
658
696
718
784
824
846
856
780
748
740
740
752
760
728
706
732
734
734
694
696
732
746
708
696
710
688
682
710
716
702
744
776
738
718
716
706
674
684
706
708
696
708
726
726
688
672
702
716
730
688
702
730
726
672
646
670
650
650
644
660
658
682
754
784
788
754
772
790
756
686
672
670
654
648
638
680
760
832
838
812
830
764
674
672
700
694
664
630
634
660
648
646
706
712
680
722
724
710
700
726
744
754
734
700
672
664
722
782
742
674
644
646
630
712
736
708
672
658
646
640
632
636
654
676
724
772
770
778
770
760
754
734
730
712
696
654
622
640
626
624
674
750
832
850
830
828
816
774
718
676
678
682
680
680
672
684
730
742
750
788
788
798
776
746
718
706
650
640
648
664
682
688
726
782
802
840
832
806
756
692
694
712
748
782
804
804
758
724
746
754
746
764
764
738
760
782
784
736
688
702
722
740
738
698
658
698
724
740
718
676
684
700
684
648
634
666
726
750
736
734
770
734
658
640
658
668
644
632
668
716
718
714
742
746
722
648
656
678
686
666
652
670
650
680
706
724
672
628
650
654
650
652
686
672
668
672
746
808
746
732
764
764
722
666
632
630
658
702
760
748
720
706
708
734
788
818
832
824
782
756
728
706
694
684
678
680
664
694
698
700
696
678
696
750
796
816
796
742
686
678
666
672
694
698
688
652
626
660
636
634
654
684
696
706
698
690
686
676
678
664
656
662
662
690
702
732
746
752
746
738
728
718
692
676
676
664
672
672
692
696
692
688
688
688
680
640
624
644
650
652
658
652
638
636
616
618
612
598
646
636
666
670
672
670
688
650
658
674
646
640
658
634
638
652
642
640
656
642
646
656
670
664
672
690
674
674
664
690
644
634
652
632
616
622
618
610
632
622
614
634
622
624
634
624
620
628
626
622
606
638
602
592
648
614
600
646
640
634
622
672
656
636
604
668
622
612
612
618
646
666
652
676
708
708
734
722
744
664
666
644
664
610
606
622
600
606
622
624
614
614
684
638
648
632
694
634
652
630
682
628
616
600
660
588
584
628
612
598
592
670
638
650
632
680
676
636
648
618
664
636
636
614
664
628
606
598
662
610
620
582
662
612
616
592
642
596
616
588
646
592
616
604
642
606
606
620
654
596
596
568
584
570
892
870
816
790
762
734
728
686
666
662
604
584
600
622
686
752
808
808
810
806
802
792
776
760
752
746
744
744
750
758
740
712
736
748
740
726
720
730
738
754
750
750
782
780
778
766
764
752
744
754
746
746
754
764
764
766
738
712
720
736
758
758
744
740
718
694
650
594
626
620
626
650
748
764
710
674
658
608
578
582
578
574
568
578
596
622
632
648
678
690
682
692
652
676
694
682
670
650
676
696
642
682
700
650
646
638
644
650
672
676
684
700
698
690
694
730
754
772
758
766
746
754
776
766
770
756
736
744
750
722
696
684
742
778
766
724
772
782
782
706
662
718
738
730
682
684
728
750
720
726
758
754
704
690
740
768
744
666
720
748
730
684
704
742
742
712
676
706
740
738
696
762
792
812
776
732
738
754
734
704
734
760
770
738
744
718
678
660
652
658
654
640
680
734
734
688
694
738
728
698
696
754
802
788
716
710
732
736
692
664
694
722
700
684
748
782
750
742
776
782
752
716
750
714
672
708
724
700
662
680
718
734
710
710
744
740
704
676
702
724
710
690
756
794
794
762
788
796
758
730
742
770
738
752
808
834
816
750
792
820
754
728
738
738
722
700
760
770
718
734
764
742
684
684
724
702
666
702
710
662
622
662
668
692
684
714
740
718
708
692
682
682
698
696
672
710
748
758
754
724
690
710
730
744
728
698
648
662
674
718
746
730
722
764
762
734
706
712
740
732
716
722
730
702
652
658
682
704
680
658
704
728
734
708
714
748
742
688
680
700
716
698
670
696
708
680
654
678
712
708
676
670
680
674
652
634
630
630
624
648
666
618
664
700
684
628
640
632
628
610
608
614
602
596
608
614
624
620
612
626
646
638
628
620
632
646
678
700
666
634
660
678
680
630
626
642
672
746
698
640
632
636
646
616
594
584
592
602
606
668
708
720
702
714
722
704
688
680
716
734
706
658
626
628
616
622
622
580
584
582
598
592
578
570
572
588
586
586
598
576
588
576
576
588
614
626
620
592
588
582
572
568
572
596
644
638
642
712
828
852
712
644
622
582
624
630
596
554
606
614
624
590
584
600
574
584
598
578
656
710
730
714
648
624
608
582
556
552
592
592
598
594
602
648
700
786
788
784
774
784
786
784
786
832
838
850
808
726
756
768
746
748
808
862
808
790
816
824
722
688
690
680
666
676
722
764
724
720
720
684
718
728
726
762
730
696
652
634
634
622
628
650
718
854
778
684
634
634
646
686
742
782
806
754
786
778
782
726
700
730
710
692
672
676
730
750
716
696
684
686
678
680
672
670
684
698
726
736
758
800
796
702
662
622
608
616
618
596
606
612
632
596
566
540
572
592
544
560
572
588
652
724
780
724
706
722
750
778
772
760
702
680
664
686
678
690
660
632
624
604
632
610
582
574
568
594
576
596
588
550
550
546
572
568
552
564
542
564
544
554
560
536
550
544
528
544
540
572
594
614
592
588
606
658
688
718
752
724
676
674
698
724
744
702
664
662
664
664
644
650
636
662
642
624
638
652
634
624
644
690
722
762
754
732
776
798
822
770
802
798
726
704
720
696
682
676
696
652
616
606
602
620
624
632
630
620
630
602
574
590
608
598
594
586
574
548
576
584
590
604
632
656
640
714
728
712
724
750
756
756
698
708
738
776
766
714
748
792
834
808
708
668
636
626
608
590
604
626
640
676
678
650
628
636
642
658
696
742
730
654
626
614
602
600
592
600
606
642
742
726
702
742
728
682
646
692
762
826
810
732
704
682
654
632
618
606
606
622
632
636
652
682
756
750
750
776
774
720
712
730
770
784
744
746
786
818
750
752
770
780
716
718
696
628
614
600
584
582
582
566
582
610
636
684
762
796
760
760
776
796
792
790
802
798
802
792
802
804
798
784
800
846
840
816
764
778
782
768
690
642
636
634
616
614
596
630
598
594
634
660
660
666
670
688
712
780
778
748
758
720
686
694
688
640
654
678
686
700
662
646
688
748
786
758
834
842
736
684
652
664
648
626
608
620
610
624
644
650
636
644
628
614
586
550
572
554
554
536
544
546
556
548
580
600
640
716
786
752
756
774
786
792
780
780
780
790
792
792
784
796
730
660
642
624
624
622
624
648
714
766
780
758
712
670
646
660
698
700
684
686
684
676
664
638
636
614
606
590
576
586
598
624
668
738
794
740
704
658
640
618
608
608
608
614
614
606
598
592
586
586
586
572
574
584
606
606
618
622
602
596
578
566
560
568
526
522
528
532
512
524
520
524
546
552
572
590
596
592
594
594
592
604
606
622
626
636
634
654
654
664
666
656
680
690
678
676
648
656
660
646
666
702
738
762
718
690
732
746
770
728
700
712
732
766
758
744
762
764
768
738
722
740
742
722
690
# end time: 2016-07-27-19:45:21, 1469663121.69
