# R wave intervals in milliseconds per line
# start time: 2016-05-11-21:05:24, 1463015124.04
786
826
886
700
694
690
702
672
622
648
634
636
644
666
666
628
612
646
666
778
828
844
818
786
782
768
780
790
780
784
780
716
684
656
634
618
620
634
694
736
766
738
712
700
740
750
766
740
770
800
794
776
780
790
806
806
802
790
724
698
674
662
662
656
638
628
634
650
652
668
694
724
770
724
710
722
742
720
746
728
688
690
688
722
748
732
716
696
710
708
750
772
798
840
854
864
792
758
748
746
734
698
736
730
724
684
664
688
788
818
766
820
844
790
746
740
790
786
736
756
786
830
798
730
796
822
820
814
776
706
756
786
792
842
804
816
874
872
796
774
778
782
752
718
724
780
760
740
820
864
850
774
786
742
720
680
636
658
654
666
700
782
828
832
834
786
750
734
760
726
676
630
618
632
612
636
660
784
790
824
862
878
862
848
758
748
746
742
742
754
758
816
870
896
898
880
884
834
842
798
678
616
618
622
538
610
986
856
830
824
762
684
650
662
648
674
682
696
736
804
848
870
884
844
800
738
706
686
672
688
708
786
814
778
782
708
666
662
692
728
790
802
824
816
812
766
748
732
724
732
666
626
600
618
636
652
680
692
666
656
670
674
688
654
662
658
700
642
672
562
774
684
630
728
676
522
656
776
794
820
828
802
778
772
742
760
756
744
752
708
696
676
706
718
768
724
706
720
718
762
786
816
838
790
764
738
736
762
772
788
812
802
776
738
706
704
702
720
784
778
774
792
786
808
840
818
782
742
694
628
668
674
698
710
716
688
696
722
754
780
778
722
724
764
792
812
702
664
640
672
750
798
834
814
786
764
782
772
790
794
790
808
790
784
762
770
784
796
802
786
782
780
762
718
732
762
792
788
714
688
736
770
808
826
822
724
680
702
720
732
754
752
706
692
712
726
752
760
726
724
748
756
754
734
766
780
782
762
722
716
744
750
726
686
690
666
640
616
638
736
1060
936
902
870
872
810
756
700
682
634
630
640
644
640
670
672
656
702
738
788
812
754
648
600
634
652
934
930
898
840
768
704
648
628
610
606
596
598
598
602
594
584
578
590
606
610
686
788
884
898
876
812
764
768
756
754
746
750
782
774
754
752
758
778
760
768
774
766
756
758
718
730
744
752
714
736
710
688
714
700
720
742
688
640
688
676
714
636
618
642
660
646
608
594
584
582
602
604
656
794
996
922
878
848
806
754
696
680
656
660
654
670
702
704
718
720
718
716
716
716
710
706
728
752
1000
964
942
892
894
860
798
756
732
700
688
672
666
658
642
656
668
682
708
718
724
716
666
642
630
630
610
598
612
602
738
744
800
814
758
674
698
710
706
722
734
726
726
704
712
700
700
682
678
672
690
696
732
786
786
802
766
696
644
646
638
654
668
786
856
804
736
776
760
748
744
698
678
680
688
690
698
712
686
692
648
632
654
676
726
772
790
822
814
810
780
734
714
714
678
646
636
646
648
700
778
768
928
862
798
758
692
618
592
608
590
626
660
862
862
846
830
698
630
646
664
662
674
686
652
664
656
638
616
608
606
618
642
692
754
800
822
816
802
790
752
744
692
704
710
716
752
752
772
734
664
634
636
672
710
774
832
846
832
808
772
746
712
716
692
698
706
702
710
718
738
744
744
730
726
718
720
728
732
730
740
732
724
722
730
746
750
766
772
708
646
634
632
660
684
732
772
798
748
654
592
592
606
622
734
804
824
804
792
736
714
676
632
624
572
564
554
560
584
624
860
944
876
876
864
806
672
650
666
664
772
814
758
684
656
676
700
828
820
866
840
814
778
714
668
626
600
576
566
574
596
614
600
572
608
632
640
648
874
926
924
892
880
822
808
756
724
692
680
684
686
696
698
718
726
732
714
710
718
720
728
730
734
740
720
692
676
648
666
658
682
750
786
776
710
668
668
692
668
660
656
658
678
690
708
748
746
768
750
700
704
694
694
700
720
718
728
720
734
748
746
734
736
696
696
654
642
638
686
690
702
714
694
702
716
698
700
704
716
720
724
728
746
732
744
744
726
692
704
648
638
628
622
642
720
790
756
676
658
650
672
646
688
662
682
656
882
856
772
734
670
626
626
646
662
682
678
656
640
672
704
748
752
746
748
730
732
734
748
740
736
736
730
738
748
768
762
752
764
774
768
778
762
756
722
714
706
684
672
662
662
682
692
698
730
752
808
786
780
766
734
696
652
658
644
662
678
734
748
784
796
824
788
790
796
760
724
714
704
736
738
720
706
692
688
658
636
636
662
642
610
620
608
642
666
722
760
782
746
694
662
686
698
700
744
794
776
760
780
772
770
728
764
762
746
740
716
670
650
642
644
652
690
722
768
782
780
758
736
750
704
708
700
690
664
660
700
742
772
776
792
748
666
668
696
708
756
774
716
692
678
640
658
650
652
666
658
660
650
672
682
664
664
698
654
684
614
630
634
698
734
756
748
756
814
782
718
686
586
622
586
602
622
658
712
794
826
818
828
852
760
802
802
814
812
800
888
880
904
858
812
760
798
812
716
660
674
648
752
806
770
772
808
878
860
772
698
694
736
780
754
790
848
874
888
764
748
788
824
808
718
670
724
740
808
748
750
834
856
838
738
782
824
816
726
760
806
810
756
794
826
830
740
748
782
784
718
714
770
780
734
770
808
860
798
724
770
788
804
738
730
786
792
724
734
778
820
814
748
794
794
740
682
678
712
750
710
718
778
818
786
778
822
828
764
694
718
722
750
712
690
742
772
766
722
776
818
806
730
736
768
822
796
768
808
822
780
716
744
774
788
726
730
818
848
804
738
782
784
718
700
758
786
762
712
784
812
814
732
736
780
780
738
690
722
682
634
594
588
622
620
686
698
716
684
628
614
594
614
622
654
672
712
640
626
624
624
634
686
714
828
752
754
774
750
706
708
676
712
676
662
646
690
702
660
652
644
638
656
690
744
708
680
684
706
694
726
726
930
862
850
772
774
762
754
716
742
758
802
806
776
756
768
784
800
750
762
740
744
770
776
718
754
750
696
708
756
762
722
716
690
724
730
764
798
830
842
856
862
856
826
832
818
768
710
694
700
712
754
818
824
848
786
746
710
704
706
716
750
770
816
832
832
838
840
822
812
810
808
784
762
784
768
786
744
734
742
740
722
718
734
716
708
726
752
726
682
688
680
704
670
682
718
754
678
642
642
642
676
690
832
868
886
860
714
648
656
698
702
740
764
788
712
664
646
632
664
724
772
808
850
820
778
758
768
756
746
760
770
752
768
774
788
804
804
758
754
750
730
732
708
770
784
840
790
726
722
750
754
756
708
654
658
656
676
734
774
806
820
814
760
738
740
732
736
752
784
816
842
866
862
828
802
820
804
738
718
774
788
812
804
752
684
696
678
734
782
830
850
836
698
672
644
602
616
618
626
668
644
610
622
656
668
742
750
746
728
754
786
794
796
810
818
824
806
782
798
752
768
758
790
776
776
780
730
700
696
688
700
732
752
798
798
800
826
836
824
786
790
772
794
784
760
702
688
748
768
806
818
764
690
720
712
716
702
700
712
724
736
716
686
662
646
646
698
790
814
816
856
784
750
754
732
730
694
742
754
776
760
730
732
718
710
684
702
736
730
740
730
750
754
740
728
742
726
704
672
704
714
700
690
664
654
682
702
672
662
664
702
710
734
702
680
716
740
762
706
696
702
680
648
624
658
664
688
634
590
622
628
680
736
772
788
736
654
622
616
654
670
704
768
748
676
672
664
652
630
670
968
932
888
850
792
758
732
682
696
670
656
594
582
578
582
590
716
782
802
802
772
782
744
730
708
708
726
732
736
750
744
730
732
724
728
732
722
730
718
716
640
618
662
658
656
610
610
602
600
628
652
662
668
678
696
718
762
728
690
714
716
702
696
698
670
646
620
634
620
840
890
864
826
790
686
646
638
640
648
656
694
740
902
972
944
910
860
816
756
752
726
686
678
672
672
642
602
588
582
666
772
810
710
686
722
748
780
844
878
832
764
732
682
636
634
626
620
644
624
640
646
638
654
688
628
614
636
668
694
684
680
664
652
658
630
632
612
624
610
566
568
570
580
600
854
852
828
812
774
766
702
616
606
594
586
610
878
884
866
822
770
750
670
612
554
584
532
748
710
694
628
606
584
648
708
680
680
644
584
572
556
604
602
590
598
602
612
592
544
566
546
550
556
546
552
568
594
626
634
640
600
592
590
604
652
700
744
748
724
712
702
690
652
616
594
598
638
692
700
706
698
692
682
676
694
704
730
726
738
740
746
756
750
768
600
654
602
592
606
638
688
734
764
768
750
712
672
680
670
678
714
718
734
720
708
658
664
664
646
642
650
664
686
660
646
628
628
634
622
612
592
592
598
622
878
866
818
792
776
748
680
684
666
712
686
714
760
820
874
898
870
830
750
694
660
672
618
616
604
602
626
624
648
654
658
648
640
654
668
736
788
810
818
814
812
782
744
728
650
646
612
608
628
620
644
650
662
674
680
674
664
668
652
644
626
606
616
596
602
646
684
664
652
668
670
698
692
726
718
728
726
720
762
766
712
690
700
732
762
704
658
642
648
664
716
754
768
792
794
808
806
808
796
784
740
700
714
704
728
766
766
784
802
812
792
792
766
780
802
746
694
700
708
720
706
692
640
634
614
606
614
642
692
762
818
858
824
760
740
752
760
750
722
736
740
720
742
734
718
724
720
726
740
738
750
768
762
780
766
744
716
684
668
662
662
680
926
872
792
702
672
640
646
658
646
708
758
776
720
772
696
756
750
776
724
682
670
694
696
716
702
710
746
762
782
766
762
740
714
686
698
696
710
730
734
754
752
756
764
736
734
728
712
682
666
666
672
676
670
694
672
706
704
708
722
718
708
720
690
690
708
676
704
692
710
690
718
616
576
662
660
678
680
692
624
640
588
574
586
580
618
666
648
638
606
604
624
620
610
602
608
604
710
874
850
870
828
832
788
784
776
768
764
756
754
780
770
778
768
744
740
730
722
722
718
724
720
710
724
732
724
728
728
728
714
716
728
728
730
728
726
722
732
738
750
760
754
762
750
756
750
732
734
732
730
734
732
738
738
740
734
720
696
680
660
644
626
648
698
730
746
736
714
660
670
652
658
694
690
696
728
716
736
712
726
746
716
750
738
734
728
722
724
690
684
692
722
728
726
698
664
654
676
674
698
720
744
750
734
748
732
722
726
732
704
702
682
684
684
684
700
734
742
768
780
710
690
620
628
620
598
662
682
660
646
676
694
668
644
662
678
680
688
714
728
676
668
650
684
682
714
748
752
730
742
# end time: 2016-05-11-21:33:33, 1463016813.12
