# R wave intervals in milliseconds per line
# annotation: feeling sick and weak and tired
# start time: 2016-12-06-19:41:54, 1481071314.31
780
802
850
888
826
734
732
740
738
738
716
720
754
766
744
730
764
786
730
722
764
796
762
792
812
808
788
786
838
866
866
836
870
872
864
840
838
872
866
804
774
814
846
842
774
738
790
804
798
770
812
836
808
790
838
862
816
786
838
858
862
810
758
794
820
806
806
874
888
820
798
838
848
814
756
776
816
802
760
742
768
808
814
778
736
746
786
832
834
792
826
844
846
804
794
818
864
850
810
836
854
818
792
824
820
798
774
808
858
866
814
786
830
864
838
794
812
836
838
794
810
832
820
770
784
810
820
786
768
800
836
832
780
766
794
764
726
734
784
806
780
756
808
852
822
802
858
892
872
812
798
808
824
790
792
828
830
778
724
726
746
750
712
694
730
758
756
724
728
758
786
774
736
750
794
832
822
798
822
850
838
788
788
830
858
854
816
826
830
798
750
780
804
778
742
778
812
788
740
770
814
812
768
794
832
836
790
742
760
796
770
718
712
736
710
688
672
712
802
888
806
778
840
882
822
822
856
846
800
838
874
898
826
814
856
894
872
828
864
884
850
822
848
874
836
774
778
798
800
792
834
872
854
812
832
868
822
770
798
840
852
812
850
892
878
796
798
826
816
770
800
872
916
854
806
832
852
800
750
786
818
782
770
828
870
862
818
850
858
870
830
788
828
876
874
810
784
818
822
782
780
834
832
798
776
802
804
778
730
702
710
710
694
678
690
718
770
742
744
790
832
806
780
816
836
822
770
792
838
846
796
770
816
852
866
792
782
832
856
840
792
798
812
800
760
740
774
808
808
762
750
786
796
780
730
714
730
760
782
804
768
748
780
778
756
728
736
708
702
708
728
742
764
748
758
832
890
884
798
782
822
838
834
812
774
788
808
816
792
790
830
868
868
824
786
782
778
754
734
712
722
730
752
768
742
768
832
864
876
826
766
752
722
714
704
716
712
678
686
710
718
708
710
760
800
770
728
762
814
816
758
726
746
800
820
760
754
786
822
816
762
766
734
726
750
770
740
772
826
890
830
818
862
856
818
776
820
840
802
772
798
812
776
764
814
848
802
736
764
780
802
786
740
760
792
814
786
764
784
824
834
778
784
842
876
838
792
852
866
814
750
758
796
832
852
838
870
876
824
776
796
806
828
792
812
872
892
864
800
808
850
856
842
790
818
842
822
752
738
766
804
778
754
776
792
760
724
748
790
826
790
786
824
840
806
840
914
948
912
832
794
836
846
810
768
804
840
838
786
786
822
836
798
760
818
852
812
752
814
874
850
792
824
822
786
736
774
834
858
836
826
850
866
820
824
852
858
818
792
822
846
828
786
816
854
860
824
812
854
842
788
776
838
870
826
780
846
918
936
852
820
880
898
876
798
796
826
834
794
798
876
928
878
854
890
888
854
850
926
956
906
804
746
768
790
802
786
826
872
834
796
836
862
790
722
754
782
724
690
700
694
702
772
912
862
862
924
924
862
794
842
876
892
826
854
892
888
818
790
848
900
912
932
970
986
950
926
932
876
786
782
822
862
806
790
890
968
930
906
942
944
866
860
894
908
834
800
834
864
834
784
816
842
822
768
786
820
816
782
836
892
848
812
864
882
758
716
750
772
772
758
822
868
854
804
812
834
868
840
796
824
834
840
814
794
824
838
788
726
714
732
748
722
688
696
720
742
726
706
740
770
770
738
730
754
772
766
752
758
802
840
816
790
820
862
852
806
782
814
832
814
766
772
806
818
774
764
802
822
788
764
798
828
778
742
782
806
784
748
792
822
790
774
816
830
790
766
804
822
776
758
784
822
780
768
782
774
728
720
746
774
770
786
870
926
888
842
870
890
838
810
834
830
794
830
854
836
804
816
854
842
788
822
866
864
798
772
794
804
770
762
798
814
784
768
812
840
804
778
826
856
798
796
812
802
762
762
802
830
796
790
828
864
826
830
850
842
792
810
856
860
810
822
854
842
788
810
864
870
830
824
874
898
848
814
836
848
812
774
806
842
858
806
792
828
838
796
786
820
816
770
764
782
794
748
728
764
790
770
752
808
896
884
840
782
798
828
828
800
796
862
902
858
852
896
892
846
812
830
842
814
778
816
860
854
812
840
830
810
802
856
856
832
782
774
784
742
714
716
694
688
716
710
686
694
744
762
712
704
736
762
724
714
764
824
820
782
836
884
876
828
800
846
872
830
788
814
836
770
732
766
808
850
848
780
764
764
766
740
722
762
798
772
748
738
762
788
778
818
844
844
810
824
828
802
774
760
794
818
794
796
848
882
816
792
834
822
826
830
896
914
866
854
892
884
804
768
816
836
816
766
796
810
802
758
782
798
778
750
796
830
852
814
824
872
858
808
796
822
846
822
792
826
850
802
782
828
848
820
784
810
828
800
766
782
794
800
798
850
864
804
762
796
828
814
772
766
798
830
824
774
822
860
870
858
830
844
852
820
774
796
820
804
780
812
864
906
842
816
832
814
766
760
790
810
806
794
844
884
856
816
810
840
838
804
804
886
914
930
904
928
948
956
936
908
852
856
870
870
830
798
848
868
802
740
756
788
794
750
726
726
732
710
696
674
696
764
830
794
786
860
890
844
778
802
822
824
776
760
812
848
852
822
838
828
790
786
832
868
848
838
876
924
882
854
886
884
846
778
766
786
792
770
764
808
852
854
806
840
878
860
798
802
820
836
788
770
808
834
816
808
830
802
758
780
830
818
774
800
820
780
766
798
832
812
806
860
872
812
834
848
822
774
800
816
810
770
800
830
816
772
800
804
786
762
782
804
784
754
792
840
858
796
842
858
834
776
758
782
800
792
778
826
858
840
818
832
830
796
774
814
834
792
738
734
746
730
698
722
754
770
758
730
740
756
734
724
742
776
776
730
730
786
820
774
750
786
800
764
774
830
818
766
756
792
792
752
736
762
842
882
820
778
810
850
878
826
806
824
848
804
818
822
824
778
792
796
792
756
772
816
850
794
778
794
762
730
748
754
734
718
720
756
760
724
666
636
672
1012
980
950
898
882
850
828
804
794
798
800
808
824
844
852
860
858
824
792
768
756
770
774
776
814
828
856
780
766
790
792
780
794
800
786
760
744
708
692
690
690
714
722
702
728
764
812
768
704
724
728
702
698
730
740
722
752
786
786
762
774
786
794
796
824
850
866
814
798
814
818
790
774
800
790
766
732
750
746
752
734
736
782
792
768
750
784
800
820
772
768
790
798
762
766
792
810
774
740
772
780
774
760
786
804
776
746
768
776
746
770
802
824
798
792
798
772
726
698
724
740
716
724
824
940
910
892
886
866
798
768
786
820
812
788
814
828
780
786
808
796
746
736
754
776
760
756
786
806
776
736
740
740
708
684
656
688
698
722
792
820
774
780
814
814
770
778
806
808
772
768
794
800
764
776
798
804
758
772
818
840
802
792
812
812
798
764
780
788
766
742
764
792
824
842
790
804
822
816
778
774
774
766
730
736
762
780
762
766
826
862
818
790
812
810
764
734
768
786
796
796
832
848
826
800
804
812
800
830
818
844
814
862
934
922
898
856
858
838
790
770
788
804
770
784
838
826
786
804
820
788
736
754
790
832
822
840
886
868
818
806
794
782
736
734
768
790
766
748
794
812
798
754
792
838
852
810
784
798
798
760
722
752
774
774
774
816
818
778
778
802
790
776
812
830
814
804
816
826
790
786
812
820
798
820
838
804
764
740
760
784
770
736
764
794
794
750
762
776
758
734
706
690
666
644
638
640
644
662
664
702
744
750
714
724
754
764
728
740
772
784
748
746
778
794
768
738
762
784
784
744
768
808
846
800
784
820
848
810
816
852
846
816
780
804
796
786
768
788
808
796
774
808
842
836
782
798
812
802
754
760
782
798
774
778
812
790
750
776
786
758
716
720
746
756
736
756
820
832
794
804
862
880
854
840
842
820
784
786
822
824
804
804
834
840
814
766
784
802
776
762
788
806
786
762
790
806
778
756
772
788
774
774
800
812
784
738
750
786
828
816
798
818
830
806
770
796
812
802
758
768
798
812
770
724
712
706
682
646
650
662
684
746
774
832
888
916
872
848
838
806
774
818
842
838
814
830
848
856
818
812
814
814
788
776
808
812
774
762
786
816
798
772
784
802
798
746
730
754
762
754
726
728
754
756
700
674
688
694
666
666
662
656
650
672
684
710
720
702
702
700
704
670
662
688
712
744
742
764
804
816
788
742
758
772
804
804
778
796
812
788
750
772
772
724
716
744
768
750
740
770
634
904
802
818
838
810
810
830
824
764
758
772
772
748
732
776
812
844
812
804
806
804
780
770
806
830
800
768
804
818
812
768
766
780
780
748
742
768
786
768
752
782
788
766
764
788
800
780
750
760
770
770
748
772
804
804
762
780
804
782
750
784
794
780
736
744
768
786
766
746
780
794
798
754
776
798
794
770
752
774
790
776
746
776
790
774
736
730
760
766
752
728
764
792
776
742
760
778
784
756
762
782
788
758
736
766
792
798
780
784
806
792
758
730
744
756
760
730
730
766
774
758
758
782
800
766
754
774
766
740
730
756
776
756
734
754
780
778
744
736
742
712
698
704
738
790
766
758
790
804
792
760
800
834
832
804
774
798
802
768
766
798
820
796
814
822
792
760
788
816
822
782
774
798
814
800
774
794
798
770
728
750
772
786
768
780
812
820
778
796
842
858
804
792
812
816
768
758
800
842
856
834
842
872
896
870
852
856
820
782
760
804
844
838
792
770
810
810
772
760
800
822
824
786
792
836
866
788
724
738
752
754
724
720
728
742
726
716
750
774
764
738
732
740
732
750
762
764
716
730
750
750
718
732
772
778
758
744
758
760
748
740
772
794
778
732
710
732
750
752
728
730
754
758
718
716
742
762
732
724
750
752
718
714
742
752
734
726
756
776
762
732
736
744
708
686
704
684
682
724
752
740
786
794
744
702
754
800
812
768
740
770
788
844
808
846
858
858
784
798
804
816
804
788
794
760
710
684
698
714
722
714
748
808
750
738
754
778
746
738
762
796
802
748
742
762
772
814
802
862
886
868
812
790
832
826
804
760
760
762
756
730
728
752
782
760
768
792
792
760
768
788
782
740
738
760
786
768
748
804
822
794
756
766
772
770
746
736
766
778
752
738
772
802
768
744
762
786
792
776
810
852
856
820
804
816
832
796
750
770
748
756
758
754
780
792
762
742
778
792
776
748
770
796
790
744
750
762
752
718
720
746
760
758
764
802
852
826
786
826
836
798
754
786
824
840
796
778
816
830
794
756
766
784
784
772
804
810
768
736
744
756
766
746
758
790
824
814
782
792
794
778
740
748
766
748
702
694
678
674
686
736
770
804
884
918
930
900
872
864
836
792
754
798
866
912
882
820
832
832
774
744
774
786
760
736
756
776
794
740
718
740
772
782
762
804
824
826
780
812
828
806
776
788
792
804
768
768
814
860
844
786
796
792
784
748
752
768
784
762
746
774
790
776
726
720
726
708
678
680
696
716
728
716
704
714
710
724
716
716
736
754
750
750
796
812
812
788
750
746
756
776
768
790
832
820
784
800
840
864
854
788
760
784
810
790
754
764
784
794
764
762
796
828
784
742
750
752
740
718
748
784
784
772
794
808
766
736
774
800
776
742
760
762
746
754
796
816
802
764
748
754
754
720
730
754
782
760
726
742
754
734
714
746
770
746
718
738
760
774
736
714
730
744
732
716
718
738
732
716
742
772
774
756
728
720
732
720
704
726
728
696
668
656
660
674
674
670
696
748
790
762
734
750
762
758
734
746
770
798
802
754
734
742
766
776
756
792
794
778
746
756
788
808
786
778
800
818
830
780
794
804
792
734
696
702
726
740
730
728
762
802
784
786
854
896
832
806
822
812
764
768
812
824
800
790
826
828
812
786
808
838
834
814
816
804
802
750
744
748
758
738
728
778
802
770
742
766
788
736
698
694
700
710
688
678
708
742
760
748
754
750
724
698
678
684
670
650
632
610
650
908
906
846
798
780
# end time: 2016-12-06-20:16:53, 1481073413.5
