# R wave intervals in milliseconds per line
# start time: 2016-06-20-21:50:39, 1466473839.26
624
614
662
646
644
636
674
626
624
624
602
628
632
614
624
634
636
640
648
654
618
620
614
616
606
626
648
676
674
674
650
626
634
630
648
666
656
644
632
648
666
666
664
658
626
598
604
608
630
632
636
698
762
782
726
684
712
706
704
678
648
692
716
742
702
704
736
752
716
670
702
708
722
702
674
702
702
696
672
700
718
704
660
648
658
664
644
624
646
654
670
620
618
630
632
606
616
618
634
642
628
648
666
672
670
662
626
606
594
608
636
690
746
722
702
730
736
702
666
688
712
724
674
666
684
676
632
658
676
682
658
642
646
622
618
622
652
684
654
654
680
696
684
654
674
690
668
640
656
688
728
712
738
782
764
708
708
704
666
646
676
700
692
654
672
690
710
680
666
676
702
682
678
698
664
632
704
638
642
668
676
640
594
630
612
602
592
604
564
558
562
582
598
606
630
662
682
690
654
654
688
700
722
684
652
702
730
754
728
668
696
716
718
660
688
724
760
716
648
674
698
738
718
702
732
740
736
734
672
694
700
676
650
664
684
698
660
636
658
684
672
634
674
646
644
648
678
672
664
700
732
738
702
708
730
750
734
696
722
742
744
690
682
700
748
746
686
720
738
756
696
676
708
726
678
636
668
690
704
650
688
722
712
654
650
686
712
666
634
660
680
700
660
654
676
704
680
646
668
688
708
684
696
716
724
734
688
686
690
698
654
656
654
674
656
664
672
676
678
652
654
664
622
642
650
668
670
660
630
646
652
642
630
618
614
602
598
592
602
608
634
650
674
696
678
662
612
618
632
612
626
658
676
684
664
636
598
620
630
634
620
608
638
652
638
620
652
672
650
650
630
616
606
626
668
712
676
662
722
740
728
668
690
714
722
690
654
698
742
746
690
674
702
714
704
656
674
694
730
704
654
682
698
700
668
658
688
704
674
644
676
676
678
666
684
706
690
654
626
654
648
674
652
636
620
638
636
670
666
656
686
694
668
662
686
714
746
710
676
678
668
644
656
648
672
696
698
646
652
634
664
654
668
652
642
630
622
614
626
604
624
656
674
702
712
670
660
680
670
664
628
620
620
620
614
648
682
682
758
798
802
710
722
728
716
648
632
658
614
636
666
726
702
710
730
720
692
652
644
620
660
674
674
656
674
722
724
722
668
654
678
710
716
682
674
706
722
694
654
714
738
748
680
684
690
676
652
624
632
654
668
644
630
662
690
674
656
666
736
754
760
692
672
624
712
708
744
712
708
726
730
698
680
714
720
712
686
672
698
714
720
708
686
710
732
726
714
670
664
680
686
690
654
654
698
718
702
676
694
724
722
682
702
722
692
646
642
628
618
628
642
648
628
678
700
722
702
662
702
714
716
670
694
724
736
690
652
676
694
708
666
660
704
724
684
666
686
678
656
622
634
638
656
644
640
662
652
644
626
658
700
746
740
740
714
744
748
746
712
662
694
692
688
658
690
718
770
754
672
696
704
702
660
660
688
696
672
634
652
674
680
666
652
698
692
662
662
668
684
668
646
658
658
642
622
624
616
642
644
666
664
642
636
626
656
664
646
632
666
684
700
686
646
652
652
654
640
630
614
624
644
684
690
694
642
620
614
618
626
604
606
636
664
714
684
664
686
696
686
640
640
638
606
614
612
634
628
654
702
742
786
778
700
702
690
672
654
626
636
674
682
642
632
672
700
664
688
720
708
690
674
660
622
610
622
610
614
648
660
660
648
682
692
694
648
638
672
668
634
654
674
692
662
646
676
678
602
624
632
656
656
674
648
644
678
668
656
634
610
626
628
636
608
608
630
652
690
676
672
720
724
706
658
682
720
724
692
696
716
726
672
664
680
688
674
648
674
686
696
662
676
688
668
650
624
648
664
662
648
640
702
740
714
670
682
682
656
632
642
652
626
608
608
622
612
600
614
614
608
624
618
628
638
648
664
656
640
652
616
606
620
598
578
598
632
662
630
618
652
652
658
644
614
620
586
598
602
628
658
638
620
644
664
676
630
636
654
662
644
636
628
630
630
606
636
682
744
798
796
718
748
768
772
768
692
746
778
804
758
692
716
730
726
666
658
684
702
714
670
682
710
698
684
642
648
638
634
668
720
714
694
736
770
774
736
676
698
714
708
654
668
670
768
768
778
766
696
674
694
702
690
636
658
626
640
652
664
642
620
598
632
622
618
604
608
596
588
600
616
640
624
612
612
630
638
644
650
650
628
636
626
620
642
690
726
702
684
708
718
730
742
748
670
680
696
710
692
646
690
720
750
694
692
712
722
678
644
672
702
714
682
670
700
736
762
726
720
750
736
680
648
670
678
680
654
678
712
726
704
692
718
734
712
662
680
690
668
636
648
674
688
670
668
694
696
704
666
678
684
662
622
628
648
656
664
648
688
736
776
736
728
742
716
650
614
638
630
626
668
682
688
662
686
658
634
630
642
612
610
606
620
644
668
664
628
656
678
694
704
672
626
618
616
598
640
876
878
866
850
856
824
768
778
740
726
716
738
772
794
808
756
762
748
740
692
690
722
702
668
664
672
642
642
656
638
654
670
680
648
646
644
638
632
628
598
620
660
644
648
666
674
676
646
630
620
608
604
616
612
618
614
640
636
654
652
658
602
642
646
656
646
638
604
590
610
612
646
638
622
638
692
720
736
690
720
770
770
742
678
716
744
752
704
706
740
762
754
728
692
712
686
670
688
712
700
696
724
742
736
680
656
682
714
736
706
734
804
862
764
706
730
744
686
646
674
722
768
718
720
776
830
808
702
710
706
702
658
632
656
666
628
640
658
674
676
694
692
716
724
734
734
676
640
656
680
698
700
664
662
678
684
688
682
628
642
662
684
690
660
668
694
710
690
656
658
670
632
628
644
676
728
780
782
726
728
732
742
694
658
694
722
740
692
700
716
728
690
660
686
696
706
690
674
698
724
718
664
670
702
716
726
690
690
694
704
680
662
676
700
704
686
680
712
726
698
658
682
686
656
634
666
682
696
670
660
686
690
662
642
666
654
670
662
640
652
678
672
638
650
670
672
666
638
656
664
674
638
656
666
684
652
628
652
672
686
682
682
712
718
696
658
654
656
638
610
612
626
642
662
652
682
722
718
678
706
720
722
680
696
702
728
720
684
696
702
674
650
688
712
694
680
712
728
724
674
684
714
716
690
686
700
710
682
694
712
702
674
682
706
728
712
644
654
656
630
630
672
722
738
682
708
720
696
658
634
620
632
622
622
634
616
624
620
642
636
616
592
592
582
582
586
596
652
728
756
732
700
714
744
650
646
650
680
724
724
746
712
706
682
668
686
718
744
716
704
730
756
772
718
710
744
756
746
702
752
820
716
654
644
656
660
1044
944
908
872
852
822
776
748
694
692
702
728
760
746
708
748
776
778
770
748
696
702
714
712
714
716
708
682
712
708
716
688
700
714
714
696
658
676
700
716
694
648
676
694
702
690
672
684
666
646
606
624
622
622
640
682
650
644
690
738
766
762
730
708
706
712
694
650
646
678
682
686
656
694
734
778
736
692
724
724
688
668
708
724
738
726
714
744
762
762
704
698
706
710
658
644
666
676
656
630
678
730
774
748
698
716
730
688
682
700
700
684
696
726
722
686
692
716
720
688
706
710
674
624
644
658
658
644
622
676
696
686
656
648
652
650
654
630
632
656
638
640
644
642
650
646
654
650
684
688
692
652
630
662
646
664
638
668
682
708
686
650
676
706
712
678
638
650
648
656
688
670
668
710
750
760
698
704
734
756
736
724
750
760
702
704
728
748
742
672
694
714
708
656
646
686
710
698
678
730
766
760
704
726
748
742
668
654
678
688
684
652
656
714
714
748
742
682
720
754
762
762
692
708
736
746
728
674
674
702
722
688
682
720
732
730
690
734
746
738
680
690
698
720
668
668
684
694
686
644
676
698
704
656
660
690
704
690
632
656
658
650
650
682
680
696
754
762
772
710
706
720
724
658
684
706
718
662
686
750
806
768
746
764
762
692
702
730
750
722
678
704
724
686
660
698
708
676
644
694
736
770
730
724
756
776
722
718
736
744
678
640
676
682
658
640
664
672
678
668
646
670
710
738
708
708
742
748
706
648
678
704
730
702
718
762
766
714
718
744
772
750
704
738
756
704
664
700
724
744
698
702
742
750
724
696
732
732
722
674
698
716
728
682
694
730
748
692
680
714
720
688
658
686
708
696
658
646
684
704
674
662
700
724
718
674
708
730
714
648
658
672
662
642
654
698
738
738
668
696
722
728
686
706
716
678
668
688
712
676
666
704
726
718
682
720
724
690
650
666
674
642
646
690
706
688
656
672
688
666
640
698
732
722
676
712
728
690
674
700
722
716
664
684
702
708
674
712
716
740
674
670
702
762
800
790
778
746
724
742
768
722
718
744
740
696
682
706
682
656
668
682
660
632
630
632
666
656
666
690
700
666
678
686
690
694
690
688
698
670
662
660
634
646
620
634
610
598
588
598
644
726
778
762
734
780
770
764
674
706
744
776
796
742
716
750
758
716
652
702
736
760
728
686
742
762
782
724
686
726
742
700
674
716
740
710
658
684
700
726
682
658
698
716
708
670
682
700
710
676
656
670
712
706
712
714
734
562
672
696
716
734
754
716
692
728
736
750
718
678
700
712
724
724
690
732
738
726
678
680
706
708
706
664
676
710
726
692
678
710
716
692
658
680
698
642
632
642
622
638
644
688
710
662
668
700
708
704
654
668
702
734
702
684
742
774
734
682
708
746
750
684
698
726
760
704
754
826
874
754
736
760
776
706
696
722
740
756
698
694
716
714
708
678
712
736
758
744
702
730
746
744
686
720
708
708
680
676
704
730
710
710
742
762
744
696
740
752
768
698
694
726
742
726
672
708
740
766
714
722
746
752
698
670
702
736
732
682
688
714
708
676
690
724
720
660
634
642
642
616
608
612
618
642
670
664
630
676
706
750
740
720
732
728
730
672
706
712
706
656
692
724
732
706
666
674
702
720
704
722
782
780
742
736
756
724
710
744
750
724
684
720
728
698
674
702
732
732
688
704
740
762
748
670
704
720
728
684
672
696
714
704
662
698
712
698
670
678
694
716
690
662
702
712
680
678
716
748
726
680
700
714
722
680
662
682
694
670
656
672
672
668
628
622
614
632
634
664
698
668
644
646
650
658
682
650
634
680
678
698
684
666
686
724
732
698
678
704
720
734
698
674
720
760
766
740
726
772
804
802
752
784
788
742
722
742
736
688
686
728
754
726
682
698
728
750
688
678
732
748
752
714
698
732
736
690
688
710
708
684
700
718
748
696
706
726
730
690
680
704
708
686
680
712
746
712
678
706
716
698
676
684
706
692
666
684
724
714
684
702
736
756
716
694
720
720
700
680
674
706
716
722
680
718
734
722
682
694
720
714
682
670
702
718
690
674
708
722
708
680
696
724
710
674
668
718
722
692
682
712
722
686
656
688
682
660
630
644
652
652
660
640
646
680
698
670
670
702
714
716
670
692
700
692
668
706
742
748
714
692
720
718
676
656
676
706
706
656
656
670
632
644
650
632
628
664
692
704
640
654
570
580
732
752
752
752
696
684
696
694
690
696
680
680
676
666
646
658
682
706
732
750
788
788
794
790
782
730
702
702
706
708
704
706
744
754
710
696
740
760
758
698
724
744
726
672
698
730
732
696
732
762
794
708
700
708
704
674
640
658
670
692
680
648
698
698
684
672
666
638
636
634
636
650
648
674
692
698
682
660
696
730
760
740
690
686
708
726
742
720
680
682
702
736
760
720
752
780
796
754
750
770
786
732
688
700
714
720
662
686
714
770
734
702
742
758
706
692
716
728
714
670
688
698
686
644
644
674
714
692
710
746
778
766
710
724
728
720
662
648
652
638
650
610
648
672
712
744
776
776
758
730
690
702
702
704
682
688
712
726
702
712
752
772
726
686
718
714
678
684
720
738
692
676
688
700
658
646
680
684
660
686
698
718
696
702
734
746
750
702
706
706
722
690
692
730
748
732
712
724
714
704
680
694
698
672
674
700
712
706
686
714
734
722
718
752
754
744
704
716
726
722
708
710
748
736
704
706
734
744
718
674
680
696
706
700
680
730
728
716
726
764
756
702
688
708
710
676
678
720
744
736
696
730
754
754
700
682
690
680
674
654
644
676
674
654
654
662
692
696
698
726
750
764
698
708
730
738
706
688
726
756
726
706
754
776
766
718
736
748
732
690
702
740
762
724
736
760
772
738
698
718
736
712
678
708
730
728
694
718
736
720
682
710
730
714
668
690
700
686
666
696
718
720
686
722
744
730
688
716
728
746
696
718
744
728
694
736
764
766
716
718
744
744
698
706
728
730
696
690
732
724
710
682
712
726
710
684
678
718
756
750
722
766
792
766
722
756
760
738
704
734
746
754
708
718
736
736
698
700
736
752
738
708
744
758
742
684
684
688
696
668
678
712
720
702
708
748
734
686
684
702
710
678
678
688
708
704
676
654
734
716
734
758
744
688
732
732
728
740
718
746
770
746
706
706
746
746
726
694
730
756
750
692
696
718
720
704
698
732
736
708
680
706
714
716
684
688
698
702
666
652
672
690
684
672
696
746
768
738
730
758
742
692
700
718
722
710
684
712
716
708
692
704
724
728
696
704
730
708
666
670
704
694
676
696
704
714
676
658
686
666
646
660
624
626
622
626
608
602
594
620
638
666
680
652
658
690
704
704
678
676
696
722
704
708
752
798
798
730
768
790
816
748
696
722
734
702
688
752
788
794
772
726
744
754
730
714
738
760
776
728
688
726
738
728
672
686
712
746
762
704
716
756
770
714
664
692
718
698
650
656
692
696
670
660
702
726
722
692
712
716
690
670
696
718
754
744
748
786
804
776
758
776
750
708
716
724
716
684
698
716
738
694
728
706
728
690
722
756
764
730
726
750
768
750
718
702
768
684
648
668
676
656
656
682
690
700
678
682
698
672
654
688
718
738
762
726
702
734
748
732
704
720
746
732
704
750
760
772
718
714
748
770
766
712
726
756
772
730
686
730
756
740
706
748
756
724
674
674
708
736
694
676
730
758
716
706
770
802
730
728
746
726
672
686
704
702
676
706
730
728
738
756
756
730
694
726
746
720
692
706
726
752
704
712
718
734
702
696
726
730
692
698
726
720
686
710
732
742
720
742
788
770
724
738
756
746
700
708
712
716
670
698
722
736
698
688
698
686
658
666
672
690
680
702
756
770
774
712
686
702
688
678
702
700
706
694
720
716
720
692
710
734
730
696
714
764
784
798
786
722
714
704
686
674
688
708
686
694
756
792
794
738
748
766
710
690
714
742
720
732
768
784
780
750
724
728
734
690
664
668
670
664
644
638
648
662
676
662
654
684
714
736
710
686
710
728
732
734
704
714
738
744
716
704
742
770
760
734
728
718
642
672
674
668
638
680
724
724
732
778
788
698
698
702
706
662
660
700
720
708
686
700
704
736
736
708
656
658
792
770
762
764
764
708
726
718
716
698
694
724
764
784
780
756
772
754
728
746
782
770
728
758
788
788
750
812
830
772
704
736
730
674
672
686
718
708
738
808
792
732
772
804
794
722
734
752
736
706
706
750
748
716
736
780
740
732
804
756
718
746
764
722
736
732
696
720
754
750
724
740
778
744
722
732
718
690
718
744
708
698
730
742
714
718
720
698
694
720
742
710
732
720
754
734
710
762
678
678
696
662
650
664
666
658
704
784
790
766
686
688
688
668
636
656
658
704
732
826
884
872
810
818
778
712
678
684
688
708
736
786
808
736
776
774
726
692
716
702
678
668
678
704
670
672
694
698
682
696
728
716
678
692
698
710
690
706
740
742
698
698
730
714
678
686
718
712
658
666
684
688
648
632
620
696
798
788
780
784
784
776
768
732
722
718
716
706
704
706
700
668
672
712
724
742
738
744
710
688
692
710
698
702
664
678
662
664
644
650
604
600
610
602
602
594
606
604
604
616
634
638
656
648
656
664
638
632
648
652
660
630
652
676
662
614
634
660
698
700
662
686
722
768
724
724
720
712
690
658
668
668
644
632
668
728
692
700
742
738
700
666
672
690
682
728
766
760
700
708
714
718
664
670
688
688
658
648
676
704
744
724
732
746
726
686
688
684
662
660
678
706
702
690
704
708
654
664
680
682
658
654
678
678
652
676
710
692
640
672
702
678
652
700
716
706
668
698
712
672
648
684
686
680
680
722
738
704
674
706
736
702
682
702
672
646
688
698
694
712
732
722
708
732
732
700
692
708
714
702
708
738
756
768
746
812
674
704
724
710
656
660
696
708
706
678
702
734
722
668
672
696
696
660
668
686
670
642
674
698
668
678
728
708
680
712
718
688
682
712
710
678
696
732
724
684
710
776
662
674
710
708
656
690
710
702
660
686
694
672
648
660
676
664
650
690
716
698
742
752
750
694
706
698
694
676
672
710
746
706
698
716
732
688
674
680
678
648
642
684
714
682
674
754
740
780
720
770
764
720
686
708
700
664
634
652
654
660
652
692
692
700
662
662
662
638
644
652
680
650
650
678
694
700
694
740
750
700
682
718
720
704
688
714
720
680
674
716
716
694
748
758
724
712
734
710
684
708
728
672
670
722
762
752
684
700
700
676
646
660
676
654
656
676
714
734
712
756
760
740
728
736
726
680
676
706
748
736
716
744
738
678
672
706
706
646
658
688
698
706
686
726
736
692
646
658
662
668
670
638
674
702
714
678
718
730
732
680
696
710
686
670
702
712
680
670
696
714
750
758
808
808
792
754
754
748
680
700
712
714
682
674
718
726
710
680
706
714
684
656
670
680
670
646
662
704
726
706
706
724
736
714
710
748
762
746
684
694
704
696
652
634
650
652
640
618
636
646
634
620
616
630
644
680
696
668
658
692
702
702
664
664
694
704
716
696
700
714
750
724
690
720
736
708
644
670
720
778
812
770
788
802
754
690
684
692
716
692
666
720
768
746
704
764
784
720
686
734
748
712
684
744
752
700
694
748
766
726
724
730
720
670
666
710
754
750
730
770
800
762
730
776
812
782
714
738
734
712
640
684
720
748
756
686
714
726
648
662
632
648
648
630
614
614
604
620
640
642
654
636
622
632
636
630
614
624
644
676
702
706
698
736
740
740
752
730
722
704
702
684
682
672
676
666
658
690
704
684
638
690
726
766
784
736
690
722
742
742
702
648
678
672
656
624
616
640
674
718
714
674
714
748
754
706
710
726
742
728
684
710
722
732
702
668
694
712
724
698
726
748
758
718
700
724
734
724
682
704
710
688
642
656
678
700
688
666
706
730
746
722
684
696
704
690
656
674
708
722
718
698
728
728
704
670
692
716
716
686
676
704
692
674
638
654
666
666
634
636
646
666
670
694
714
716
686
686
716
720
674
666
698
724
736
690
692
738
778
774
704
738
762
770
744
678
706
712
706
668
678
708
728
738
692
686
720
740
696
672
702
724
726
682
698
718
722
684
676
708
722
698
716
740
752
704
692
718
722
712
668
694
712
708
702
682
682
698
702
680
694
736
764
722
718
754
766
714
728
734
714
670
702
722
738
712
664
676
692
702
678
680
718
740
710
670
706
712
700
664
680
688
684
654
690
722
742
714
728
752
750
712
696
724
722
674
658
692
718
714
698
746
758
738
688
712
724
702
674
698
720
732
692
708
734
738
690
700
714
730
688
662
700
702
688
678
718
748
728
690
716
720
694
658
676
692
712
700
682
730
766
750
704
736
742
724
680
696
716
714
688
694
734
756
730
686
712
726
690
658
684
688
662
630
634
634
648
696
732
696
660
706
744
792
796
746
726
750
756
752
728
692
726
748
756
710
708
718
706
646
628
606
582
602
676
732
778
812
798
810
792
776
686
654
674
678
684
702
694
726
728
746
754
# end time: 2016-06-20-22:41:26, 1466476886.71
