# R wave intervals in milliseconds per line
# start time: 2016-03-17-18:43:54, 1458254634.97
740
728
766
774
700
714
680
688
634
644
678
702
712
704
678
716
712
706
686
680
692
728
708
706
726
746
740
754
748
738
706
772
764
754
760
760
776
776
774
754
772
766
792
766
868
846
822
804
858
848
768
772
782
782
746
742
776
798
740
756
764
784
724
780
756
710
748
702
730
708
726
710
680
704
724
694
738
690
812
692
628
660
640
686
666
680
704
732
750
706
754
762
682
714
724
708
704
674
678
650
716
736
704
730
660
738
718
680
708
680
676
704
670
668
712
700
662
686
696
672
664
700
706
630
694
678
672
698
650
712
708
688
690
690
704
686
678
676
726
702
686
678
678
674
674
680
648
666
716
764
778
768
682
716
724
630
632
644
692
760
828
788
864
900
898
878
836
814
790
768
752
738
762
750
786
784
818
816
804
816
816
818
804
824
768
774
760
722
694
700
714
714
770
792
826
788
830
816
820
774
770
778
792
758
708
762
744
702
662
670
738
796
812
764
768
760
822
728
714
686
734
774
836
876
866
808
830
834
826
794
750
762
750
766
780
722
766
744
740
710
714
784
820
826
770
832
766
804
726
722
736
776
818
810
784
792
804
812
740
742
746
730
680
724
716
784
828
890
862
838
808
786
806
714
712
662
702
696
714
788
870
820
852
862
854
810
716
758
766
776
798
742
752
782
832
822
748
754
782
814
816
806
750
702
714
748
800
828
804
804
822
804
770
722
750
674
732
766
808
818
794
794
760
802
796
778
856
816
820
814
824
788
828
796
852
802
740
816
898
922
920
918
862
898
890
884
852
802
830
846
842
820
800
824
846
766
710
758
788
740
704
732
796
786
752
748
752
720
700
734
768
774
834
812
774
854
822
824
736
698
736
710
658
668
626
646
622
694
778
852
814
794
878
880
866
808
792
792
800
790
792
830
868
872
846
842
894
916
854
852
860
878
818
838
864
912
830
840
872
852
786
834
848
826
750
796
798
800
684
662
648
778
844
874
900
898
842
788
766
718
702
758
824
864
842
820
886
856
850
862
796
802
794
812
818
850
868
872
874
872
856
844
808
832
774
814
752
750
756
762
836
786
708
702
698
772
806
832
798
770
826
814
800
738
750
752
764
770
788
774
812
826
814
768
796
802
822
784
820
832
812
832
810
822
814
804
756
758
792
816
812
768
820
798
802
784
790
808
804
762
694
718
732
826
828
810
812
832
824
788
754
758
760
744
752
724
752
772
730
664
670
676
714
780
776
804
816
800
700
712
704
742
714
710
768
790
786
726
784
816
812
832
786
798
786
812
752
764
760
798
724
748
798
802
764
758
774
770
764
706
746
768
758
716
704
724
720
716
686
710
706
716
694
660
692
740
748
746
676
740
762
784
780
714
658
656
608
678
634
720
810
822
802
820
836
820
760
756
742
684
704
756
780
712
748
688
688
760
774
778
782
712
714
730
718
692
682
698
740
726
690
706
762
706
674
682
706
724
670
670
684
684
682
654
668
648
658
644
632
662
704
722
734
702
756
738
732
700
736
718
738
686
716
760
740
684
714
758
778
732
718
730
696
712
734
668
764
808
828
798
764
800
790
764
770
794
786
752
682
724
728
728
698
698
646
670
670
644
666
662
662
644
652
656
648
670
692
688
756
692
664
636
702
608
604
628
704
756
722
726
772
814
818
776
788
790
770
698
698
742
682
682
676
754
790
840
848
804
782
788
800
764
742
714
710
702
728
732
754
738
726
718
694
706
688
672
706
714
680
706
746
762
776
790
666
746
720
784
872
944
902
844
814
804
744
740
780
800
768
778
792
810
796
716
764
748
744
704
684
714
734
834
774
766
782
776
734
736
782
794
766
720
670
632
682
682
714
698
634
664
690
778
758
776
720
706
726
706
708
702
708
702
844
810
780
814
814
744
718
712
722
712
680
642
662
680
718
702
774
832
738
816
830
848
836
806
742
734
718
668
654
674
680
662
652
668
682
656
636
664
656
670
656
648
692
696
656
636
668
708
748
720
654
694
714
712
704
694
738
700
690
712
736
760
706
680
694
672
668
686
734
668
668
662
650
654
616
614
544
928
580
538
610
660
692
660
634
712
760
804
820
748
744
828
838
804
726
780
838
882
814
770
790
794
790
704
686
714
762
854
882
880
864
830
770
746
778
812
788
772
794
852
800
738
714
770
854
862
802
810
818
838
786
728
780
832
868
838
760
798
808
810
780
776
816
814
780
732
738
728
712
772
864
822
770
820
856
864
838
814
846
858
860
822
836
868
860
780
766
800
816
842
830
840
884
884
874
820
850
816
824
830
798
864
872
858
790
754
732
778
832
880
858
762
754
772
764
736
684
672
686
740
762
722
722
724
752
778
788
794
750
770
740
718
758
768
742
692
712
722
740
680
668
650
672
660
754
750
722
700
782
830
842
808
836
872
872
852
778
782
806
820
792
776
820
908
848
774
798
824
848
808
794
844
848
780
708
716
700
668
644
680
706
766
806
764
748
738
748
742
770
804
748
702
654
670
702
756
748
756
754
826
842
848
828
744
714
704
706
726
784
716
698
706
712
722
670
674
660
708
760
788
754
674
686
706
702
744
746
700
704
732
758
762
790
730
758
798
818
772
704
690
688
756
780
782
716
754
818
860
892
858
836
854
870
840
752
732
790
846
892
866
812
848
872
882
830
792
804
854
884
886
822
846
860
840
810
722
752
754
766
740
770
866
916
914
908
848
830
858
866
824
790
736
694
710
704
698
712
710
710
696
668
722
786
818
844
842
792
734
762
770
754
698
700
720
690
686
758
830
796
786
824
800
792
750
792
794
744
676
674
714
770
800
714
774
796
828
878
772
716
758
780
780
724
722
718
732
666
680
682
702
752
726
720
676
708
754
748
720
686
688
686
688
654
636
632
720
748
744
712
656
658
656
648
686
722
812
826
770
706
738
672
770
844
858
884
900
920
894
862
854
880
898
882
902
854
854
888
824
766
732
746
814
862
822
824
840
872
876
808
832
856
848
778
722
756
784
818
786
802
816
826
778
748
788
802
804
760
738
706
668
686
636
664
746
814
774
736
730
748
818
866
864
832
754
716
724
798
802
822
796
732
794
814
848
832
770
738
814
752
754
714
694
714
732
732
754
694
692
704
740
748
742
706
660
688
688
682
672
660
648
662
646
666
682
754
780
754
748
716
718
712
778
770
794
694
698
750
766
836
786
762
814
844
846
776
758
738
760
740
700
796
834
852
820
768
846
832
828
762
720
748
794
830
838
854
790
784
824
834
832
776
806
822
856
870
824
776
828
842
856
810
760
772
792
810
772
744
792
848
854
874
830
788
796
752
714
690
650
654
640
636
666
846
862
778
782
816
826
756
708
716
738
804
846
904
930
928
916
848
830
846
848
852
854
836
834
842
822
816
842
862
818
788
802
784
830
756
752
768
790
794
758
720
732
760
790
760
728
720
720
706
704
690
676
658
642
634
616
616
624
680
738
720
718
782
806
770
692
774
820
874
890
854
854
890
906
870
840
904
922
868
850
874
914
914
844
816
826
816
848
766
794
794
764
700
706
742
786
760
780
828
864
828
766
788
800
812
752
738
804
856
862
798
818
850
840
810
774
820
850
868
798
804
816
866
808
836
822
818
768
766
766
782
728
670
676
728
784
820
788
794
836
912
848
856
854
820
782
770
818
856
876
810
788
814
842
810
828
776
762
796
828
804
758
798
824
816
740
694
684
666
708
690
710
708
700
654
682
638
648
706
824
844
794
846
892
918
920
914
902
868
862
822
792
878
930
916
926
868
850
852
846
802
836
904
938
952
934
904
878
890
888
864
858
882
904
908
838
852
860
852
824
766
834
856
842
846
884
872
866
798
818
820
812
782
842
872
822
776
834
880
852
800
822
804
770
710
758
796
866
830
856
886
880
854
796
776
832
764
736
786
836
826
756
758
790
738
720
712
722
750
826
832
790
796
818
810
784
728
778
814
828
836
824
868
888
842
786
808
828
854
826
826
844
884
872
828
824
850
880
904
830
874
858
862
814
826
854
876
882
872
908
890
852
798
820
852
848
810
844
890
838
788
816
806
732
684
714
738
698
726
752
800
820
772
778
822
826
752
736
750
746
750
792
790
786
746
690
702
708
716
740
754
758
814
868
872
840
812
824
804
804
762
786
832
858
808
758
802
828
800
798
836
862
806
760
806
830
848
810
822
840
796
744
714
716
754
846
828
828
864
860
822
762
808
854
844
796
846
868
842
762
790
830
820
806
750
826
866
854
826
864
858
818
798
842
860
798
724
734
780
812
808
800
842
860
850
838
834
896
878
806
792
770
838
770
770
802
846
806
852
846
832
768
796
824
818
762
786
802
812
784
782
806
802
750
768
810
824
798
760
792
798
782
736
702
736
766
850
806
812
826
842
894
782
818
828
844
814
834
834
836
772
792
842
808
774
772
862
818
782
836
856
864
806
828
826
846
802
786
840
862
820
824
848
860
812
806
836
848
802
814
832
838
794
810
846
864
776
840
874
868
840
782
818
846
796
832
862
904
870
794
842
826
782
740
808
834
776
794
842
846
764
784
836
802
744
784
796
796
748
776
764
694
688
746
814
832
750
768
876
856
816
748
780
784
846
842
818
808
848
856
818
784
810
832
798
756
794
850
866
854
838
850
848
804
802
824
828
774
790
798
780
790
760
800
806
778
756
806
802
768
732
772
808
818
752
772
826
856
824
774
756
764
686
682
732
852
950
894
828
866
850
796
784
814
840
788
748
820
892
890
854
850
892
866
786
816
822
846
774
788
806
832
780
760
772
794
736
738
748
798
812
766
786
800
820
752
726
774
764
822
860
834
836
758
758
774
776
736
762
820
874
876
848
802
826
830
826
798
832
838
818
812
862
884
886
790
826
912
880
830
830
868
856
814
806
838
842
786
798
832
852
778
790
814
842
768
754
810
836
800
752
798
818
820
766
708
716
738
718
706
644
648
664
700
752
814
798
780
854
878
816
790
734
776
818
822
786
800
826
832
780
760
772
766
678
652
692
744
784
760
692
666
652
650
634
632
666
664
696
704
738
716
732
568
702
682
678
690
710
694
650
654
658
672
688
652
684
714
722
736
716
662
618
694
712
706
736
684
668
686
704
640
860
646
646
704
692
672
614
680
944
1058
956
934
882
886
920
932
896
894
864
778
720
696
684
642
650
686
706
760
776
758
814
834
808
792
748
682
702
704
720
746
726
730
744
750
752
750
722
722
710
646
662
618
630
658
708
702
674
664
646
650
632
1420
1438
1306
784
748
804
794
818
794
732
748
700
694
688
648
642
636
656
742
748
780
814
832
846
774
758
664
664
632
642
762
896
922
840
860
906
924
908
832
778
696
804
890
934
916
930
922
778
754
704
784
754
784
772
688
662
628
642
646
654
672
670
658
676
722
708
680
686
680
696
668
680
672
726
728
714
820
844
864
778
774
808
834
826
732
700
700
704
672
640
646
678
706
678
670
688
666
656
912
548
588
654
650
710
674
666
666
630
650
616
606
616
600
608
706
706
718
796
814
800
766
752
712
732
746
758
788
728
694
760
784
808
732
744
836
882
900
836
770
782
792
722
734
786
820
810
746
738
722
692
674
650
690
672
678
660
612
610
624
636
698
802
838
764
730
792
798
788
728
748
804
838
848
854
796
826
876
898
902
862
892
926
934
902
794
740
790
852
862
832
882
896
834
782
786
826
826
798
746
778
824
840
762
710
704
698
676
682
664
672
698
724
818
840
910
852
780
732
698
708
690
676
670
640
632
612
602
590
624
754
818
766
724
750
750
760
782
772
818
832
772
766
756
772
786
792
832
790
760
852
908
918
890
842
848
858
832
758
776
846
890
798
794
760
808
802
738
718
690
736
806
870
802
716
728
732
728
730
786
816
786
750
720
704
704
746
774
794
792
720
752
764
778
774
754
750
822
848
830
776
790
808
798
742
708
776
888
934
874
850
902
868
774
770
834
864
822
776
824
854
816
750
758
814
868
812
776
840
848
768
764
764
734
702
710
768
766
736
792
836
828
798
814
826
780
716
764
848
914
880
880
900
886
790
748
806
840
848
780
840
886
882
802
814
850
874
812
770
838
856
852
776
798
842
838
780
786
862
884
816
748
796
834
840
766
764
800
832
748
688
680
686
686
672
662
704
752
844
748
774
816
820
730
738
772
786
764
758
796
886
842
788
808
776
734
678
660
670
690
744
758
742
848
920
896
838
800
824
806
742
736
776
798
826
782
844
882
864
748
688
730
744
824
830
774
742
756
772
812
766
774
794
790
792
748
738
796
852
864
822
834
820
812
764
758
814
808
788
756
768
780
796
778
744
794
854
872
808
778
834
830
832
824
842
840
778
776
794
840
806
778
826
830
786
732
756
746
742
696
692
668
670
698
778
820
814
822
822
896
794
744
742
764
748
752
896
944
900
818
856
868
804
738
730
776
808
770
764
832
880
820
770
800
832
842
770
744
764
730
708
682
710
758
758
814
858
854
784
802
832
840
792
774
810
838
852
806
796
848
862
826
766
806
848
850
786
850
894
908
790
806
832
828
762
730
788
826
778
744
814
852
834
760
816
866
832
780
812
842
764
712
732
784
754
680
660
686
732
774
820
770
712
678
680
678
688
700
732
742
732
702
710
712
710
694
688
690
694
668
666
686
744
822
836
764
774
728
734
694
656
642
610
626
628
608
638
682
700
686
752
784
852
860
746
716
736
764
764
722
766
748
786
774
764
846
872
892
878
808
838
870
880
842
806
858
898
902
846
872
886
812
726
754
804
848
790
736
838
900
938
874
894
928
942
906
868
896
890
840
852
868
888
786
804
860
904
842
802
904
934
872
796
832
866
868
794
766
832
872
838
780
840
858
774
792
824
852
846
764
794
796
776
710
708
764
808
784
760
840
882
892
820
734
790
794
792
748
746
754
744
716
726
770
838
850
798
762
732
770
814
856
816
826
828
834
828
804
828
862
832
786
832
872
868
786
858
880
818
758
810
852
818
740
770
834
862
804
748
816
830
832
754
776
832
872
858
792
812
846
850
796
730
752
776
782
778
724
742
830
832
802
770
806
860
884
848
806
838
856
830
776
810
882
884
832
826
868
876
796
806
860
882
816
766
792
816
820
796
782
822
852
814
738
804
850
824
792
760
790
832
830
782
806
860
878
856
820
854
900
866
834
878
892
838
800
832
852
834
798
802
738
712
750
816
742
788
778
798
770
752
768
686
678
696
730
754
730
806
882
930
802
856
866
838
758
782
916
928
862
790
838
886
856
764
800
882
910
810
766
784
806
760
740
794
816
776
738
788
864
780
788
804
844
828
752
760
812
830
780
750
766
776
746
696
740
782
698
720
660
716
788
894
908
828
836
868
888
840
790
838
860
838
796
818
884
896
792
782
848
866
794
748
804
828
836
796
874
886
836
736
758
780
798
764
778
846
860
788
774
828
828
766
774
834
878
832
766
798
790
718
690
706
744
738
736
836
880
864
818
798
848
818
752
722
762
804
774
758
808
846
838
770
754
848
876
800
780
792
820
810
762
776
790
776
732
726
766
808
756
700
742
784
732
730
814
830
792
752
806
838
856
792
754
746
716
672
626
638
626
666
770
876
876
836
694
750
852
824
740
680
690
802
798
800
810
814
782
726
678
704
700
710
738
746
794
840
866
832
768
678
720
690
720
668
700
738
738
736
742
724
708
674
666
644
706
700
702
690
714
710
778
836
856
848
762
730
774
838
856
758
782
828
800
718
686
710
736
732
748
804
836
852
752
764
822
854
806
760
780
822
828
756
752
782
812
850
802
790
822
840
786
760
790
788
806
764
790
806
814
774
712
734
796
798
726
706
666
780
760
774
722
682
678
764
712
670
722
764
822
844
798
838
# end time: 2016-03-17-19:29:34, 1458257374.36
