# R wave intervals in milliseconds per line
# start time: 2016-06-29-17:39:24, 1467236364.78
874
816
800
1580
950
572
688
710
782
736
786
780
796
840
848
846
818
886
910
876
842
880
790
732
816
862
808
862
786
936
932
1838
1102
662
618
730
688
768
864
948
796
908
876
868
846
888
834
882
928
846
844
866
1034
650
818
866
830
854
840
820
882
860
804
846
850
850
862
842
844
862
878
860
914
918
904
900
896
908
912
848
856
872
878
818
750
756
780
744
728
800
854
824
838
874
850
786
796
834
854
844
762
826
856
830
864
892
916
884
890
898
826
854
868
878
832
854
900
890
882
940
922
884
914
910
854
876
888
832
816
884
890
846
902
930
880
866
896
882
836
898
864
828
868
876
836
852
894
884
874
900
864
846
856
876
844
828
860
832
832
798
854
866
864
860
880
874
854
854
872
894
878
882
896
848
850
886
890
860
852
868
874
834
816
852
848
826
832
860
854
826
854
868
846
814
864
882
870
832
872
876
838
786
832
872
836
788
838
906
862
798
774
758
778
832
796
846
866
874
734
728
630
658
684
838
840
842
810
806
776
722
668
718
744
776
812
814
792
812
800
790
792
796
776
770
740
734
738
770
796
828
846
856
856
896
860
844
810
782
798
762
774
796
766
788
798
792
788
802
810
860
868
856
810
802
766
756
746
796
810
806
838
842
862
794
770
736
734
666
684
646
656
980
514
650
668
668
696
652
754
800
830
774
738
776
732
764
748
772
782
746
748
744
714
688
714
682
686
732
708
762
752
746
768
746
704
702
734
712
712
718
714
688
710
780
720
784
814
808
828
834
814
752
666
702
694
672
686
682
626
674
662
656
684
720
698
782
768
716
748
752
736
714
736
718
732
748
724
732
722
760
786
782
782
764
780
740
734
756
754
726
714
684
666
632
668
638
646
616
656
648
630
588
664
634
634
576
674
682
700
702
684
636
686
680
644
636
586
630
634
688
694
738
804
842
848
830
792
734
660
660
656
616
626
592
628
716
818
818
864
852
866
822
836
820
820
758
746
752
748
730
740
764
762
754
750
766
796
742
754
784
762
720
748
768
768
732
798
772
766
774
766
748
794
782
850
756
776
770
748
738
710
746
776
770
760
758
782
714
698
682
718
690
690
714
760
750
670
736
748
796
818
784
804
800
806
762
778
826
850
804
832
874
852
802
798
786
718
830
902
902
812
892
904
872
832
836
830
804
844
836
856
832
856
874
838
858
870
892
838
878
878
894
842
858
884
856
824
820
856
812
822
862
888
828
866
900
882
856
878
860
818
876
858
794
756
788
800
832
788
718
790
806
812
766
780
778
746
664
702
760
744
806
774
854
876
870
852
816
820
736
680
698
738
702
686
732
796
878
852
838
836
854
876
830
824
860
846
826
780
786
846
878
848
842
878
850
790
842
836
838
820
824
876
852
814
866
848
868
846
890
870
880
852
840
908
896
870
884
900
826
858
850
886
860
848
840
878
864
826
822
840
872
840
874
898
828
810
850
782
652
662
564
746
812
870
890
900
852
802
816
830
838
816
778
762
812
900
902
910
918
898
928
866
852
888
890
888
864
894
874
902
878
868
860
866
846
858
902
832
848
898
870
850
838
830
746
754
812
772
714
798
840
812
738
810
832
756
736
794
756
724
776
844
826
722
758
832
830
786
832
840
812
786
830
798
788
750
800
832
812
762
826
834
798
750
784
778
768
820
882
906
908
940
892
854
856
814
742
766
794
768
808
886
936
896
872
884
806
778
716
684
670
634
650
642
650
720
854
908
892
844
874
914
912
818
830
822
770
714
776
822
860
846
902
936
860
898
898
792
870
928
888
862
816
812
758
704
804
860
848
758
826
850
904
850
880
866
850
808
844
840
860
766
740
840
794
792
800
838
832
720
732
778
812
774
830
818
820
772
756
800
840
814
754
846
850
868
764
822
824
864
818
732
716
748
808
928
922
844
892
862
880
788
774
824
850
824
824
836
882
884
830
862
882
898
862
886
884
894
840
876
870
802
734
790
796
794
722
770
818
814
786
822
824
790
844
894
828
834
862
872
762
790
778
742
710
700
664
748
740
706
722
762
822
880
798
808
888
878
776
836
812
810
744
774
848
880
850
832
824
876
816
716
620
838
756
656
642
720
724
662
754
780
752
734
762
696
724
710
682
638
682
626
680
616
666
644
698
674
670
690
748
732
734
702
758
748
692
714
692
750
738
770
766
750
738
754
742
754
720
734
728
716
684
712
682
750
794
746
726
686
708
730
820
864
828
886
868
820
704
732
698
518
608
1008
1022
1058
924
944
878
858
788
766
704
702
724
742
790
826
844
870
748
802
748
786
786
748
750
740
764
748
710
756
752
752
734
760
742
748
770
754
800
780
802
784
778
748
718
756
780
766
760
734
724
740
698
702
684
714
726
728
710
700
738
742
718
688
688
690
654
646
682
710
730
716
784
714
768
792
758
758
732
774
770
798
736
764
782
774
700
706
708
730
742
706
692
660
676
648
636
636
660
682
698
694
628
664
650
642
628
596
580
636
620
614
636
652
696
626
596
650
682
676
686
728
788
792
814
782
796
806
802
814
814
814
870
900
884
888
880
914
884
840
862
856
846
832
850
864
904
784
832
868
798
816
882
884
852
884
886
810
868
906
912
834
882
872
810
802
878
904
842
898
898
818
866
762
834
650
770
792
760
786
854
908
878
824
848
788
792
820
834
754
814
866
864
838
872
894
824
822
852
832
786
782
864
812
822
798
814
804
848
840
764
758
794
816
766
834
814
798
732
758
774
724
766
784
866
810
892
924
916
902
934
922
880
838
866
812
764
790
780
746
774
814
816
798
842
824
824
862
828
768
800
836
768
844
856
872
842
852
868
768
766
774
758
714
782
822
862
832
852
854
812
818
836
778
804
812
786
750
816
846
850
766
806
728
722
728
752
736
718
760
804
744
796
794
750
712
714
720
664
588
976
1090
898
918
866
844
790
800
716
616
648
678
680
712
708
656
646
652
668
686
700
680
654
660
656
664
648
688
712
722
784
760
736
744
708
732
696
698
722
700
700
718
724
712
744
746
724
730
684
648
622
634
624
622
636
680
720
748
758
806
784
740
730
714
728
690
678
678
706
696
688
700
734
684
748
750
704
714
720
746
644
708
676
688
634
656
612
650
678
678
674
726
758
746
770
748
736
688
660
630
626
610
642
710
732
702
684
732
746
822
832
816
816
806
866
812
832
848
768
782
734
780
712
714
734
728
732
734
688
730
718
756
792
732
738
782
774
700
718
718
714
680
656
648
682
736
764
750
776
810
800
732
818
814
780
676
698
710
722
764
778
782
804
762
708
754
720
752
716
768
688
672
696
688
660
662
666
708
758
792
826
852
820
812
798
782
722
690
620
656
672
676
728
684
672
666
694
700
768
800
866
836
828
798
778
746
730
682
738
760
754
802
722
724
762
720
698
650
702
700
684
686
726
788
802
800
828
818
782
720
748
716
644
706
684
662
670
714
666
718
764
786
722
726
798
774
774
768
788
796
814
804
750
778
802
770
766
730
790
764
742
654
738
712
716
682
664
688
732
682
784
752
764
782
800
798
796
796
822
802
816
812
836
808
796
802
792
752
770
796
794
688
734
724
712
712
668
686
702
746
702
734
766
812
732
766
768
732
686
704
716
680
668
714
716
684
656
662
680
658
584
596
578
644
702
722
746
670
764
782
720
764
768
782
792
790
812
818
834
836
848
832
834
822
810
814
828
792
818
810
794
810
796
774
776
798
842
798
788
834
842
836
804
784
798
798
764
718
734
766
750
724
740
764
758
730
748
784
714
750
770
730
768
770
794
722
734
712
722
596
660
666
676
622
626
652
616
646
522
632
650
746
854
846
896
842
834
818
800
780
784
798
766
796
764
808
806
832
788
824
842
824
832
812
856
816
828
850
826
794
820
836
806
826
812
832
778
806
798
780
754
762
806
774
758
806
840
764
800
824
846
806
766
814
838
764
796
804
838
792
770
818
804
764
732
766
764
770
790
740
732
772
776
742
746
770
788
732
758
756
780
730
778
780
786
752
668
686
688
658
676
688
708
702
708
768
778
780
732
718
780
712
732
784
774
694
764
786
752
808
840
844
728
746
722
750
734
702
762
788
874
758
782
774
848
742
786
840
862
786
780
826
782
726
804
838
862
730
742
814
880
920
800
886
898
884
792
862
852
746
820
904
844
800
902
854
742
844
976
906
818
906
946
778
808
922
920
752
754
854
936
942
830
902
918
844
884
914
894
546
734
854
962
944
920
936
920
906
868
838
838
812
808
832
834
894
898
880
878
864
840
878
884
862
840
852
810
832
836
884
852
856
840
842
756
800
774
748
664
706
744
750
746
706
684
688
766
804
858
868
854
876
852
894
868
892
870
850
896
876
908
904
874
810
840
876
932
990
880
876
928
938
826
766
752
786
820
864
880
868
824
708
656
698
792
788
776
762
786
790
780
750
752
730
688
676
694
676
662
686
638
610
674
698
726
720
762
784
792
804
764
788
782
768
786
778
784
786
750
724
702
690
704
708
714
730
764
790
816
860
774
768
800
780
758
762
734
732
702
640
646
672
632
650
648
656
742
766
832
938
954
800
846
864
762
652
632
630
620
690
766
812
838
858
866
# end time: 2016-06-29-18:06:03, 1467237963.19
