# R wave intervals in milliseconds per line
# start time: 2016-01-27-21:57:23, 1453949843.37
596
604
608
626
644
646
638
624
636
648
652
654
664
674
638
624
632
632
630
632
602
606
618
616
620
616
604
618
628
622
618
600
590
592
608
634
988
954
894
872
832
784
724
696
678
642
628
618
604
600
628
636
668
694
698
686
664
644
644
650
676
782
768
810
900
926
908
874
830
774
716
670
638
624
610
600
600
600
592
598
596
602
600
590
582
570
556
550
556
580
594
626
664
694
716
716
702
692
678
648
638
634
622
618
606
604
596
586
586
586
586
590
582
574
572
578
580
572
574
582
624
658
676
658
664
646
638
614
606
612
626
638
662
696
704
706
698
676
700
712
708
692
682
670
660
652
626
628
642
644
652
672
676
674
666
614
584
576
578
588
604
670
808
880
852
846
822
756
704
658
638
606
582
572
580
586
608
626
654
652
638
644
652
664
662
652
646
654
654
648
640
638
620
604
608
608
604
604
602
596
578
584
592
598
596
588
594
594
590
588
576
572
582
592
608
594
586
588
596
598
618
634
654
658
622
618
622
618
624
628
616
602
608
604
620
596
590
584
592
604
630
632
610
606
600
598
686
716
702
684
674
662
638
596
578
596
604
618
640
660
678
682
686
688
686
654
662
674
672
672
666
648
662
670
680
684
664
656
644
638
610
590
592
602
606
622
650
674
722
724
904
918
846
798
738
686
656
616
586
580
582
580
574
576
608
664
694
708
654
664
684
668
668
658
654
648
626
620
636
640
636
630
618
620
638
650
654
658
666
670
662
652
630
630
624
622
622
602
588
594
606
614
620
618
640
660
654
622
592
592
668
624
586
586
586
592
588
554
564
576
580
590
600
610
642
704
796
790
706
720
716
702
660
618
602
622
608
624
634
650
660
662
634
606
610
620
610
612
600
602
606
640
680
738
780
792
756
726
698
642
606
618
624
628
664
720
776
776
758
714
714
718
700
676
692
704
686
666
640
648
648
650
652
660
646
606
610
626
600
620
642
642
662
676
662
624
634
644
636
642
626
594
598
622
622
634
604
584
594
604
602
592
602
636
640
640
640
638
616
600
602
612
616
638
630
602
602
618
630
644
642
608
614
624
628
634
640
626
598
606
620
630
650
636
622
638
664
676
700
708
680
660
678
674
682
676
632
606
626
634
652
676
678
650
648
668
662
666
626
618
636
640
656
658
624
626
646
646
648
632
606
614
630
626
626
638
628
632
660
672
672
640
654
656
654
652
604
598
608
608
620
624
596
594
618
640
682
714
712
656
640
654
654
656
638
606
602
612
616
616
616
600
604
626
638
638
640
632
634
628
616
600
594
604
612
622
634
648
630
634
654
648
648
628
616
640
656
668
676
640
644
660
664
678
652
648
666
666
658
644
652
670
696
706
668
684
702
704
696
658
668
666
654
622
612
628
640
666
654
650
688
700
686
640
652
662
634
650
668
692
692
642
622
598
596
604
618
608
622
656
636
596
610
608
620
590
578
574
590
580
592
596
588
580
592
590
576
550
568
568
580
568
560
552
560
572
590
600
586
592
602
608
606
600
594
588
588
594
598
596
588
566
566
578
590
592
576
586
610
622
634
626
618
614
604
590
582
584
580
568
566
552
536
544
546
544
556
560
582
608
612
612
614
612
594
576
586
588
590
586
590
584
578
562
546
560
568
576
572
560
568
594
608
630
646
648
612
582
582
572
566
860
920
858
822
780
738
688
646
628
616
610
604
608
628
616
626
634
660
678
712
742
754
722
700
698
684
670
660
644
652
660
648
644
634
634
630
634
640
648
648
652
644
646
662
626
610
608
622
646
646
642
640
634
624
608
576
580
584
586
576
578
566
552
564
560
564
562
550
554
534
530
538
546
542
556
590
646
664
680
692
698
714
674
658
666
654
658
658
650
628
616
624
634
644
640
646
644
626
626
620
610
610
596
600
606
614
626
640
634
640
654
656
666
662
634
614
628
636
648
660
644
634
652
656
654
644
620
626
632
638
636
604
610
614
624
626
602
600
606
608
606
596
588
590
592
596
594
588
598
608
606
604
594
600
604
606
604
596
596
608
618
624
630
610
602
610
612
622
630
630
614
612
614
630
634
646
648
640
624
624
622
624
606
600
610
616
598
602
598
580
580
564
566
594
628
642
632
632
624
610
600
594
608
608
592
584
592
598
596
594
580
582
580
594
614
632
652
654
652
682
714
718
708
686
668
630
604
616
624
644
660
640
640
662
676
702
708
694
654
650
664
660
664
646
618
636
644
658
694
688
662
672
682
680
682
664
630
646
654
662
680
660
648
656
660
636
622
634
644
650
634
626
642
664
668
676
646
626
638
646
646
634
630
650
658
670
654
636
644
650
654
636
624
624
638
626
616
632
624
818
938
560
638
626
618
608
596
574
586
584
596
606
622
644
668
680
684
688
680
636
612
622
612
622
630
634
628
616
638
650
652
670
688
662
644
656
656
662
636
630
640
644
638
616
600
602
602
614
608
602
610
614
616
616
606
606
608
586
588
582
588
582
590
614
624
630
652
640
630
644
650
648
634
604
592
598
612
624
622
614
610
608
614
628
642
636
632
634
638
632
638
640
638
638
630
642
608
594
590
584
590
600
616
634
650
666
662
628
632
620
612
604
618
632
638
618
612
622
620
636
664
698
758
722
694
706
704
694
694
666
654
658
634
614
620
634
644
658
680
656
638
662
676
686
684
638
626
632
636
652
690
706
672
652
666
680
686
670
634
628
630
638
628
616
618
636
642
654
664
646
626
636
636
636
634
616
618
624
632
620
612
614
624
640
646
630
648
652
650
650
632
632
630
636
620
606
598
608
608
604
606
586
588
596
592
600
612
606
598
598
604
612
618
626
624
632
634
640
630
622
634
638
644
646
644
630
638
646
650
644
616
608
604
602
610
608
598
610
614
630
630
626
630
640
650
628
616
612
616
618
618
622
612
600
608
600
594
546
576
570
588
618
664
666
672
688
694
684
654
660
650
644
654
634
626
632
642
650
640
630
638
652
654
660
640
634
644
640
628
622
626
612
628
634
638
628
600
594
584
590
592
606
638
674
708
738
742
754
742
726
708
684
640
614
620
628
634
642
648
626
620
628
628
628
614
630
646
662
660
672
692
710
698
640
622
626
620
624
606
604
610
620
620
630
622
616
616
624
620
602
594
598
616
632
662
690
706
682
680
688
650
646
656
632
622
636
626
622
614
606
608
622
622
608
624
640
658
622
602
588
604
618
648
676
662
620
608
624
624
624
650
658
670
696
690
690
676
628
616
622
616
614
608
590
588
598
616
628
652
660
638
614
622
628
628
626
594
568
566
572
574
570
570
572
586
596
608
618
622
594
580
608
606
616
628
618
620
640
666
700
682
676
712
718
716
658
664
676
676
660
660
686
692
702
680
634
658
676
688
692
654
624
656
656
660
670
634
638
658
682
704
666
644
668
682
698
654
636
662
674
676
640
630
660
670
674
638
614
636
644
650
658
626
608
628
620
626
600
590
602
620
652
704
742
714
694
712
700
688
620
614
622
634
640
656
642
650
670
672
648
630
644
648
664
680
658
618
626
640
642
652
640
654
668
682
688
658
634
634
636
628
626
614
602
610
618
620
632
618
622
632
634
634
626
614
628
642
644
638
612
602
610
620
616
630
638
620
628
646
642
622
614
626
630
642
650
634
612
628
634
642
634
618
640
648
646
654
630
620
632
638
640
644
628
620
636
638
648
638
618
624
630
642
652
638
626
646
658
660
632
624
634
604
608
598
592
582
590
604
612
628
612
606
620
632
646
650
632
630
634
640
640
620
628
646
652
662
644
634
656
648
654
642
636
646
654
664
646
638
652
670
682
688
662
640
648
652
654
640
626
648
660
670
658
646
666
680
674
646
652
666
672
676
642
638
660
666
658
642
642
666
670
674
644
628
634
646
658
654
630
634
652
660
672
648
630
642
652
658
646
630
648
658
664
636
628
640
642
638
620
618
636
648
664
646
644
658
656
656
638
646
674
696
714
676
640
636
634
632
644
662
674
676
654
648
660
658
662
658
650
662
688
694
678
658
660
670
664
640
646
658
672
664
648
664
656
634
640
654
658
644
640
664
688
694
688
668
694
712
692
654
646
648
664
680
646
628
650
656
636
626
622
636
618
622
622
618
592
596
582
584
602
638
630
620
622
612
632
656
672
644
622
656
676
680
684
648
652
674
678
684
648
634
662
666
670
656
640
650
662
672
686
650
646
660
668
664
648
658
676
688
700
694
654
654
668
662
666
648
628
642
650
668
658
638
652
670
674
678
658
660
672
676
658
626
616
628
630
636
628
646
662
672
652
632
638
638
638
636
616
600
586
584
578
586
590
590
588
582
576
590
558
572
670
770
750
722
732
750
752
748
742
726
706
692
680
668
664
664
666
672
684
688
700
682
666
684
676
662
652
662
640
608
600
604
610
614
626
638
674
700
674
630
674
708
654
626
632
612
604
604
596
580
578
568
568
568
562
538
552
574
612
698
740
690
678
746
854
890
780
738
736
750
720
664
672
686
694
710
710
658
658
676
674
680
664
622
622
638
640
662
688
656
676
704
700
700
650
652
666
668
680
652
612
626
640
652
660
638
638
668
672
682
642
630
648
650
642
614
606
618
624
632
650
642
616
644
654
656
646
618
632
646
642
632
620
634
658
674
686
684
666
678
684
680
678
660
640
646
650
654
650
632
652
670
696
720
696
674
696
720
698
654
638
652
658
660
648
628
646
650
654
654
636
618
634
638
658
640
636
674
696
732
688
682
694
692
686
650
632
642
648
652
634
628
644
660
668
646
644
666
672
672
638
650
654
666
644
646
688
688
662
644
640
636
630
626
606
592
586
606
618
640
634
630
644
654
662
646
624
638
654
670
690
666
664
692
702
710
686
660
670
690
698
688
656
680
698
702
676
662
682
696
692
662
662
682
694
680
656
670
686
690
672
652
670
676
678
652
636
664
676
686
660
638
658
666
680
666
640
658
678
692
670
654
682
692
690
642
632
642
648
656
638
632
654
664
672
642
632
644
646
642
624
628
642
658
656
620
604
616
632
652
680
682
652
662
678
674
672
630
636
652
652
658
634
626
646
664
682
688
656
668
674
668
634
618
614
626
642
658
670
652
634
644
652
654
656
630
642
650
648
636
624
640
644
648
640
624
626
638
634
634
600
598
606
620
642
664
684
682
646
662
670
660
648
610
612
628
628
620
612
626
640
656
668
652
652
666
672
664
650
618
614
618
626
622
632
648
660
680
682
658
652
656
648
622
624
642
652
658
680
678
638
654
664
662
668
630
608
616
616
622
628
618
624
634
642
630
610
608
622
628
626
614
630
642
652
662
640
634
644
646
646
640
618
622
628
626
624
612
622
628
638
638
620
630
632
636
652
630
622
636
642
636
628
610
618
620
622
624
618
618
632
640
650
638
636
644
654
660
652
630
638
644
648
652
634
620
632
646
660
672
654
644
658
658
662
636
624
638
644
654
652
632
648
660
666
652
624
630
636
640
618
600
606
596
606
592
592
580
574
580
590
604
592
586
596
606
610
602
606
622
634
652
632
626
644
656
670
650
636
644
642
640
636
616
618
624
638
642
632
636
652
664
658
640
630
644
640
642
620
612
636
640
650
666
650
644
652
656
652
632
618
610
618
622
640
650
628
612
610
602
592
590
604
630
642
626
644
652
660
668
652
644
652
662
664
644
658
658
662
628
620
616
630
650
694
728
728
706
672
658
640
612
604
618
620
622
628
632
628
602
610
620
628
616
592
604
632
644
680
680
664
688
690
688
662
624
632
644
646
648
642
608
596
622
624
632
602
606
618
654
670
670
652
644
602
604
596
592
572
568
604
624
640
654
642
608
634
658
694
718
714
656
660
678
678
680
648
608
602
618
654
666
672
662
652
674
676
680
696
652
642
662
654
656
604
610
618
638
652
688
728
698
706
722
712
696
672
632
632
632
634
644
642
638
648
678
692
662
664
680
686
682
648
650
666
664
672
662
632
636
644
662
676
660
640
630
636
640
650
660
670
658
626
622
634
642
664
676
678
704
730
744
742
706
702
702
688
662
638
646
654
666
652
630
638
654
656
646
622
628
642
648
648
630
638
646
652
658
632
638
652
658
662
640
632
648
650
644
628
622
632
640
660
634
624
630
636
642
618
616
630
636
644
632
638
644
646
636
620
618
620
632
636
626
638
664
692
704
676
676
684
680
642
644
644
644
616
608
622
634
650
670
690
714
708
698
700
700
674
666
674
676
678
648
626
640
652
656
652
638
660
670
676
678
646
620
630
638
640
618
612
590
604
598
608
634
638
626
638
654
660
656
628
628
634
638
650
626
630
638
650
654
630
634
652
656
668
646
642
650
648
654
638
630
640
650
660
666
638
636
642
646
634
626
642
654
660
652
654
658
662
666
640
622
624
624
622
624
610
586
574
600
636
662
684
702
728
740
754
764
774
778
760
724
700
672
632
626
638
636
658
678
692
714
716
706
674
662
670
662
660
654
640
656
676
670
644
650
660
642
634
646
658
646
628
650
666
680
692
654
660
674
672
650
632
644
660
644
622
620
640
656
686
654
636
656
670
656
626
624
636
640
630
614
620
632
608
604
604
606
602
596
604
630
628
626
652
670
660
630
634
650
662
666
632
630
652
640
648
662
684
688
674
674
692
686
664
628
632
646
648
656
632
618
630
658
644
612
608
622
622
622
630
642
626
610
616
628
640
644
630
616
616
628
626
618
616
618
634
636
638
614
620
628
628
626
626
638
652
660
630
634
642
644
642
626
626
634
638
638
626
622
632
636
646
622
624
632
632
640
622
622
638
646
660
662
642
648
660
670
668
642
620
640
644
642
620
618
626
636
638
626
618
630
642
648
660
638
622
634
634
622
606
610
616
636
642
626
626
644
644
648
622
628
628
638
634
616
614
624
630
634
634
648
676
688
680
654
656
666
666
638
630
640
640
646
642
616
610
618
626
638
626
632
638
658
650
636
674
652
660
642
570
714
660
646
646
620
610
612
622
622
626
636
618
626
638
658
672
650
650
676
684
656
620
618
620
602
590
594
596
598
608
618
606
586
590
596
582
584
584
596
636
672
712
730
730
726
716
690
628
616
612
628
648
652
654
682
708
714
750
724
760
740
690
698
714
706
700
652
648
672
666
646
624
652
674
686
682
678
694
690
670
630
622
624
638
646
634
624
640
660
666
648
618
606
628
648
660
634
618
632
652
662
656
632
630
646
668
680
640
636
666
684
678
648
632
654
682
694
690
656
660
684
686
674
640
648
664
674
684
650
652
664
676
686
678
636
630
644
658
652
622
614
624
640
646
640
616
618
638
644
658
642
620
634
652
664
686
686
640
652
672
666
654
622
616
632
640
652
646
614
620
644
650
670
650
622
634
652
656
652
624
618
636
642
654
646
620
612
628
640
650
634
620
636
644
642
618
608
626
644
668
684
654
654
670
680
678
648
636
646
650
652
630
614
624
634
638
638
652
672
682
670
636
642
660
666
662
666
636
640
648
668
702
742
764
746
696
696
698
684
652
622
616
628
646
660
692
666
640
652
658
658
656
630
622
624
636
648
664
672
640
634
662
670
654
642
644
644
646
648
650
622
616
632
644
654
668
644
630
616
612
600
596
580
592
586
604
612
660
704
742
706
702
672
# end time: 2016-01-27-22:33:42, 1453952022.12
