# R wave intervals in milliseconds per line
# start time: 2016-06-03-20:24:52, 1464999892.08
672
666
730
640
706
726
726
694
650
658
660
670
640
630
656
690
696
676
658
696
684
648
628
658
672
700
660
646
676
680
692
672
672
664
682
692
658
654
672
674
684
668
646
700
700
732
702
676
696
690
680
630
622
634
640
642
616
656
662
674
674
666
708
714
706
694
650
664
660
614
606
608
632
678
686
698
676
746
598
1224
734
728
698
668
662
692
690
692
660
684
708
732
762
708
684
686
700
716
696
686
726
752
754
712
664
686
686
700
690
668
696
714
728
698
658
682
696
714
660
660
670
684
670
656
668
694
672
670
648
660
672
660
642
658
688
712
702
696
704
706
708
666
644
670
670
682
654
666
684
692
676
662
616
604
598
636
774
780
764
776
774
770
752
732
668
682
692
716
734
762
788
784
744
700
690
720
722
718
724
722
722
706
710
682
676
674
680
650
668
686
682
690
704
706
684
654
682
686
688
654
636
650
670
674
682
650
652
678
692
696
654
662
694
698
652
640
658
666
700
640
654
692
696
708
660
690
710
728
714
658
660
684
688
692
662
666
684
698
712
642
650
658
670
628
628
644
634
636
628
674
678
632
678
692
700
682
656
660
668
652
614
678
692
706
690
660
654
684
702
636
642
656
672
682
658
644
650
668
684
678
652
664
692
702
684
652
674
682
694
664
650
656
672
672
634
660
678
694
672
652
666
674
672
628
678
656
706
692
670
692
704
732
660
650
664
670
706
646
642
626
658
684
704
726
718
664
698
680
662
640
660
668
676
642
628
672
698
706
698
688
698
694
676
656
674
664
656
622
658
660
688
680
664
678
706
680
636
646
646
660
672
762
648
640
684
642
638
634
654
662
632
646
682
674
684
664
640
674
666
654
632
618
642
650
654
610
628
664
682
710
724
676
672
692
700
718
686
670
702
706
708
660
654
690
662
642
632
634
652
612
632
630
660
666
632
666
678
680
684
672
698
700
672
642
676
692
688
662
628
682
674
688
676
650
692
682
700
682
658
664
678
682
692
648
666
682
680
662
630
634
658
664
674
682
704
754
780
770
700
688
696
690
658
654
658
688
704
694
656
692
714
720
690
664
696
694
698
662
644
668
666
682
674
650
658
670
676
658
634
668
680
682
646
642
660
656
662
672
648
696
704
708
676
678
670
628
652
648
648
646
638
664
690
704
712
670
674
676
676
680
654
664
680
660
660
614
632
642
640
656
634
620
624
646
646
634
664
670
694
678
634
664
660
678
660
620
656
686
710
710
710
726
748
714
670
676
692
682
666
630
672
702
716
694
750
758
776
688
688
704
702
692
678
698
694
674
634
656
664
682
662
692
712
722
728
708
716
708
684
646
652
684
692
668
642
678
692
688
648
652
674
686
660
644
662
680
694
658
664
688
668
646
644
654
674
652
630
636
656
656
630
614
636
638
640
646
630
636
662
692
664
632
616
614
608
590
642
650
666
710
776
820
848
792
780
762
728
676
674
694
678
696
656
700
714
716
690
676
710
744
744
696
662
678
690
690
654
688
716
772
758
740
744
754
724
658
686
682
682
638
674
684
688
680
640
706
708
738
670
634
664
662
680
662
646
652
686
676
626
618
686
676
696
620
608
616
628
620
598
610
632
670
684
692
654
676
674
670
642
654
652
674
640
638
632
650
650
658
648
644
672
676
700
662
662
666
690
660
640
650
656
658
622
606
622
638
644
662
638
646
670
678
672
626
634
654
676
656
644
656
654
672
666
644
658
672
680
638
654
670
678
670
634
648
670
672
646
646
648
658
684
638
614
628
658
662
642
628
650
664
682
640
646
668
648
662
636
618
632
640
650
640
602
624
618
648
632
622
620
652
666
642
632
620
646
638
628
602
616
608
578
628
626
592
672
698
654
690
704
664
656
666
670
678
668
636
652
694
702
696
680
712
708
682
644
660
654
688
660
654
682
702
716
704
666
674
690
678
646
640
654
670
682
662
654
668
682
692
670
650
670
678
674
656
638
650
672
660
658
638
660
640
618
610
612
638
644
640
624
630
664
668
626
620
632
632
620
604
622
630
636
618
612
656
632
612
642
670
666
640
636
652
654
640
620
650
672
680
686
680
704
708
664
630
624
624
648
636
620
638
674
678
702
668
674
666
676
674
616
642
634
660
670
666
662
618
618
640
620
604
608
612
636
620
628
666
650
634
610
606
540
654
678
664
688
608
620
626
646
658
704
734
772
794
788
786
728
724
692
662
682
682
678
690
698
700
662
642
646
648
646
664
674
684
684
672
686
696
700
704
706
696
700
656
628
636
644
664
658
644
660
680
674
654
632
664
682
664
636
634
640
642
660
632
602
630
584
650
608
606
598
570
590
586
552
586
558
592
564
630
632
584
632
672
654
654
628
612
614
648
632
628
620
620
586
598
622
608
616
616
588
588
596
628
902
940
906
878
814
794
730
670
668
630
630
596
584
594
568
564
558
534
542
542
566
564
584
592
596
626
572
646
672
630
642
662
652
618
610
624
618
620
628
632
608
592
600
574
578
566
564
538
572
556
616
660
702
710
714
736
752
744
704
676
668
646
664
692
724
740
762
768
776
756
758
744
724
734
738
726
718
708
710
724
696
660
668
684
702
666
658
712
734
748
680
678
730
710
666
640
650
666
676
618
612
634
638
632
636
774
730
704
646
630
626
624
628
624
640
642
650
632
628
654
648
616
618
640
646
672
654
632
638
630
624
612
620
616
634
636
672
680
646
656
634
616
630
602
648
630
624
618
608
594
570
588
592
622
632
624
692
732
716
720
686
668
628
652
666
696
734
766
796
806
800
784
752
726
658
654
670
664
688
700
706
712
724
708
648
642
632
642
688
708
710
736
792
822
824
750
730
668
674
632
600
618
640
674
702
714
688
784
798
800
704
710
702
686
638
652
692
682
672
678
738
772
734
688
734
754
748
674
702
702
662
632
666
694
722
648
618
648
656
670
702
700
666
684
660
702
698
698
698
648
660
678
676
658
660
658
648
644
634
614
588
616
620
608
620
620
644
644
650
692
718
692
644
646
696
702
726
684
648
666
682
686
674
632
678
700
708
676
670
708
716
694
676
702
726
736
708
650
628
582
616
1692
1394
836
1094
656
1298
592
592
620
650
666
656
670
658
644
618
634
640
646
660
650
634
620
634
608
614
592
590
586
590
606
646
682
650
680
682
664
674
608
606
608
608
612
614
618
600
616
622
618
654
