# R wave intervals in milliseconds per line
# start time: 2016-11-02-09:10:12, 1478092212.04
732
772
808
770
686
692
652
656
652
668
644
638
642
656
676
598
658
640
626
656
686
664
684
582
700
662
644
662
668
664
706
724
728
760
814
802
782
774
718
776
766
736
688
722
746
776
734
696
734
746
738
686
648
696
698
710
688
648
698
734
782
728
690
734
732
736
702
728
786
834
802
628
714
782
754
720
716
754
770
746
676
690
698
698
664
648
606
596
760
882
862
862
840
812
836
854
840
818
800
792
772
756
744
746
804
828
830
832
826
812
782
764
754
706
684
710
756
806
840
842
834
782
814
822
840
848
868
856
832
770
738
772
788
748
672
710
736
748
708
674
746
776
810
750
724
776
790
794
764
720
778
794
810
790
716
782
772
768
816
834
844
840
838
844
862
862
868
890
864
882
906
878
850
832
732
774
808
846
860
774
762
800
788
720
708
762
812
826
766
808
840
828
824
846
872
872
872
874
872
872
880
882
826
834
844
862
872
820
870
884
870
780
838
860
862
834
758
826
880
890
892
834
748
804
834
818
752
808
816
784
708
746
770
748
704
732
752
764
754
694
696
720
728
740
714
744
818
830
804
736
768
792
800
770
766
788
792
798
798
752
756
786
800
814
772
760
726
694
746
754
798
858
822
868
920
924
910
818
828
854
856
850
848
808
766
820
836
822
754
802
844
848
818
742
794
816
782
704
746
764
740
694
752
780
764
714
758
780
806
770
760
814
826
826
782
758
798
810
816
778
796
824
822
764
742
784
792
772
712
760
790
820
782
798
838
860
860
858
870
852
824
748
750
750
732
698
682
632
702
766
826
780
834
880
874
800
798
824
804
768
706
750
802
848
846
786
# end time: 2016-11-02-09:14:55, 1478092495.94
