# R wave intervals in milliseconds per line
# start time: 2016-01-27-21:51:22, 1453949482.85
644
686
664
642
624
618
624
610
594
596
602
604
626
616
602
612
616
620
622
600
588
590
592
600
618
634
616
616
622
622
634
602
594
618
622
636
652
628
600
610
604
614
600
604
582
600
596
604
590
570
580
580
594
600
578
588
592
598
584
584
598
584
582
574
578
594
594
572
572
578
580
592
610
620
608
600
620
628
638
648
656
612
600
608
620
626
620
604
614
630
676
694
684
662
650
626
636
816
788
756
712
692
684
660
640
636
638
632
632
632
646
648
638
640
648
640
642
644
654
654
658
644
630
606
608
612
606
620
618
586
594
596
618
634
634
638
662
668
638
640
644
640
640
634
614
604
604
644
612
602
602
596
568
554
568
578
584
600
574
562
580
596
610
628
594
592
596
602
594
590
572
570
574
594
608
626
612
620
624
640
618
588
604
592
594
596
590
620
654
688
690
690
688
672
640
632
648
640
644
622
628
588
602
592
590
578
584
584
598
622
656
682
708
710
666
620
626
632
608
598
600
618
648
666
656
608
620
642
644
648
660
654
644
648
642
638
608
598
604
610
624
654
678
644
644
658
618
628
638
636
638
644
608
596
606
608
612
628
624
578
604
598
602
596
590
600
614
632
628
606
628
640
648
650
642
604
612
626
632
652
640
616
628
642
646
656
638
608
622
626
634
644
618
606
616
628
634
642
636
612
624
634
632
640
600
606
618
622
630
628
614
602
610
618
628
630
606
600
618
622
630
642
626
622
644
660
692
712
666
604
612
622
614
630
622
596
584
604
608
614
636
604
586
604
606
612
616
598
594
598
602
610
618
608
606
612
620
606
598
594
594
592
598
592
582
588
590
598
592
586
572
580
582
584
588
584
576
586
602
616
644
662
642
604
616
608
612
588
574
586
596
608
616
596
602
606
586
584
594
588
592
602
612
624
604
598
600
610
612
612
620
600
576
592
602
620
632
634
622
618
644
656
664
652
614
614
616
608
600
604
616
588
576
576
580
594
610
630
646
652
628
644
644
646
636
610
610
620
628
636
642
628
630
648
660
672
660
646
642
650
650
644
628
612
616
630
638
644
640
640
654
676
682
664
636
644
658
656
620
608
618
634
656
666
684
686
672
634
610
620
624
616
626
624
618
628
648
674
684
684
650
642
642
640
638
602
598
608
608
612
634
618
608
624
632
632
644
628
624
640
642
638
616
614
618
616
614
602
592
604
616
626
640
626
620
628
632
630
622
610
614
624
618
610
592
604
604
594
590
594
616
624
610
616
626
638
646
628
604
610
622
634
656
654
