# R wave intervals in milliseconds per line
# start time: 2016-06-21-18:13:49, 1466547229.78
714
730
746
722
738
768
718
688
706
720
724
722
660
696
692
672
660
666
670
652
640
634
646
630
626
648
642
642
666
674
678
644
652
670
662
644
612
632
632
642
628
646
680
704
730
698
710
718
714
676
658
664
664
670
658
656
684
694
712
698
712
728
712
684
672
682
678
644
604
614
630
634
640
636
656
648
640
658
690
666
668
684
692
704
666
664
664
662
632
614
630
646
670
698
680
696
714
698
686
646
642
650
642
620
630
648
674
666
652
632
638
616
620
646
656
660
642
668
660
660
674
666
644
634
630
652
652
636
600
636
642
638
620
604
626
654
646
632
626
610
596
626
638
636
604
610
648
650
640
610
646
644
648
642
600
630
596
578
748
750
736
746
704
716
696
696
696
700
746
762
760
728
706
650
642
622
644
660
676
672
702
676
682
674
670
662
658
644
616
652
656
664
690
656
650
672
676
654
666
680
680
644
644
656
626
642
616
612
638
618
652
612
620
596
632
628
654
636
636
638
648
648
650
646
638
650
638
624
618
618
626
610
596
588
614
616
594
628
640
658
686
686
652
638
632
636
636
616
608
634
644
650
614
610
612
600
610
614
618
594
608
614
624
616
622
632
616
626
608
592
588
608
614
666
650
672
690
658
650
664
680
668
664
630
632
674
674
674
638
662
660
640
624
668
670
678
654
642
674
672
650
626
638
640
628
632
640
640
630
606
610
600
622
614
622
624
612
626
636
630
624
616
624
626
614
596
616
628
642
612
630
636
608
598
610
604
622
618
640
648
654
636
630
632
626
622
602
594
584
600
606
632
620
642
662
668
644
644
650
680
676
642
636
642
672
660
622
642
658
660
632
660
670
624
624
598
600
604
624
654
632
600
620
626
658
652
670
704
730
736
696
686
696
690
652
658
640
580
602
582
600
608
628
658
660
642
616
624
630
606
596
584
618
620
644
632
632
628
662
634
652
636
608
600
608
614
606
622
624
620
614
606
614
624
624
598
616
626
620
616
604
598
586
584
588
622
610
588
612
628
634
598
622
648
666
664
618
640
640
636
638
620
658
660
704
720
670
670
674
620
640
652
680
646
650
658
686
670
650
642
672
626
620
624
654
634
658
644
656
638
628
618
618
636
646
666
628
616
638
642
652
644
600
628
572
578
592
614
602
658
688
682
672
698
680
644
628
600
584
608
614
638
656
686
714
700
690
676
624
652
656
688
738
752
726
754
770
776
748
690
714
732
754
746
728
738
744
710
694
710
730
730
718
674
710
714
726
686
676
710
710
666
650
664
656
684
670
642
716
558
660
654
638
612
610
614
640
654
638
644
614
620
588
616
580
600
602
626
642
654
676
676
648
662
668
618
610
616
622
614
614
610
628
614
604
658
600
594
616
632
646
648
660
658
646
650
614
614
600
582
576
594
616
652
640
666
676
670
668
654
646
612
604
596
566
568
600
606
634
666
716
738
716
722
704
668
632
608
610
598
606
622
610
618
618
614
630
620
634
650
654
666
668
646
642
680
720
744
704
692
708
662
628
650
668
668
670
650
628
632
642
622
616
606
628
644
634
660
664
680
654
648
656
652
622
604
608
604
592
588
612
614
628
638
634
630
614
594
604
584
576
586
586
602
608
598
594
610
610
622
610
628
640
628
614
596
592
582
580
606
592
592
630
634
632
618
630
638
632
658
662
686
666
652
618
596
614
612
628
640
614
646
688
662
652
610
622
630
620
578
594
614
614
600
602
630
628
636
596
610
596
604
600
568
614
606
616
616
602
596
584
582
552
578
580
632
642
648
614
622
654
654
656
624
640
662
670
666
636
642
692
694
684
638
672
682
660
666
618
596
620
644
676
648
636
658
666
648
624
636
666
652
638
656
702
730
722
676
730
736
708
654
630
644
668
640
664
616
618
646
638
650
670
674
676
632
632
654
624
632
606
606
566
586
572
578
596
602
610
628
630
624
644
628
634
590
1820
1142
686
1042
626
544
572
578
632
678
736
736
740
734
728
692
674
624
662
580
624
632
622
610
586
602
648
678
710
698
682
648
618
592
600
600
600
610
646
648
676
698
652
674
646
642
622
616
604
578
596
598
622
660
588
640
662
648
622
640
640
620
602
590
586
626
552
598
602
622
642
654
648
640
632
588
604
588
566
594
610
620
632
670
644
650
666
690
672
660
630
614
598
608
576
582
616
648
670
704
732
716
728
740
716
686
652
656
674
686
696
692
692
718
728
744
698
646
656
666
656
644
606
628
626
636
654
668
662
672
660
680
682
658
630
578
588
592
600
554
588
610
634
636
602
602
628
642
640
634
592
608
608
618
646
668
660
640
602
624
610
626
638
576
608
624
634
654
686
694
682
656
610
638
648
662
688
712
690
692
622
658
666
672
670
680
632
618
618
632
624
644
664
682
686
674
636
612
628
638
634
634
644
660
626
628
652
652
656
648
640
632
634
650
652
658
670
662
666
674
636
642
590
598
606
594
622
620
622
642
644
630
652
672
704
600
636
638
608
588
582
570
566
556
538
568
574
602
644
622
626
646
600
610
616
642
656
614
616
630
638
642
626
590
596
600
608
620
572
612
626
640
644
630
618
618
560
588
588
588
586
608
646
708
682
688
712
712
660
646
644
660
636
642
648
658
634
630
614
600
614
580
602
618
636
656
652
650
636
626
608
640
636
616
650
584
582
602
606
614
626
606
622
600
598
608
668
598
626
634
648
606
608
634
646
646
636
604
590
564
598
618
628
644
632
638
662
606
622
642
658
686
654
672
678
634
624
628
646
660
614
614
614
630
624
646
632
644
644
628
610
604
574
598
602
640
668
688
704
704
690
678
668
638
636
632
622
620
584
596
588
602
626
642
654
640
620
650
672
666
636
604
606
610
632
636
628
614
622
670
672
674
678
702
510
656
654
672
688
658
630
654
654
640
634
622
612
646
650
646
622
672
680
678
664
658
666
634
604
620
576
592
604
622
652
688
698
684
676
654
648
630
604
604
618
624
620
622
626
614
622
636
652
616
634
660
656
624
630
642
646
628
606
598
590
584
598
602
610
612
632
576
584
586
612
640
650
674
690
690
686
676
660
642
620
620
624
626
628
642
650
650
616
616
618
630
648
666
660
644
692
730
696
674
622
624
602
616
632
672
678
682
632
634
626
634
646
666
684
716
728
716
668
646
628
628
620
632
664
644
664
688
704
610
658
668
674
678
684
680
662
664
664
624
624
624
644
648
628
638
666
678
670
674
644
670
680
686
682
682
660
684
680
694
686
666
650
666
662
664
652
640
668
670
652
618
626
622
650
640
620
654
664
632
652
694
688
644
660
674
670
634
638
650
642
624
596
594
612
612
634
654
666
716
712
708
652
664
676
690
686
710
716
692
702
696
678
656
614
648
634
628
642
664
648
646
654
660
648
616
632
618
636
632
638
606
622
576
606
622
626
622
630
620
614
604
568
580
584
590
610
616
600
628
640
662
660
650
632
606
594
556
584
608
644
690
736
758
696
710
708
718
676
632
636
646
660
666
648
634
660
684
698
668
648
670
690
698
684
644
674
674
674
650
620
664
690
686
682
632
654
662
674
670
642
640
654
680
684
670
660
678
674
666
628
636
648
656
666
646
656
680
686
676
646
662
676
662
632
632
656
636
638
614
612
620
638
638
616
658
680
678
632
622
634
634
676
688
620
712
692
680
660
652
620
596
606
608
620
634
634
634
684
726
752
746
730
730
722
692
654
668
682
680
682
690
722
714
716
672
674
686
668
650
600
614
622
674
726
714
712
756
766
716
682
724
722
708
662
682
692
696
640
636
672
682
644
662
682
688
682
600
640
632
636
618
622
638
660
652
632
634
624
634
644
636
606
620
646
646
654
656
634
606
616
616
614
612
620
608
616
684
754
768
752
698
692
698
676
682
688
654
640
640
626
636
646
654
642
624
620
630
634
634
618
612
624
640
654
670
658
640
656
680
700
708
696
670
686
682
678
648
636
642
650
628
608
596
602
642
706
710
708
668
618
632
646
646
624
610
624
642
652
626
622
640
652
662
648
618
632
642
644
632
608
626
600
606
614
652
706
732
728
756
760
756
712
648
642
656
664
684
698
682
732
774
794
776
736
750
768
766
744
670
692
706
728
712
664
692
722
730
724
670
686
704
720
704
664
680
686
682
642
604
614
612
614
640
664
724
742
672
746
730
724
662
622
644
634
636
622
612
636
674
734
740
754
792
782
742
662
684
704
726
718
706
728
700
674
678
690
710
740
742
726
750
750
734
714
694
712
712
682
652
680
652
652
662
702
712
664
690
712
680
664
622
608
614
636
686
782
818
784
762
784
776
768
746
688
656
684
688
698
656
626
598
592
730
820
796
796
788
784
774
756
754
750
746
740
720
714
704
690
680
682
688
692
696
696
694
678
666
664
674
686
684
688
696
708
706
696
692
656
642
624
632
638
636
608
600
622
618
618
598
608
616
636
644
628
628
652
662
642
638
674
682
686
662
674
676
666
624
628
644
636
630
614
634
618
618
628
656
690
692
706
724
730
708
652
638
654
654
666
654
650
674
682
648
662
696
716
714
666
672
686
692
666
646
672
678
674
640
656
670
680
682
654
676
680
672
644
616
648
654
646
622
650
670
674
668
706
722
736
688
670
678
676
656
654
680
682
698
672
666
704
654
644
644
654
670
664
666
694
714
710
682
710
714
698
660
680
684
682
652
654
680
694
684
664
648
670
680
682
662
688
704
680
632
606
624
640
660
654
694
720
756
716
694
708
688
644
606
584
584
574
564
560
576
580
564
550
562
546
528
536
528
534
520
510
518
524
526
528
536
544
530
518
526
538
540
542
536
552
570
574
588
568
586
598
614
618
620
634
646
662
650
656
662
620
614
640
656
680
646
614
626
610
588
598
620
654
702
708
712
722
710
652
654
656
658
626
626
640
614
622
648
668
666
644
664
674
666
638
650
664
688
658
662
678
682
642
656
668
662
632
654
674
666
622
610
610
610
628
654
664
696
724
730
734
732
708
688
668
666
662
644
650
656
656
674
670
668
676
668
688
692
712
730
736
742
732
700
658
660
656
662
656
684
706
686
648
686
708
702
720
736
744
698
654
658
658
658
636
608
618
624
626
642
658
644
644
660
644
640
640
612
626
646
668
678
680
718
694
630
660
668
622
662
656
628
586
624
608
590
612
596
592
834
794
794
504
532
544
560
590
650
684
682
670
662
674
684
698
672
698
728
714
702
652
632
646
626
606
610
622
596
586
572
602
592
594
614
634
650
636
650
656
656
666
644
660
684
692
668
648
672
672
604
570
574
640
738
766
740
716
714
704
696
680
670
630
608
596
602
610
626
650
676
744
782
770
746
688
640
628
644
660
638
630
646
644
642
666
674
662
636
638
654
642
628
634
660
670
652
626
650
650
624
614
634
650
644
624
654
664
636
650
684
684
662
654
664
674
654
652
682
688
658
648
672
662
646
626
646
632
628
650
650
658
702
710
694
696
712
712
690
666
696
702
680
654
682
700
694
666
702
706
684
658
692
698
686
664
710
708
684
654
682
694
674
660
698
710
678
670
706
708
674
642
662
686
676
666
688
704
702
660
670
672
654
634
602
610
630
660
668
654
680
696
696
676
660
678
670
646
634
648
654
646
636
668
684
664
654
678
718
714
672
704
724
720
706
710
722
706
676
692
700
706
682
692
710
710
680
678
704
704
686
656
700
712
690
670
698
682
660
630
638
660
662
652
650
676
654
702
702
704
748
756
710
702
736
738
712
718
720
716
682
682
700
696
680
660
690
708
710
678
688
694
700
696
660
662
668
656
646
646
680
690
672
668
700
714
686
742
884
752
682
682
710
716
704
680
704
708
700
680
706
720
710
674
692
720
726
698
674
700
706
682
660
692
696
710
680
670
686
662
628
616
634
660
658
664
702
744
740
694
736
754
720
664
658
664
652
632
600
616
606
598
608
650
724
722
680
718
722
702
686
716
720
704
666
630
626
628
624
614
620
650
680
672
658
672
672
630
624
632
626
626
658
688
690
660
676
706
718
690
674
690
684
654
634
692
756
800
748
678
670
672
646
966
894
852
820
788
766
746
790
838
888
888
886
882
876
870
850
838
808
782
772
754
750
738
746
756
750
742
728
734
734
732
706
710
734
730
714
698
714
710
682
694
688
654
666
692
716
686
654
680
700
686
664
692
712
690
660
678
692
688
668
678
700
714
700
686
730
748
732
696
700
714
706
680
684
700
704
688
680
696
694
664
666
680
686
670
716
746
742
748
778
764
708
700
710
694
680
714
730
734
698
698
668
694
702
688
684
724
738
708
700
722
724
700
696
724
718
692
680
684
666
638
618
632
642
634
638
706
762
716
688
718
720
682
646
666
676
658
634
640
674
702
688
672
726
754
734
718
732
746
724
682
694
710
700
672
644
652
646
628
618
620
624
614
620
662
690
728
710
690
694
704
680
660
682
708
712
690
726
786
798
748
704
726
726
704
676
686
706
738
708
722
748
776
740
756
778
790
742
720
742
708
662
678
692
682
716
736
710
688
696
676
646
664
694
718
712
702
748
762
730
734
730
696
700
734
752
734
740
744
722
690
716
720
694
680
718
734
710
686
738
758
738
690
708
700
668
672
690
706
686
696
726
722
678
688
712
702
672
690
708
716
684
658
680
666
654
686
718
742
712
718
742
708
652
658
682
664
636
640
632
632
618
614
598
614
578
554
570
554
544
546
588
628
656
634
608
666
668
662
634
620
644
664
648
624
634
662
616
606
634
674
666
658
698
718
732
698
676
698
706
688
672
704
720
734
704
722
738
726
682
692
706
688
654
652
676
694
666
650
682
702
682
668
702
714
688
674
714
722
698
678
716
728
710
688
720
714
668
682
706
716
688
682
708
712
676
696
728
720
688
718
736
734
698
694
704
676
660
702
748
746
732
764
780
746
746
762
744
700
712
712
682
674
702
712
684
692
718
716
684
708
738
760
728
700
686
670
630
642
672
654
702
720
720
750
728
688
704
708
686
656
694
716
726
696
694
708
706
686
666
680
678
684
658
672
690
686
682
694
692
664
650
656
656
656
644
638
662
676
660
644
676
690
674
654
674
674
656
638
664
688
714
694
704
722
726
684
676
700
684
666
684
698
692
676
712
728
720
686
708
704
678
688
666
668
664
658
656
624
650
680
672
694
728
744
712
714
748
734
700
724
744
718
726
732
726
676
682
706
724
720
712
732
728
694
684
704
714
696
654
682
706
726
702
692
712
710
686
674
702
710
704
688
710
722
724
692
706
736
742
712
716
744
748
722
692
712
720
708
684
694
708
704
676
682
708
716
702
692
716
714
692
680
710
720
722
696
722
736
704
662
660
672
676
644
628
642
648
626
620
600
624
652
664
678
740
768
762
714
688
684
696
708
710
684
714
700
666
692
704
722
714
690
696
692
710
726
736
710
718
736
746
752
722
732
734
694
660
662
682
688
688
670
668
700
694
676
652
660
682
692
690
682
698
708
706
682
698
716
702
674
660
660
664
640
632
666
678
676
666
706
742
708
688
714
724
696
686
740
744
712
740
736
752
732
734
690
650
660
626
644
684
724
728
718
744
760
760
736
730
734
724
692
712
732
710
672
702
730
742
720
686
726
736
722
684
698
708
700
674
668
710
750
732
692
712
726
706
684
716
730
722
696
712
736
742
720
704
726
732
698
674
706
722
728
708
718
728
720
690
690
722
740
710
686
718
730
746
710
712
744
742
702
672
696
714
716
688
670
676
668
652
638
654
678
702
690
684
702
714
690
656
670
676
674
656
658
674
684
668
682
738
782
768
698
728
748
756
714
684
690
704
708
690
680
688
700
648
626
640
630
620
622
610
600
602
598
584
586
578
580
570
548
544
544
536
600
822
762
696
656
664
648
638
654
684
728
748
738
752
772
770
768
762
720
710
716
728
744
746
744
738
700
724
728
730
700
670
708
726
718
684
672
698
710
698
662
666
686
698
678
664
676
676
674
662
636
642
672
702
720
698
692
736
750
748
688
694
704
682
664
646
638
664
684
718
746
868
878
850
842
844
820
754
736
730
730
706
692
716
730
722
692
704
710
704
698
672
676
678
660
634
624
644
660
684
688
680
722
728
706
678
690
696
702
684
692
736
772
746
702
730
740
732
704
686
704
718
718
692
706
726
732
686
666
660
692
724
720
690
702
716
708
686
686
680
644
638
638
644
648
644
658
644
628
640
648
634
630
624
630
622
600
580
602
594
594
584
590
612
622
632
622
622
628
640
644
630
622
644
658
638
618
616
620
616
632
662
682
654
636
648
642
630
604
600
614
634
658
678
720
814
846
768
742
764
760
708
678
682
686
662
644
666
686
704
696
700
734
754
722
688
702
718
716
698
726
744
734
702
718
744
748
710
678
678
672
654
636
652
680
716
716
728
768
780
738
734
738
716
686
688
708
714
700
722
756
774
728
710
740
742
714
674
694
702
702
658
636
662
666
632
626
644
666
658
652
668
688
674
648
650
664
668
652
644
682
714
720
710
720
722
696
670
698
700
684
660
686
708
724
700
692
716
718
694
696
726
732
700
680
702
690
644
628
652
662
684
700
692
716
732
710
696
722
712
674
652
666
660
652
632
630
662
684
688
672
712
726
726
702
680
694
690
676
672
660
640
668
680
686
688
750
792
758
708
742
748
700
688
714
706
664
668
692
682
640
662
690
660
636
626
652
632
636
636
618
620
614
602
600
590
590
584
574
574
570
562
570
562
556
570
568
566
582
578
572
576
558
558
548
538
556
580
642
2176
1306
1058
634
570
566
608
572
574
564
566
570
560
556
568
572
596
636
642
646
642
628
634
666
682
678
660
654
692
726
726
696
662
642
622
602
610
620
620
618
612
658
674
726
756
702
646
598
570
580
580
588
592
604
646
768
828
812
794
800
800
768
696
702
718
740
714
686
724
680
668
658
632
618
612
620
628
634
614
664
706
746
728
714
748
704
692
670
662
652
632
618
616
624
616
596
598
606
606
626
648
668
670
652
684
688
676
664
646
634
634
642
636
608
622
660
698
720
686
684
726
738
732
694
676
704
688
680
654
656
# end time: 2016-06-21-18:58:28, 1466549908.33
