# R wave intervals in milliseconds per line
# start time: 2016-12-06-19:20:52, 1481070052.26
844
764
748
772
796
730
682
684
646
718
1110
1066
1060
1030
1034
1008
944
914
884
858
802
818
848
866
846
842
872
852
834
842
802
768
740
758
778
808
814
816
824
816
820
812
760
768
782
790
786
776
806
798
744
740
754
742
708
682
736
780
764
724
800
842
806
750
802
836
866
784
770
824
870
796
778
814
820
776
742
796
860
926
854
836
836
830
808
766
820
846
848
788
810
874
896
848
820
848
844
812
758
802
846
834
770
788
832
852
790
746
768
820
820
750
732
778
822
836
836
910
932
916
844
812
854
884
854
868
906
942
872
788
818
844
818
766
828
882
910
846
854
844
854
780
808
860
892
798
804
854
852
780
782
810
820
764
776
808
826
782
840
898
916
856
862
880
832
778
826
872
900
858
842
828
778
740
786
824
804
750
776
798
786
746
756
738
728
744
766
756
838
874
858
800
840
858
822
764
816
880
864
796
846
868
830
774
826
856
824
766
816
864
832
784
854
846
810
816
850
864
802
836
912
934
880
840
852
860
834
802
840
858
836
808
840
858
814
806
846
862
808
770
802
818
756
722
756
788
758
744
788
836
844
808
872
886
850
868
928
946
894
798
838
848
834
788
830
876
880
830
852
876
808
820
864
836
764
804
856
862
804
844
870
844
794
828
870
882
832
870
920
896
798
842
882
844
792
822
850
822
788
832
846
790
772
842
864
798
766
826
856
796
742
778
794
770
726
732
720
718
764
776
774
854
906
814
794
834
828
760
758
808
842
780
762
816
838
788
792
842
848
782
784
800
772
724
738
772
766
768
838
900
846
798
824
838
776
770
826
850
818
774
802
832
788
758
782
832
892
816
826
890
864
770
728
736
716
702
680
696
764
822
890
884
838
846
882
886
852
870
884
880
806
812
852
880
840
834
888
898
830
848
882
856
832
852
862
824
768
818
834
810
810
890
904
844
870
920
828
822
842
846
778
826
874
848
778
840
872
808
790
840
852
828
798
826
838
808
818
858
830
768
798
838
814
808
866
876
806
766
790
780
756
720
752
798
840
818
808
870
890
806
784
794
732
714
710
696
692
740
834
848
846
902
918
884
766
798
832
816
780
838
886
810
792
842
850
764
744
790
810
798
758
822
872
848
788
862
892
888
828
854
878
872
824
836
850
852
824
834
858
828
774
816
864
820
748
808
736
728
748
804
804
786
844
864
806
780
814
836
812
800
870
904
864
792
830
874
862
816
826
866
886
838
824
872
864
808
802
838
872
820
784
816
830
788
750
786
830
822
830
876
926
860
814
840
834
794
792
822
810
782
818
868
818
796
838
858
816
792
844
852
770
726
738
730
714
688
732
870
956
862
880
948
894
802
828
864
854
798
836
870
864
792
832
888
916
848
850
890
888
802
832
866
844
790
840
864
820
794
836
880
810
804
860
872
800
814
860
846
790
782
802
796
756
762
762
736
738
800
872
862
806
834
860
806
798
828
812
766
762
816
810
760
784
812
814
774
814
886
834
790
834
828
772
782
786
718
818
740
764
704
718
698
706
694
680
678
694
678
686
682
692
692
702
700
706
708
708
706
706
702
694
666
668
666
672
666
636
722
1068
1010
938
920
924
910
914
792
708
732
746
790
910
964
964
936
812
780
810
848
890
934
840
760
748
794
816
824
756
744
754
774
786
820
828
782
776
826
882
876
820
798
828
848
818
766
776
818
852
822
772
794
830
854
812
778
810
858
874
820
812
854
870
832
788
814
856
838
796
808
844
852
830
802
830
838
798
778
824
834
790
756
804
794
746
766
816
838
786
766
802
812
772
748
782
816
838
796
826
854
866
806
794
812
790
754
762
808
844
822
814
846
840
790
740
738
744
712
700
722
756
742
724
748
790
758
752
792
804
750
736
762
770
752
710
720
744
732
702
700
692
706
764
772
772
844
878
818
782
832
838
800
788
846
868
798
786
848
878
798
770
822
858
834
776
818
860
846
774
816
866
830
792
840
862
822
792
842
852
796
786
842
846
788
784
818
816
758
778
830
856
804
790
828
818
772
788
836
824
772
804
850
820
802
850
884
816
780
814
832
788
798
856
890
832
794
834
856
816
756
796
826
796
810
904
910
862
788
826
830
816
762
820
890
856
812
734
732
738
758
736
768
806
844
786
794
838
850
814
748
744
750
758
742
760
816
880
864
808
840
884
884
804
788
822
824
758
728
754
822
806
792
790
750
758
788
766
758
786
848
822
782
820
848
808
778
844
928
896
850
898
898
818
786
838
824
762
828
880
864
812
868
916
874
798
856
870
840
800
858
894
884
810
858
882
846
796
824
846
840
790
798
852
854
792
826
850
832
790
804
864
860
794
808
832
812
772
798
846
856
814
846
880
872
818
802
840
858
818
836
870
862
802
804
836
840
788
764
794
800
768
758
794
850
844
812
838
840
804
772
800
820
812
780
812
812
762
730
740
690
664
694
720
770
812
826
774
708
718
716
742
742
704
740
748
762
748
726
762
798
810
800
762
724
740
762
776
798
810
788
814
866
890
864
792
802
822
816
754
756
786
812
820
790
818
862
872
814
782
808
782
728
728
754
772
768
724
698
688
676
678
688
664
696
736
738
730
714
702
690
736
834
890
778
758
798
798
776
752
754
764
728
724
758
802
802
740
776
810
806
772
804
844
874
868
814
786
814
820
810
788
768
802
820
798
746
768
800
804
780
772
808
832
796
766
802
822
802
768
798
828
838
774
766
804
852
830
786
826
860
854
794
810
842
810
764
796
846
876
824
810
822
832
786
762
788
806
766
740
814
878
830
810
894
948
886
840
866
870
808
782
816
838
800
770
800
818
810
764
780
812
798
762
772
808
824
778
794
846
864
816
774
804
816
812
758
764
774
784
768
780
806
794
750
776
796
790
736
734
770
814
800
764
810
836
810
766
800
828
830
760
748
788
806
768
748
792
810
776
752
794
808
792
764
804
828
796
754
782
804
760
734
768
790
770
730
744
792
844
802
778
812
844
802
796
828
840
788
768
816
840
788
750
772
786
740
720
752
804
840
790
796
844
856
808
768
794
814
782
780
820
836
808
768
804
830
794
746
758
784
804
776
772
800
836
800
792
840
832
762
728
754
766
738
734
766
780
738
728
756
782
744
722
762
754
722
698
704
720
756
748
770
818
848
816
770
804
816
762
712
726
750
766
744
764
822
842
798
806
808
780
746
772
796
796
728
720
732
740
726
706
722
698
686
692
708
700
686
710
704
720
668
674
686
704
716
718
716
772
800
810
760
742
770
772
738
706
710
726
738
734
782
774
764
802
836
764
766
790
750
718
758
792
814
798
788
866
908
892
854
842
798
724
732
752
780
784
772
750
832
918
898
816
820
852
862
830
800
876
922
908
838
812
864
844
804
854
874
810
746
774
780
728
696
700
696
672
696
1050
990
934
910
816
782
784
# end time: 2016-12-06-19:41:11, 1481071271.47
