# R wave intervals in milliseconds per line
# start time: 2016-11-22-16:42:35, 1479850955.81
728
698
680
730
776
760
808
822
830
634
648
642
668
644
682
718
724
676
642
658
688
720
754
722
680
722
758
790
808
746
794
840
870
782
754
826
894
924
852
826
854
862
844
786
806
844
846
804
846
890
892
856
824
852
860
852
754
774
866
920
938
874
888
906
880
782
838
878
890
852
900
926
916
868
890
906
832
842
876
904
918
854
866
886
862
888
936
902
890
854
784
784
844
826
770
826
866
890
882
806
780
836
864
846
790
814
834
832
752
804
894
958
912
942
974
972
924
918
932
856
774
824
834
858
918
942
890
894
902
860
880
918
898
926
942
938
890
926
930
892
864
876
892
886
804
866
870
786
852
900
908
872
808
850
874
880
812
842
884
874
804
828
860
854
796
882
928
882
920
956
968
928
910
920
920
840
734
724
692
660
666
708
836
938
938
926
924
946
928
866
878
884
890
846
856
896
914
926
890
884
906
912
868
808
864
884
902
890
840
876
892
842
832
856
858
808
784
828
844
764
784
854
892
816
744
814
852
870
826
866
884
864
782
774
790
808
806
754
766
766
714
696
680
786
838
846
792
768
814
850
850
768
794
814
824
774
782
822
812
758
762
816
868
836
844
880
888
836
834
854
848
830
840
868
874
832
772
800
832
856
876
884
912
932
880
870
914
912
840
848
854
862
792
748
806
846
884
810
868
912
934
892
900
890
864
786
754
786
772
716
656
654
642
692
732
714
764
842
876
792
816
846
800
784
726
700
658
688
720
744
754
758
690
642
658
710
784
782
790
846
918
908
920
914
904
858
828
834
832
844
856
858
874
886
910
876
826
846
870
884
862
864
900
926
908
884
878
866
774
720
754
734
702
670
766
904
918
894
812
810
824
786
726
736
818
864
826
772
818
868
880
822
820
840
846
856
792
782
826
830
800
786
858
902
916
888
868
888
898
894
876
784
804
850
884
864
838
880
916
854
842
878
888
814
760
820
876
870
800
826
842
784
736
788
848
860
786
820
862
860
768
788
832
814
778
836
868
868
822
816
850
864
826
846
868
876
834
818
822
826
810
760
826
870
876
788
790
840
862
800
720
752
800
856
854
792
772
796
786
714
684
714
732
692
656
676
788
884
898
864
854
886
850
812
738
756
804
830
788
792
832
822
766
802
846
818
750
746
774
790
736
698
726
684
666
720
768
786
792
810
844
844
832
732
710
734
772
830
818
764
778
810
776
694
716
778
850
852
764
808
856
858
864
822
860
882
894
854
746
786
816
848
774
836
878
904
878
860
876
884
846
824
828
832
772
776
846
872
844
750
758
794
840
786
792
824
824
736
748
800
834
772
752
794
832
788
746
798
836
850
758
726
778
816
814
744
752
790
810
730
674
700
676
682
742
832
860
834
872
884
870
814
774
796
816
780
724
770
838
884
840
856
888
892
838
782
820
844
830
750
760
802
780
720
792
858
892
852
750
754
778
806
784
756
798
810
850
878
854
850
864
868
848
790
818
838
832
782
808
826
792
836
872
914
928
882
858
880
872
804
758
790
808
782
740
784
850
798
710
728
756
716
676
682
726
700
708
734
740
716
732
768
802
834
842
800
818
842
838
780
792
824
840
814
748
776
828
858
806
826
848
860
832
764
768
810
844
770
762
826
878
862
802
842
840
776
746
782
792
780
726
712
802
854
874
776
736
790
822
856
778
786
830
850
796
722
766
850
932
872
874
920
934
864
776
744
780
812
760
710
764
844
890
902
908
884
828
834
814
750
720
786
870
874
864
886
910
904
862
776
748
766
802
778
766
802
856
834
764
748
748
770
718
696
684
766
804
828
796
724
776
828
858
820
744
708
700
794
792
882
942
966
952
884
744
724
734
750
734
732
688
690
802
894
958
810
720
752
806
824
806
732
702
714
742
716
712
756
786
778
824
856
872
790
814
840
820
818
822
858
866
862
872
894
914
878
878
888
892
804
836
870
886
848
792
810
868
896
854
758
816
874
904
792
776
838
880
838
742
816
874
732
692
672
774
760
738
704
732
704
648
636
602
588
592
586
596
630
704
760
746
776
802
834
830
774
806
848
806
764
778
790
706
672
660
678
740
746
750
792
792
738
678
704
734
772
710
660
662
702
752
702
684
664
678
738
724
760
818
844
856
806
788
798
796
712
714
760
790
834
752
738
800
822
854
804
830
806
796
726
660
676
806
950
944
800
818
874
890
898
884
838
806
820
830
872
880
908
930
916
850
852
898
904
914
890
806
826
870
912
918
904
846
846
884
826
780
834
868
880
868
840
852
852
870
834
862
884
844
830
844
830
780
818
870
884
860
862
858
852
788
712
732
776
894
878
876
934
948
904
800
798
750
802
856
866
822
802
836
852
826
776
790
818
766
752
782
906
942
928
870
896
916
888
786
798
852
834
740
722
842
942
920
944
960
938
846
832
828
810
738
730
758
784
734
790
872
908
856
862
854
824
720
656
652
614
862
752
788
756
630
642
634
636
652
634
622
610
604
642
652
662
684
708
742
730
694
664
666
692
742
790
812
848
868
876
872
854
826
782
718
710
748
782
810
798
702
688
712
738
718
672
692
722
766
718
806
752
744
794
778
782
812
810
786
686
646
650
690
730
706
758
792
752
688
726
756
748
740
746
746
742
750
732
722
774
780
722
848
864
882
850
818
764
748
728
738
752
740
736
756
760
776
782
750
710
696
686
684
672
652
632
632
672
686
700
806
834
772
716
760
746
724
706
692
690
682
750
802
826
820
792
740
746
774
836
892
860
840
864
862
878
822
858
870
866
820
838
890
904
882
776
754
782
796
806
826
824
808
762
794
802
764
798
760
804
828
854
800
716
746
752
756
742
706
650
720
684
666
634
620
650
764
# end time: 2016-11-22-16:59:38, 1479851978.01
