# R wave intervals in milliseconds per line
# start time: 2016-03-13-20:00:24, 1457913624.48
1596
958
672
768
752
736
802
826
752
748
702
742
750
752
742
746
864
872
858
816
844
826
776
720
736
806
754
772
762
838
846
764
758
782
824
772
736
770
790
762
702
714
778
762
706
704
770
790
734
668
832
776
706
714
754
784
838
830
816
844
866
850
792
776
790
822
832
782
778
828
838
880
812
840
866
872
828
756
812
864
890
930
850
938
914
858
816
814
834
832
804
774
830
856
844
780
802
842
852
774
752
836
914
862
926
930
918
844
858
824
800
738
726
786
846
864
816
828
906
894
858
848
870
892
864
752
772
768
884
866
866
970
946
882
888
896
896
812
718
766
780
736
750
846
868
866
930
926
920
912
910
970
934
834
844
908
988
1004
990
904
832
896
898
894
920
932
924
908
886
898
908
888
886
778
726
736
690
680
670
702
812
838
742
838
852
892
826
750
766
774
792
766
742
780
834
878
880
776
744
816
818
802
780
784
792
778
700
722
766
798
794
730
740
760
782
740
716
720
748
748
732
712
706
744
756
750
704
728
792
778
714
756
776
702
680
678
696
722
638
636
630
638
866
866
892
892
882
880
892
874
882
902
896
922
924
934
932
924
884
926
918
912
882
876
886
902
800
848
894
872
778
796
838
860
858
750
800
838
862
816
788
856
910
822
812
808
852
788
732
792
836
860
780
756
804
822
802
760
828
844
804
774
770
798
834
826
762
810
832
882
804
756
796
806
780
754
730
788
834
788
728
738
758
780
836
798
776
826
846
808
796
810
832
830
762
750
784
810
854
750
720
740
790
832
790
784
814
870
838
754
820
820
834
770
800
850
878
826
818
886
916
902
880
898
886
866
768
826
822
750
728
784
784
722
678
722
752
744
818
874
880
856
826
836
834
818
802
756
790
806
806
762
840
896
860
818
862
866
832
790
826
818
808
758
804
896
826
804
702
784
818
834
806
744
790
780
792
768
816
902
876
788
794
738
734
694
698
654
656
718
680
734
708
664
704
670
664
712
690
750
766
798
758
694
716
738
766
732
752
784
844
850
802
788
836
806
748
784
812
850
788
766
834
870
856
806
804
796
854
760
722
744
806
780
772
768
798
760
712
782
782
796
728
754
778
798
702
752
800
792
696
712
732
776
738
740
778
794
712
720
730
760
746
704
702
686
662
646
676
708
722
780
750
830
710
746
728
720
682
680
712
766
746
750
750
800
788
758
734
756
746
698
720
756
774
760
722
720
702
782
772
782
764
736
762
752
670
644
652
644
838
884
870
918
876
832
726
674
726
778
830
934
982
954
946
934
920
884
898
898
902
906
900
916
912
914
876
872
868
852
882
830
788
802
860
898
934
898
860
924
892
816
866
878
772
712
700
762
834
828
768
822
846
796
744
782
846
902
856
800
820
864
834
758
790
814
822
750
802
882
878
810
794
812
878
740
666
812
802
802
782
740
710
734
762
770
778
754
842
914
936
896
940
930
916
878
826
846
868
856
844
936
954
898
930
918
820
766
758
732
740
806
780
720
752
858
866
800
782
804
798
784
720
712
766
810
852
846
740
782
786
814
768
806
882
924
860
866
880
944
846
828
834
882
868
794
852
928
884
822
892
912
898
880
848
896
898
860
792
826
858
884
820
832
878
864
812
878
900
800
834
868
836
774
828
878
788
754
720
836
864
796
762
812
862
838
784
836
892
920
874
834
870
838
714
676
728
678
736
800
742
770
870
950
930
856
896
906
926
892
908
912
906
830
740
726
766
842
892
770
706
746
770
796
750
750
810
838
786
738
798
812
720
710
788
834
870
834
766
844
858
876
758
786
840
866
800
808
842
860
820
756
804
858
892
782
802
866
900
798
860
866
856
764
748
882
928
808
850
888
892
840
836
888
828
702
758
792
902
780
682
716
750
824
748
742
760
818
760
752
802
796
790
706
690
708
740
752
704
726
786
820
834
798
812
756
746
724
730
700
680
714
742
756
756
796
818
792
818
764
800
800
720
682
732
738
684
734
744
786
864
752
768
764
784
728
718
750
824
816
744
792
766
796
722
748
780
782
734
744
706
704
720
734
700
726
750
732
672
674
720
672
664
652
672
678
632
644
708
616
666
636
650
610
622
642
646
648
628
622
676
634
634
634
606
606
626
898
846
876
846
820
786
768
768
780
708
696
728
774
818
898
916
904
940
566
686
830
770
724
686
678
696
734
758
792
788
794
806
842
900
916
930
918
872
894
870
866
816
736
750
770
798
866
784
712
732
734
768
736
682
680
740
792
834
780
814
858
800
752
760
770
750
708
720
776
842
876
822
848
884
818
748
730
714
728
798
770
724
738
832
804
782
754
770
802
708
724
700
684
734
778
790
774
804
746
754
764
756
764
712
784
734
758
692
666
642
726
634
630
698
706
670
678
750
784
774
728
732
748
770
726
726
718
734
710
710
662
752
762
764
688
766
784
772
746
750
754
842
818
704
690
722
734
702
682
688
698
704
662
664
688
710
722
724
738
704
632
680
666
682
658
670
642
660
610
630
598
588
616
624
626
648
678
654
622
638
638
600
600
576
614
626
664
738
766
766
798
796
746
726
762
814
844
822
792
732
666
644
626
646
732
812
838
830
784
740
758
816
880
908
850
850
848
828
808
750
714
788
870
832
924
848
816
732
762
808
848
792
882
924
902
852
818
# end time: 2016-03-13-20:18:19, 1457914699.14
