# R wave intervals in milliseconds per line
# start time: 2016-07-18-18:30:54, 1468881054.06
610
576
582
590
600
594
594
590
582
586
606
606
602
598
582
564
568
580
590
606
618
602
608
616
616
604
590
616
626
642
652
626
626
634
618
608
586
602
602
598
574
566
586
602
626
634
626
644
668
686
678
644
638
614
632
638
632
622
586
604
618
642
628
612
644
662
666
652
660
660
646
622
616
630
638
654
666
664
640
654
668
678
656
640
668
682
682
654
622
636
646
662
648
624
636
648
650
630
616
642
646
654
652
642
616
592
604
620
648
648
626
596
584
588
596
606
610
594
594
612
636
654
644
614
632
660
686
692
662
696
714
732
726
672
648
658
658
656
646
660
686
704
698
668
644
646
640
646
634
610
620
624
664
712
724
704
710
706
702
666
626
632
642
656
654
640
666
702
722
690
664
664
664
662
624
602
600
602
624
624
612
636
688
722
686
696
704
710
698
664
624
632
648
674
686
664
648
664
674
690
676
654
678
692
692
662
656
670
678
678
688
686
666
694
720
732
718
668
682
692
696
684
642
642
658
674
716
694
688
728
742
722
670
678
672
666
648
638
650
666
664
648
676
710
714
678
634
626
630
626
632
624
638
664
692
662
634
646
654
652
634
644
654
656
620
626
644
650
670
652
630
650
654
650
632
614
628
634
642
622
612
630
636
642
618
608
618
622
616
608
614
624
616
586
582
594
602
544
542
544
564
550
538
536
544
540
524
516
510
510
514
544
564
578
572
558
554
566
580
578
564
574
594
578
566
556
556
562
544
544
562
582
588
594
624
650
688
700
654
664
658
638
598
622
626
632
644
622
636
658
654
634
630
648
660
686
660
620
630
636
636
622
602
618
644
674
654
680
690
672
666
680
676
644
632
648
678
702
682
688
704
698
670
670
658
650
626
610
620
654
694
714
718
740
752
734
684
680
672
664
642
628
642
646
658
736
684
672
684
668
696
708
730
708
686
692
684
662
642
656
660
632
600
596
620
664
680
664
710
720
712
674
690
698
694
660
634
644
648
662
650
652
678
700
696
680
696
702
702
672
666
680
692
692
670
684
700
706
668
660
674
684
666
630
636
650
664
664
624
638
654
676
656
640
672
690
712
698
668
692
698
692
662
640
644
644
644
634
678
720
756
714
694
706
714
674
642
664
656
642
626
640
662
668
646
648
678
682
684
652
668
690
710
722
684
686
680
662
634
648
672
686
684
660
642
652
646
628
604
616
636
670
718
714
696
674
638
616
600
596
588
564
560
580
590
600
604
584
608
624
602
580
572
586
578
562
540
556
572
590
608
598
616
636
664
640
604
622
624
628
612
596
606
610
614
610
590
602
612
616
620
604
618
626
630
610
598
618
632
622
622
642
652
640
616
610
620
618
600
590
614
586
588
604
608
588
560
572
574
586
592
588
590
610
620
620
594
592
600
606
608
598
606
632
656
672
652
662
658
660
632
606
622
624
618
606
612
644
690
714
676
652
678
696
692
646
642
656
668
660
622
624
650
688
684
646
652
674
694
684
656
688
706
706
680
682
702
722
706
674
700
746
760
708
654
658
662
674
640
602
586
604
616
652
666
654
692
700
692
638
622
616
608
584
560
586
594
600
600
588
610
632
642
662
644
622
606
594
586
590
612
626
628
628
608
616
628
620
608
596
616
640
666
628
618
616
644
658
648
642
650
640
622
586
582
598
608
642
682
676
670
678
674
672
646
648
642
646
630
612
620
642
652
652
646
654
672
656
630
638
652
662
656
626
638
648
666
648
646
658
658
652
630
638
654
660
644
618
622
632
638
626
616
634
634
622
606
624
646
682
720
716
700
702
722
730
710
672
668
686
686
658
616
620
636
638
630
612
620
636
666
660
632
634
648
642
646
618
632
646
662
684
682
692
702
690
658
648
650
654
640
618
628
640
660
640
634
652
670
674
660
650
664
660
636
610
614
620
630
608
610
630
644
652
632
630
646
642
618
614
630
644
624
608
626
642
660
644
658
672
686
650
624
650
660
626
616
598
578
594
612
632
638
618
640
660
662
656
632
646
652
658
648
626
636
654
662
644
646
666
668
656
636
640
644
644
612
608
626
634
644
624
626
650
664
650
624
630
644
622
594
582
594
608
624
624
600
620
646
652
626
610
620
628
624
600
606
620
628
650
626
620
642
664
674
640
640
646
646
642
626
614
642
652
666
648
644
678
700
694
682
672
634
616
624
644
644
674
700
718
684
668
682
698
708
664
626
640
636
630
612
624
678
694
736
720
676
678
666
660
632
616
640
652
674
658
680
704
718
704
664
650
650
640
616
602
620
644
680
692
678
706
726
726
692
686
684
688
660
660
678
704
714
672
690
702
714
690
670
672
684
660
640
660
688
698
682
708
716
716
670
672
676
670
648
634
658
660
644
626
640
652
654
638
652
666
664
654
622
628
636
646
638
626
640
678
696
666
650
672
684
680
656
642
658
652
646
622
610
634
668
688
674
634
646
646
646
624
618
632
646
646
628
628
652
680
686
670
642
648
658
654
630
602
980
734
680
652
664
684
686
668
660
668
678
658
640
640
650
636
612
626
640
652
636
660
682
680
648
630
646
650
636
618
642
652
648
628
628
640
662
650
644
654
680
682
656
618
622
636
650
670
674
644
652
654
646
626
614
636
658
682
692
674
676
692
694
666
638
638
648
660
672
664
660
654
632
628
638
654
652
622
638
642
654
634
644
654
666
676
674
700
716
710
670
642
632
624
604
582
596
604
628
666
708
726
692
710
720
706
656
626
634
630
630
630
642
686
728
732
712
734
740
708
664
670
666
660
636
626
646
668
674
666
668
708
724
704
666
686
692
694
638
612
610
612
624
636
634
612
628
654
684
656
614
618
644
644
632
606
588
598
610
612
604
588
600
614
630
644
632
648
656
656
646
618
606
606
602
586
586
600
608
646
676
690
658
630
642
634
630
606
582
592
608
606
612
618
640
662
650
636
642
652
652
630
608
616
636
648
668
662
656
678
698
688
654
642
640
636
650
656
660
684
670
644
658
654
654
642
636
654
672
694
676
622
612
610
620
628
632
640
666
686
682
662
680
684
680
650
640
644
656
654
654
636
638
646
646
624
642
670
688
684
656
670
670
660
640
622
632
632
632
620
612
622
630
620
604
618
634
652
636
628
650
668
658
626
648
652
638
614
600
608
610
600
596
608
620
636
626
610
622
630
634
628
604
612
614
608
604
590
602
600
604
588
580
582
590
590
584
588
608
608
598
588
602
606
604
586
586
592
590
588
562
568
574
584
586
580
594
610
608
610
594
594
608
606
600
572
564
576
598
614
578
570
520
508
552
554
554
530
530
532
526
516
510
508
510
514
516
502
502
506
504
508
502
518
526
524
528
552
576
562
542
538
548
550
528
538
540
536
532
526
512
506
514
518
522
532
546
554
566
554
540
528
538
550
574
582
582
588
598
598
600
604
590
576
570
564
558
548
552
562
550
552
574
570
592
600
618
594
568
568
574
606
616
622
630
624
612
598
592
584
580
568
574
594
624
608
616
624
604
578
602
608
594
592
598
610
618
592
600
610
618
610
608
600
596
564
562
580
588
588
598
612
622
620
624
638
650
652
632
646
650
622
606
612
624
632
588
578
590
608
624
638
624
598
564
560
550
558
628
656
680
664
644
632
630
632
608
598
616
620
626
638
660
684
670
622
618
626
614
600
624
624
634
620
596
600
618
640
648
646
634
612
592
584
586
596
608
638
666
656
666
650
656
640
620
620
620
620
616
616
624
634
632
622
632
636
644
650
660
668
672
632
616
620
618
598
584
592
602
614
616
620
640
670
672
662
680
702
684
650
656
656
650
614
602
620
638
646
640
624
638
654
654
656
632
618
622
632
636
616
616
620
614
604
598
612
628
630
640
632
622
626
640
654
672
662
628
630
638
652
666
650
662
660
662
654
628
630
640
656
674
650
652
650
664
650
628
628
642
646
650
622
632
650
664
666
638
616
624
626
624
618
596
596
600
614
624
630
656
680
670
638
634
642
634
616
616
626
632
624
624
654
692
702
706
720
726
684
634
638
624
610
606
614
642
658
644
666
690
690
684
648
660
668
652
622
624
602
588
558
572
586
576
598
620
622
618
602
596
582
600
600
596
608
612
622
636
632
614
612
632
632
628
636
640
636
656
640
626
636
640
638
646
650
644
658
680
660
632
608
574
572
584
602
610
624
646
642
634
626
640
666
690
686
696
688
660
682
688
670
674
690
698
682
694
720
682
642
638
644
640
608
628
640
654
642
612
620
630
632
642
626
622
644
668
666
646
672
690
692
674
686
682
650
616
612
632
632
628
652
676
670
658
670
672
648
672
670
648
640
658
652
658
708
724
732
728
704
650
644
654
640
630
658
700
684
668
684
688
690
696
694
666
666
680
696
684
674
684
684
666
660
666
678
676
642
658
674
650
616
600
614
620
620
614
620
648
654
656
630
644
654
656
632
620
630
636
636
616
612
610
606
622
636
662
688
696
682
704
730
726
684
670
670
676
652
626
652
682
696
682
716
768
786
756
722
710
692
654
626
652
690
714
722
726
734
716
678
666
690
668
634
642
674
696
692
712
718
718
682
674
698
682
638
622
636
654
678
674
694
708
668
612
640
648
630
598
590
592
592
596
580
586
592
596
614
620
618
598
580
594
594
596
606
622
628
668
684
702
700
688
670
668
684
696
684
688
708
704
680
680
682
682
680
704
730
742
712
688
684
672
646
656
674
668
680
708
710
696
704
672
650
650
628
634
664
698
700
684
696
698
674
648
660
686
700
654
632
634
624
628
638
662
660
620
614
620
598
570
580
582
612
640
638
634
658
632
620
642
638
608
588
596
614
624
646
694
748
730
708
726
748
736
718
744
762
724
676
668
666
656
686
738
780
800
798
768
754
732
720
732
736
750
756
718
706
726
730
718
682
712
720
706
672
666
666
692
718
704
708
716
690
694
704
712
670
638
648
668
668
672
718
742
714
672
680
698
694
670
656
666
680
656
662
698
724
700
696
726
730
702
704
718
716
678
684
714
724
706
690
722
752
734
710
734
730
706
672
676
722
754
758
718
758
788
748
694
696
704
708
652
612
640
654
660
690
734
738
754
754
722
684
682
684
690
700
684
684
694
678
686
708
730
706
696
702
702
692
684
686
676
650
648
664
660
666
684
680
660
666
686
710
690
678
696
696
680
650
638
668
688
678
650
660
666
664
630
638
666
670
652
648
682
688
662
662
682
674
666
700
708
680
696
702
660
632
644
684
720
708
752
762
742
700
688
692
694
678
696
748
770
740
740
738
712
674
670
678
686
674
670
704
732
726
674
670
672
664
644
626
652
688
704
700
722
752
718
668
664
664
638
638
676
700
708
698
720
734
702
662
672
676
656
670
706
726
710
692
714
710
682
652
668
690
682
672
686
722
706
680
666
674
672
644
644
672
664
660
684
708
710
668
662
666
660
646
622
642
660
680
670
636
640
648
666
672
690
724
752
746
706
708
706
708
664
620
622
598
604
614
656
684
718
768
766
754
704
700
684
692
666
668
710
730
702
702
752
776
740
732
752
764
728
692
702
732
744
714
706
762
788
756
736
764
784
720
664
654
668
678
638
624
620
636
670
672
686
706
712
670
666
682
660
668
686
706
708
722
742
702
704
724
722
710
672
666
678
686
692
670
654
656
676
686
706
706
676
672
678
694
678
662
680
684
680
672
682
702
696
662
672
682
696
710
700
704
742
764
782
746
720
750
732
700
670
672
704
746
782
756
784
812
802
778
752
762
734
704
684
734
758
746
702
722
754
744
694
670
690
732
762
748
718
762
800
770
718
716
740
776
732
718
770
800
802
722
700
732
742
706
650
664
698
744
748
702
728
748
776
728
668
680
710
758
824
748
732
738
748
726
674
644
624
608
620
728
792
822
828
812
806
782
762
746
730
724
720
726
736
738
744
744
744
732
700
680
658
670
688
714
752
778
770
760
750
720
700
694
696
690
672
670
682
690
694
698
702
712
708
698
688
676
670
664
662
656
666
664
666
684
704
732
728
700
684
668
658
646
652
658
660
654
646
674
682
646
610
606
600
596
586
582
616
638
650
640
652
666
654
634
650
670
664
644
648
676
664
644
684
708
724
698
710
720
686
642
648
668
664
646
668
684
678
662
670
690
680
670
668
678
674
668
662
702
694
682
674
686
692
660
644
664
672
678
644
654
674
668
652
656
670
670
656
634
654
674
698
678
684
718
730
692
650
662
676
664
652
652
692
734
748
710
734
752
718
676
654
668
666
662
632
650
666
642
634
664
686
692
686
698
690
674
684
684
668
640
646
664
682
714
720
730
738
730
734
728
700
698
718
706
674
682
702
704
690
654
642
648
680
664
666
672
672
662
640
664
674
670
648
630
648
640
624
604
610
606
598
588
598
590
582
580
594
606
638
668
728
750
718
684
680
688
694
670
672
686
688
670
680
710
718
726
740
746
710
698
708
696
694
704
700
674
640
656
676
684
680
708
750
744
700
700
682
660
612
606
624
638
654
646
672
704
722
712
680
692
696
674
634
642
662
652
666
698
710
696
684
708
714
714
674
682
682
656
620
620
644
660
686
690
728
754
752
734
714
724
674
650
614
618
640
654
712
772
772
726
720
740
722
700
674
684
714
712
700
722
732
714
704
716
720
698
662
666
676
680
664
670
702
726
694
682
710
700
670
680
688
696
682
668
692
716
702
682
714
722
686
666
696
696
660
644
666
684
680
670
700
716
698
650
674
674
654
624
634
664
672
674
712
724
708
704
722
730
684
684
688
682
652
660
684
710
694
676
718
726
684
648
666
644
646
626
624
600
580
572
556
598
610
608
594
600
592
584
574
580
576
576
578
594
606
608
638
668
684
704
730
734
744
734
712
702
682
652
622
608
584
598
632
662
718
714
684
654
678
706
662
682
678
670
644
654
670
670
664
710
718
692
702
710
700
646
654
676
666
632
648
662
668
720
720
732
724
700
664
636
638
638
650
622
638
666
708
734
704
748
760
698
648
652
626
612
604
586
588
600
632
612
592
588
600
590
584
606
600
588
626
626
646
626
622
618
650
640
632
612
638
654
672
678
662
670
642
610
616
630
626
624
634
654
656
682
696
670
672
702
706
700
656
642
660
660
670
660
678
714
726
712
690
680
710
702
668
666
686
706
718
730
770
760
694
694
692
698
712
726
694
692
706
728
740
742
694
684
684
674
646
628
628
646
684
714
710
678
696
724
740
698
676
694
716
714
674
660
682
688
676
654
636
670
706
746
712
702
740
736
698
690
708
708
692
682
696
736
774
746
680
694
736
754
766
740
684
674
686
698
718
694
674
706
708
694
710
764
770
738
692
692
730
758
724
684
710
722
710
694
710
730
744
714
694
718
726
706
658
696
718
710
670
650
666
682
708
674
640
626
612
606
624
644
652
638
608
632
652
676
676
646
642
662
684
700
696
674
702
708
702
658
652
686
708
688
706
754
782
750
702
708
704
688
692
730
756
764
732
734
750
738
688
678
696
692
656
638
668
684
656
646
688
742
766
722
708
724
722
682
648
668
686
682
662
692
722
704
660
664
688
698
682
654
656
694
718
696
672
708
714
672
644
662
636
630
622
622
650
710
758
736
758
778
756
698
700
726
734
712
738
778
746
680
684
710
722
700
682
720
750
736
698
738
762
768
718
688
712
720
732
706
716
736
742
730
682
702
718
734
734
688
684
698
702
690
658
680
708
722
720
704
748
770
772
730
702
718
716
702
674
718
740
752
726
728
746
736
694
696
734
756
738
702
706
704
664
636
650
674
672
658
636
648
652
648
612
586
586
596
614
610
604
624
642
636
610
606
626
632
622
602
614
626
638
628
608
604
626
642
668
680
702
720
688
672
696
700
700
662
668
682
694
676
666
702
722
730
704
718
730
716
670
680
708
720
702
688
716
748
736
698
722
738
714
678
688
706
704
660
640
668
692
704
678
702
734
740
706
720
722
696
656
674
708
706
690
722
762
754
704
704
698
692
658
624
630
634
630
622
648
702
754
772
756
764
772
754
690
660
674
668
658
642
646
678
674
664
682
694
678
672
688
698
698
662
640
660
640
624
620
650
674
658
656
672
664
662
688
704
702
700
712
690
660
628
632
616
614
612
654
664
648
640
648
658
706
742
766
740
674
656
684
696
726
706
698
768
816
826
772
734
748
768
762
758
796
800
782
750
754
766
760
728
740
752
764
762
768
788
798
780
774
780
758
740
752
766
764
736
732
746
756
728
720
758
730
678
624
632
644
632
626
638
680
710
754
736
690
658
644
626
636
648
684
840
810
760
738
704
676
664
650
646
660
686
700
690
676
674
666
656
648
648
648
644
634
638
636
654
654
650
632
604
588
604
606
616
626
628
614
626
638
636
640
654
666
694
714
722
708
714
700
686
664
648
644
642
638
656
674
696
704
702
706
674
632
606
614
610
616
602
600
604
610
630
658
736
748
770
760
722
680
680
656
622
606
606
602
598
594
602
624
636
620
626
644
650
656
662
662
678
678
676
684
676
660
672
690
710
702
692
700
682
662
638
606
608
618
652
694
756
786
784
774
764
766
746
726
720
722
706
702
708
704
700
670
644
658
674
688
668
654
664
664
672
652
632
626
620
632
658
672
694
692
680
694
696
678
654
650
660
676
702
712
700
648
648
664
666
676
656
648
680
684
690
674
688
718
714
720
732
706
666
670
684
704
726
708
666
672
678
676
652
676
720
754
732
740
768
778
744
722
740
750
740
728
756
780
796
768
748
770
768
748
700
726
742
710
654
656
684
696
694
664
666
692
722
714
684
684
692
706
684
650
660
672
686
684
680
718
748
718
682
702
696
654
610
624
646
674
688
668
666
658
652
648
648
630
648
670
674
678
656
640
640
666
672
676
694
710
714
686
700
734
760
750
726
748
748
718
700
718
754
760
720
732
760
776
754
758
728
698
672
652
664
678
718
698
692
666
648
644
682
704
734
744
728
728
720
704
708
724
728
716
728
732
724
702
720
732
722
742
770
776
786
772
798
786
754
724
738
742
726
690
716
740
730
692
702
740
754
722
706
734
730
692
658
688
706
702
676
690
728
736
714
706
720
720
692
664
686
706
692
714
772
780
744
752
778
772
732
736
742
708
710
748
746
704
726
744
714
682
686
692
676
664
686
706
686
660
686
704
694
666
682
698
680
660
684
712
720
690
674
688
700
696
686
734
770
742
738
760
752
712
714
736
696
668
700
738
734
690
712
708
714
680
640
662
684
688
664
692
720
694
690
722
722
726
672
646
604
616
598
598
610
614
618
620
608
592
592
596
602
586
574
576
578
578
562
616
644
588
574
574
594
622
716
740
754
710
672
668
662
672
678
672
664
662
704
758
782
802
782
778
774
806
818
790
756
706
688
672
642
620
714
836
828
824
820
806
782
756
730
714
688
682
726
774
814
836
808
810
778
722
700
712
714
734
790
792
772
772
788
766
732
736
742
740
742
758
762
724
710
734
728
708
678
688
706
716
696
728
760
734
684
702
720
690
650
678
708
724
696
682
712
730
674
660
644
634
650
636
618
616
632
670
662
676
722
744
760
714
718
726
726
698
718
746
744
708
710
724
718
682
734
764
742
690
652
640
654
662
660
654
646
628
676
698
696
718
740
710
706
714
732
694
646
650
676
688
678
656
684
694
698
654
646
658
668
658
634
666
700
704
690
692
718
682
694
654
670
650
630
630
662
716
782
800
784
808
822
788
786
788
786
756
734
752
770
784
764
794
816
818
800
748
700
694
700
700
700
716
724
730
728
686
698
712
704
700
662
672
702
714
716
728
702
698
670
628
606
602
604
604
598
592
622
694
784
780
788
786
808
792
722
674
674
690
712
700
688
726
742
716
688
690
716
752
734
726
738
726
688
698
712
718
696
724
740
740
704
688
710
710
684
632
642
650
676
678
646
658
688
658
654
616
628
658
662
662
632
654
684
730
744
718
656
664
670
660
636
608
642
660
686
676
672
722
754
752
706
720
742
756
734
752
792
808
808
792
826
830
826
776
746
768
768
742
710
746
778
778
740
760
764
716
678
702
720
718
700
738
786
800
776
758
786
798
760
746
782
786
750
694
708
732
762
726
680
682
684
644
620
630
646
654
658
678
674
638
638
648
654
646
628
664
700
716
688
706
732
714
706
748
782
790
766
766
788
790
750
728
758
766
734
736
766
752
734
770
782
786
768
734
764
776
760
728
754
782
778
732
724
734
712
668
684
720
758
756
702
714
748
752
726
686
724
734
726
688
682
706
726
702
666
668
718
756
770
726
722
762
760
744
688
706
726
750
730
674
688
674
658
626
652
684
708
688
658
670
684
672
660
702
732
736
682
702
710
706
690
658
694
714
726
702
698
710
670
646
686
722
716
710
762
794
804
756
734
734
716
694
672
712
742
750
698
706
724
744
732
738
766
756
730
684
688
706
708
692
704
758
790
764
724
760
770
736
688
732
750
738
702
720
738
744
698
672
704
726
728
698
752
788
780
744
780
782
750
706
750
758
768
740
738
708
676
700
718
698
734
750
730
664
638
690
708
760
738
710
738
760
738
704
730
788
814
796
740
760
756
724
692
714
734
720
692
730
768
788
748
750
774
768
732
714
740
746
706
686
724
750
764
720
716
734
720
682
698
750
804
792
732
742
774
756
720
690
736
754
760
722
760
790
800
748
686
714
746
752
712
688
716
688
640
632
658
674
644
634
684
690
688
668
714
752
748
716
670
660
696
710
702
654
672
694
700
700
650
684
690
670
722
774
760
724
754
766
738
742
758
780
790
770
750
764
766
734
720
740
756
732
746
766
738
688
720
746
764
716
720
728
704
656
692
724
738
698
732
748
724
676
690
720
688
692
742
758
722
708
740
740
710
672
700
710
708
678
672
690
664
646
646
674
684
656
678
728
708
676
702
704
674
654
674
696
670
672
710
712
686
686
698
682
734
764
734
672
626
600
592
644
648
664
624
630
636
626
634
634
642
634
630
642
626
624
628
632
622
616
624
628
624
628
644
658
658
648
648
646
652
650
678
686
674
668
672
666
626
598
580
570
576
590
616
594
606
602
606
564
556
564
556
564
576
592
594
584
580
576
572
560
574
590
594
594
612
638
648
640
600
604
630
644
654
646
660
678
690
674
638
654
654
662
648
672
712
736
732
670
678
678
674
666
636
620
654
690
692
730
750
742
696
706
728
724
690
702
714
716
684
706
734
716
692
698
688
682
652
626
616
634
676
694
758
788
800
736
720
730
716
688
700
736
748
744
768
766
722
698
702
728
716
696
726
746
724
732
762
758
714
732
748
762
724
696
686
688
714
730
760
706
670
680
668
710
736
782
798
774
792
786
782
756
742
748
746
744
764
776
764
696
710
714
708
674
682
714
742
724
676
702
736
728
706
724
754
754
730
734
758
732
722
732
706
678
682
694
704
670
704
754
740
748
790
802
774
774
768
728
668
682
696
690
676
706
744
746
752
776
796
762
732
744
740
718
666
706
732
740
688
698
692
652
642
632
644
644
652
646
634
630
648
652
620
596
616
614
586
574
580
570
562
564
584
558
576
572
576
592
556
586
544
558
546
544
564
562
602
622
616
612
616
622
628
628
632
644
642
644
646
642
634
618
622
628
674
702
744
730
716
750
750
712
712
696
704
752
778
770
738
752
744
758
712
694
708
712
722
732
758
790
822
820
794
800
792
782
770
736
746
776
802
834
838
842
844
822
770
772
774
752
718
748
778
790
766
716
726
670
630
624
624
620
640
642
634
630
618
638
608
596
604
586
594
576
576
594
544
576
580
576
566
594
612
636
624
650
662
668
652
640
650
654
656
678
674
676
666
644
624
652
670
714
754
732
742
726
694
614
616
646
640
670
670
644
630
644
652
610
606
612
582
594
558
566
562
578
584
604
598
602
604
614
608
610
614
568
588
584
582
592
594
596
586
572
592
686
716
716
714
680
658
678
680
704
698
696
734
758
772
750
734
730
732
728
736
738
756
772
774
778
770
748
720
686
682
676
684
740
790
792
728
696
722
734
736
718
704
724
748
730
692
700
716
726
712
704
696
712
744
774
752
696
700
714
726
720
692
732
762
756
724
742
766
772
718
694
704
722
690
658
652
612
628
628
644
658
664
634
626
648
658
676
700
658
704
684
656
660
682
690
696
672
684
720
740
730
688
726
738
714
680
690
726
774
742
746
816
824
786
718
730
736
716
692
732
780
812
786
774
794
806
778
732
776
802
836
806
798
812
802
760
748
756
742
716
772
836
842
782
714
686
718
762
822
804
772
812
834
830
772
740
760
776
798
784
734
740
742
744
756
826
860
802
750
760
812
860
888
846
790
794
786
768
738
712
724
752
744
734
778
810
790
722
734
762
762
734
724
746
764
774
746
766
806
794
742
784
832
818
750
764
792
788
742
696
726
732
738
706
730
756
764
742
718
748
766
748
736
796
838
830
778
744
770
806
824
742
736
794
830
848
806
828
830
812
754
712
730
746
748
716
748
784
788
740
780
814
794
750
740
762
768
736
722
800
872
868
816
774
804
792
736
686
694
652
636
622
650
702
748
754
698
722
756
746
700
674
674
682
690
670
672
722
764
748
726
750
776
730
694
704
710
706
678
688
722
748
746
726
756
760
746
698
716
736
730
704
734
762
746
706
712
726
746
724
716
752
770
748
720
744
770
764
728
746
802
840
828
764
770
798
798
752
786
818
784
724
776
816
782
740
816
854
878
844
782
816
818
784
712
722
730
732
716
698
744
788
766
726
756
770
770
734
722
760
790
780
726
774
818
840
794
764
810
828
786
728
730
750
752
726
694
722
766
816
796
740
770
786
774
730
722
748
742
700
668
678
666
668
680
674
680
692
792
828
820
718
652
652
640
656
648
628
608
632
662
684
676
666
696
736
750
738
712
698
722
754
740
716
712
740
764
760
748
764
776
766
722
694
694
736
758
754
740
752
768
776
748
748
742
770
756
728
700
698
730
756
750
714
726
760
764
756
732
740
758
738
710
686
700
702
740
746
730
724
766
786
744
720
746
756
748
716
732
776
780
750
734
770
802
784
748
780
788
762
738
766
798
800
760
748
774
788
772
756
752
792
780
720
720
742
754
730
698
696
692
666
664
694
726
696
732
776
816
768
732
744
756
746
718
730
756
774
766
732
740
760
766
752
724
742
764
778
756
732
750
780
782
760
732
706
728
770
800
782
762
778
800
784
760
752
766
782
772
746
750
772
770
752
724
738
764
772
752
738
768
776
760
734
758
748
774
676
670
658
682
722
706
674
680
710
748
756
746
762
764
770
742
688
700
674
658
630
658
682
716
718
686
720
736
730
704
718
742
758
762
714
686
712
736
754
736
752
768
776
756
738
750
768
772
756
726
716
750
778
786
764
726
720
720
720
716
736
776
786
774
742
772
780
782
762
730
742
776
790
766
748
778
802
816
790
784
796
784
744
716
740
788
798
760
782
836
834
800
762
788
784
752
722
746
772
760
718
752
776
798
768
748
772
768
742
710
718
744
766
776
762
800
806
778
738
742
768
780
768
764
810
846
796
740
764
772
774
744
720
752
758
742
712
710
724
750
752
728
736
748
760
728
702
710
722
726
718
748
786
798
758
762
784
774
740
726
752
764
750
712
732
766
792
762
710
732
742
750
724
708
742
776
744
708
726
744
740
718
700
722
756
758
732
766
792
768
724
742
756
762
734
746
784
800
804
762
746
752
768
758
722
724
748
764
744
718
722
746
764
762
716
714
724
720
704
686
690
718
734
728
738
784
766
714
688
704
744
754
722
714
680
668
668
704
750
742
758
816
834
802
748
764
762
746
722
738
768
794
774
730
748
764
780
764
766
794
814
772
742
758
766
764
736
744
760
748
686
650
670
690
698
678
702
738
770
734
694
704
720
724
692
678
700
728
754
728
702
718
750
758
742
728
748
758
742
706
720
722
716
688
710
740
762
748
742
764
776
750
724
720
730
738
744
718
694
714
740
752
748
720
746
756
762
732
722
742
742
742
718
742
770
788
762
770
772
786
756
724
736
748
742
736
720
746
756
748
724
742
770
776
740
716
738
762
762
732
728
770
770
750
718
722
738
736
710
714
734
752
746
710
736
764
758
730
714
728
728
706
686
702
732
758
740
714
750
762
756
720
732
744
734
706
704
732
764
776
746
760
772
772
754
744
758
772
766
752
774
766
748
710
732
770
774
746
728
756
782
784
760
738
736
730
696
662
674
708
774
794
780
822
850
786
744
778
794
800
762
770
780
780
750
742
756
778
782
756
772
784
782
768
756
784
782
802
768
738
756
766
750
708
694
722
740
768
754
734
774
796
786
750
750
756
752
722
704
730
752
758
702
642
618
608
632
704
742
766
780
780
786
800
810
814
818
814
806
810
800
798
770
782
796
812
790
742
704
694
720
746
778
812
800
788
766
744
738
730
736
732
736
734
716
710
720
720
712
690
680
676
690
722
750
756
730
714
728
716
690
684
692
714
718
722
730
740
750
732
710
716
730
734
734
722
730
744
736
720
714
728
736
712
686
690
712
712
710
716
754
754
724
700
676
644
640
646
680
700
758
808
826
786
730
748
718
680
638
658
650
642
630
666
684
678
670
710
718
694
700
716
726
718
700
718
734
734
714
722
728
734
722
698
710
# end time: 2016-07-18-19:50:30, 1468885830.82
