# R wave intervals in milliseconds per line
# annotation: working at desk
# start time: 2016-12-08-16:42:26, 1481233346.97
728
760
810
776
784
712
732
680
646
644
644
612
622
612
650
654
644
662
644
624
612
634
736
818
850
866
870
842
816
812
770
724
734
768
794
834
836
828
824
826
820
790
786
800
786
790
734
766
768
752
746
750
776
784
788
762
718
740
720
724
732
718
724
750
782
792
764
776
786
794
780
726
732
738
748
722
676
702
730
740
698
646
674
714
772
754
714
758
782
800
728
710
742
768
776
770
728
720
738
736
720
746
800
822
774
794
822
814
770
696
684
702
674
652
674
690
696
710
716
784
790
790
770
714
726
742
734
736
690
698
724
758
744
680
622
666
706
760
664
784
1402
842
624
746
830
824
846
780
764
752
750
782
684
736
680
670
672
688
778
814
886
544
642
732
710
672
750
762
768
788
784
732
764
658
684
694
688
680
612
660
716
784
822
808
816
804
648
654
676
640
642
658
680
658
730
736
700
686
686
654
616
638
632
672
670
680
690
662
634
648
678
696
712
700
718
688
648
680
704
774
804
824
836
842
824
804
754
686
700
714
748
768
776
724
732
722
756
750
718
778
788
858
802
816
830
818
790
710
698
720
724
760
804
748
748
792
804
832
818
812
828
808
742
738
772
786
808
778
798
802
764
720
680
698
762
726
738
786
824
816
772
676
744
712
662
630
638
644
654
672
676
652
690
756
812
820
776
738
710
700
722
778
778
748
722
720
714
752
744
798
818
818
832
826
802
778
740
716
700
656
654
692
730
810
856
770
754
814
842
776
774
798
792
756
712
728
684
726
752
772
800
748
782
806
736
708
706
736
718
714
714
698
738
892
880
858
832
816
816
816
820
808
780
682
708
710
700
672
686
752
794
780
786
768
740
740
724
736
662
670
684
656
690
750
786
762
698
750
738
738
780
714
754
732
704
734
752
702
698
698
690
698
662
668
672
684
578
622
630
664
722
790
810
774
726
740
752
756
738
766
734
724
758
768
742
750
790
818
764
788
732
664
672
660
670
668
742
820
810
804
842
830
800
712
716
738
754
716
682
656
612
616
660
748
816
838
764
738
756
724
690
714
736
710
734
808
872
644
672
664
644
614
838
664
562
764
1588
1382
830
1342
806
676
622
662
684
712
742
750
772
794
826
836
818
804
720
678
662
624
640
680
676
690
772
822
830
858
792
788
752
744
930
718
716
790
808
794
746
766
764
746
744
742
742
756
678
700
730
712
734
694
748
740
660
694
734
742
768
738
718
714
656
660
636
684
702
656
734
750
798
780
734
764
720
652
714
686
660
712
764
800
802
808
746
736
720
688
690
660
636
668
674
694
694
674
680
720
730
748
716
742
760
730
766
756
774
760
746
732
716
634
638
606
622
666
736
806
830
782
728
772
732
672
650
654
622
672
718
780
808
824
832
840
844
792
756
772
776
770
680
690
720
748
784
708
676
702
734
758
756
698
678
664
710
718
768
780
808
804
798
782
750
738
696
658
672
640
686
636
606
664
720
804
842
772
698
738
752
786
750
696
700
708
716
710
716
676
772
824
850
824
800
832
810
806
796
774
754
696
644
652
692
680
760
808
826
828
784
732
764
732
708
706
712
704
680
670
666
694
722
774
790
772
744
726
720
712
678
678
720
766
782
790
808
802
792
728
690
706
670
710
746
784
784
752
708
694
730
762
786
754
774
760
758
652
708
534
598
654
920
876
828
706
710
710
730
680
682
648
620
676
724
840
808
846
840
824
796
738
702
638
598
608
632
752
844
824
842
856
864
854
824
812
790
742
698
726
702
670
640
614
608
618
766
808
780
786
762
776
730
706
676
658
694
724
704
722
750
768
762
700
686
734
750
780
806
816
798
810
774
752
676
690
718
688
654
684
672
744
798
770
690
744
766
774
736
666
678
682
656
670
718
774
758
684
702
752
790
752
738
782
804
732
708
734
728
710
660
650
666
674
652
670
702
752
736
784
800
782
764
756
766
766
716
702
690
672
634
640
618
618
630
648
642
682
716
684
726
672
670
678
670
720
746
720
662
696
720
732
740
710
732
754
770
748
674
664
646
658
644
670
752
812
842
784
790
808
796
736
688
610
666
680
692
656
650
680
674
652
630
648
666
694
710
724
740
740
662
688
674
632
634
668
630
676
758
842
826
810
782
766
656
636
670
674
668
640
646
628
670
748
760
732
688
634
654
646
668
668
670
648
636
672
688
712
690
744
694
504
780
650
670
686
714
724
720
726
688
634
582
602
582
598
690
736
762
804
836
870
864
836
828
798
724
700
688
662
658
666
646
642
670
658
732
802
824
854
852
812
772
724
704
636
594
640
664
690
748
758
790
758
662
696
696
706
716
742
756
736
694
652
594
612
610
650
672
744
794
726
736
748
778
750
700
712
740
726
674
662
694
690
668
646
654
632
638
676
720
784
802
724
708
722
674
660
668
654
692
732
724
666
670
692
696
696
664
646
674
660
662
710
698
732
732
688
682
654
642
630
654
660
688
710
696
680
712
660
648
658
616
616
644
664
702
734
642
690
674
706
740
756
742
704
674
670
646
646
640
612
628
660
668
764
740
716
768
780
804
746
708
678
650
608
644
672
662
750
826
796
704
736
726
708
720
784
782
746
736
718
714
760
762
718
694
682
648
670
636
638
678
694
746
826
830
778
778
774
720
674
666
652
642
648
652
660
676
678
728
770
778
738
726
738
756
758
762
718
660
636
672
710
734
698
684
742
750
692
682
742
708
706
736
622
702
700
718
736
734
682
730
724
654
682
696
708
736
712
696
692
690
722
712
712
748
736
708
738
686
678
672
710
730
688
658
714
752
774
720
652
654
624
610
610
632
658
694
740
778
774
714
746
766
728
658
608
608
608
628
726
834
840
800
852
854
844
804
756
676
652
624
620
632
642
734
776
726
698
704
690
718
710
728
740
728
676
668
664
608
626
618
612
616
602
608
622
586
570
570
556
594
624682
680
686
692
704
740
778
760
708
662
650
650
662
668
698
716
694
644
630
624
624
622
628
666
716
724
698
688
686
718
722
704
718
690
688
676
688
678
674
666
664
684
648
662
682
642
630
648
640
614
642
628
656
672
674
734
788
800
804
814
734
676
668
646
620
622
644
670
722
772
788
798
778
760
718
724
696
736
734
712
652
688
672
676
706
666
676
702
692
656
678
704
730
766
716
738
748
752
764
724
686
690
666
644
674
706
748
780
790
724
696
688
694
644
648
656
662
630
634
630
614
648
656
684
658
676
682
700
722
740
748
720
668
642
630
630
634
650
714
736
726
750
726
736
720
690
664
678
684
688
670
670
652
700
732
690
698
704
640
674
702
674
666
696
712
698
662
664
692
714
734
686
678
678
664
674
700
656
698
670
684
730
724
670
678
650
648
644
662
700
726
770
750
676
688
696
684
684
684
614
578
580
602
614
722
790
788
804
712
736
720
708
692
710
694
678
674
638
592
600
596
592
626
648
680
694
722
764
820
796
796
798
762
684
650
634
630
646
678
710
706
700
702
702
730
740
742
754
756
762
748
716
734
744
774
762
780
758
736
702
700
704
692
694
680
738
762
776
752
766
794
794
794
810
796
710
664
668
628
654
714
750
756
710
736
786
802
826
836
826
756
734
720
740
778
790
714
734
772
806
842
840
832
794
718
720
706
690
708
738
702
708
742
754
760
720
696
666
610
648
642
688
788
830
812
822
772
810
846
760
742
740
726
716
720
724
712
698
726
664
648
696
716
772
800
798
794
814
830
742
694
662
642
660
626
638
686
738
778
818
784
746
702
686
658
684
696
748
800
778
788
802
714
692
708
720
720
726
742
742
764
780
780
718
686
688
650
530
756
698
696
714
714
794
842
844
872
876
814
746
738
728
744
772
780
728
726
674
664
728
694
766
760
720
710
672
636
612
654
746
846
832
830
800
764
716
688
670
686
702
748
760
770
766
764
752
742
646
680
676
642
610
670
652
662
716
766
798
768
750
722
672
670
640
632
650
682
658
726
776
798
818
790
750
684
668
640
646
658
678
694
728
734
686
740
688
652
686
650
666
668
682
710
636
682
708
730
730
646
668
684
652
644
696
686
716
692
706
718
682
642
644
614
582
610
672
750
786
784
800
808
762
736
674
634
636
636
666
776
838
834
860
874
866
840
794
746
742
758
788
774
774
754
752
710
730
760
796
772
754
746
732
718
718
716
692
660
632
646
634
670
674
716
762
722
682
646
656
622
652
664
674
728
716
720
748
740
664
632
658
654
634
638
640
652
678
658
682
702
688
710
746
760
758
744
720
664
634
662
644
688
690
708
722
730
730
760
684
666
658
626
662
624
682
754
788
772
790
790
704
702
700
634
646
604
606
638
662
654
722
712
742
728
700
732
738
712
680
658
630
614
618
636
642
650
648
682
696
716
714
702
698
674
662
656
654
652
622
658
656
640
664
672
648
636
620
618
624
636
592
572
646
598
578
588
584
612
654
650
690
698
696
680
668
674
674
656
614
638
694
652
728
656
712
690
734
732
670
640
604
618
638
644
646
602
626
658
662
714
756
750
726
728
734
702
694
652
630
656
638
604
610
618
646
676
762
812
816
718
704
700
682
678
668
684
686
700
722
728
716
728
682
660
662
724
746
706
730
776
758
714
682
726
740
722
738
756
710
690
744
760
700
664
732
784
778
710
772
786
746
698
728
728
714
766
794
750
774
832
852
826
820
840
822
756
702
726
756
800
784
806
846
830
794
732
772
786
774
696
690
700
722
708
712
762
744
706
740
770
758
742
774
778
738
726
750
772
728
700
748
758
762
704
724
738
752
742
704
712
694
730
782
780
718
744
778
772
706
686
668
642
604
610
664
776
866
854
822
852
794
772
774
738
702
642
626
656
670
680
694
658
640
634
620
636
658
726
784
780
754
768
770
762
712
686
704
696
672
704
724
762
750
708
730
762
778
732
720
710
674
716
712
704
686
726
784
778
772
758
742
718
690
688
646
632
624
632
692
788
852
848
788
782
764
716
684
712
694
700
760
712
748
790
806
804
720
734
770
716
726
740
732
700
726
766
774
684
672
692
692
706
774
794
746
770
788
772
672
672
656
646
636
670
732
792
826
828
798
766
758
686
716
728
756
802
800
806
776
740
658
628
630
674
760
838
824
828
832
836
776
804
794
786
742
682
720
714
664
696
726
740
682
738
754
762
706
712
698
666
636
676
674
650
662
700
750
804
814
758
768
764
674
722
744
750
698
644
634
676
700
724
774
752
736
738
748
710
648
618
618
660
694
740
774
830
814
754
744
734
712
690
698
708
748
714
730
722
728
720
660
686
692
686
662
638
668
728
750
730
690
666
806
830
790
766
746
714
702
662
670
704
732
708
700
696
704
698
728
762
802
766
752
734
708
696
674
670
662
654
650
618
634
664
736
780
796
814
806
818
806
780
752
724
720
704
714
714
744
750
754
748
750
730
696
698
634
662
656
708
772
802
794
788
714
706
704
656
628
676
704
740
766
774
782
750
756
718
706
724
698
692
736
750
692
720
764
768
768
778
728
722
704
702
668
652
682
670
694
752
780
764
732
702
698
694
696
672
668
662
644
670
718
780
778
768
760
742
708
716
682
664
650
658
678
718
760
756
752
768
808
818
834
800
794
788
758
702
688
666
666
670
620
640
638
700
704
796
794
780
726
722
720
704
670
652
664
674
674
662
674
708
732
736
696
714
750
756
726
746
786
778
710
700
720
754
768
828
830
814
794
764
744
738
670
634
634
652
694
752
752
710
738
800
830
850
738
696
686
710
722
736
764
758
764
722
674
678
640
598
610
632
654
670
758
822
848
862
854
832
760
702
716
692
694
692
684
696
752
808
738
762
692
756
748
736
726
732
732
718
696
680
640
642
646
648
654
650
674
756
728
680
714
712
704
700
712
694
708
696
758
800
814
788
778
758
716
676
594
634
646
662
662
670
668
654
660
714
732
732
776
720
736
760
778
788
696
708
718
722
672
634
666
668
684
692
720
694
638
646
666
676
668
682
722
754
758
768
804
778
726
698
720
704
712
726
690
730
772
808
812
792
732
750
758
702
722
724
728
684
660
630
638
694
774
852
862
820
796
756
662
718
740
786
818
818
782
776
758
728
738
700
732
812
848
858
864
782
746
722
704
700
718
684
686
740
804
790
764
794
722
714
728
746
770
770
796
732
716
750
768
794
784
800
808
730
758
808
836
826
744
764
790
820
794
756
814
834
852
838
720
670
664
662
686
696
764
774
832
806
852
862
852
824
790
774
750
718
706
700
700
686
676
662
666
700
772
690
562
666
656
678
654
710
680
676
668
652
650
598
616
582
596
612
624
664
786
880
888
864
920
932
936
858
732
680
640
632
692
736
730
716
746
800
800
806
812
816
806
792
782
752
764
780
786
802
776
772
770
780
760
742
714
714
740
726
766
802
826
840
844
842
814
780
740
682
672
694
696
712
668
670
676
666
646
646
648
686
724
754
784
794
790
796
796
776
758
746
700
664
680
684
702
774
826
790
788
734
646
710
692
678
648
638
620
626
628
646
656
650
654
666
668
664
652
652
660
652
624
640
636
676
660
628
656
674
694
702
702
654
608
614
606
600
604
614
662
766
796
796
788
778
750
732
716
722
732
698
668
628
622
648
680
798
756
726
756
782
768
768
760
732
694
682
646
680
742
770
732
682
726
760
730
746
794
824
814
822
758
746
616
624
614
622
668
824
896
898
902
848
778
762
738
758
656
592
610
590
586
582
622
702
826
860
870
898
918
922
890
814
720
672
672
656
656
678
734
814
846
824
786
772
750
764
776
750
710
712
742
766
734
738
718
714
730
732
708
668
638
660
692
718
704
714
762
762
738
672
696
706
664
622
654
680
688
696
734
702
692
696
696
686
650
634
642
660
640
624
622
626
634
618
642
660
686
710
716
662
662
672
668
640
624
636
648
670
668
670
694
712
732
742
718
650
654
678
704
702
698
750
806
778
780
818
828
788
770
780
702
642
624
642
672
716
760
770
762
724
676
744
710
668
744
800
812
748
704
708
712
712
692
644
624
664
662
646
660
668
730
806
824
820
816
784
780
742
756
770
790
756
754
780
754
768
812
754
718
800
830
814
816
786
822
810
808
810
766
768
716
666
662
666
670
726
806
852
860
840
774
740
752
736
710
722
750
750
766
702
642
630
648
654
678
758
784
810
774
770
748
692
686
684
690
690
686
698
678
712
710
690
676
662
720
616
626
650
682
672
642
638
642
660
624
640
636
640
650
674
668
664
618
606
598
618
674
720
734
744
704
750
770
764
756
710
684
674
672
662
674
618
580
586
596
626
646
680
726
742
788
800
736
692
642
616
608
620
638
664
694
710
748
784
790
804
834
828
816
760
734
724
728
690
668
664
662
668
688
744
766
808
850
838
832
754
744
746
730
732
750
740
696
744
752
730
718
694
678
674
632
668
652
710
698
666
652
664
656
672
714
704
738
806
836
802
792
786
714
672
694
700
686
650
656
658
714
754
778
790
768
762
738
734
714
688
628
636
658
678
726
716
700
658
622
618
628
650
738
780
818
812
832
840
804
764
728
716
750
722
706
680
676
632
658
706
746
760
760
746
740
734
722
670
654
616
596
604
610
658
638
664
716
730
832
842
816
820
808
786
736
714
698
704
618
578
628
626
690
656
756
796
790
798
732
660
612
600
640
646
650
652
650
658
656
638
582
596
584
566
582
558
596
612
618
656
614
670
684
704
740
764
760
756
674
686
686
732
762
784
716
700
716
738
760
804
792
794
830
798
746
764
764
702
718
750
734
716
704
814
824
844
830
786
764
688
656
700
736
752
762
718
732
760
724
722
748
794
850
824
864
836
812
738
754
776
786
742
780
768
690
742
746
728
690
724
740
740
716
760
790
784
786
810
762
746
758
730
676
678
698
704
674
668
704
720
698
728
750
734
782
802
798
764
718
702
660
638
670
714
778
808
828
794
822
824
822
736
730
718
724
714
694
680
644
690
724
718
694
700
702
696
782
822
796
732
686
670
674
668
740
786
830
860
860
836
738
720
704
704
672
684
704
722
734
760
754
692
684
664
656
664
692
732
646
680
734
682
682
652
650
628
704
780
826
796
762
646
658
646
662
668
662
666
720
718
730
736
724
716
688
644
646
646
670
668
644
638
640
644
638
632
638
624
666
680
704
692
672
662
648
654
656
652
684
718
760
784
784
780
756
716
680
652
664
644
672
756
790
844
838
836
818
778
764
788
804
836
868
846
744
786
# end time: 2016-12-08-17:27:53, 1481236073.5
