# R wave intervals in milliseconds per line
# start time: 2016-07-17-09:47:26, 1468763246.8
786
678
696
1270
764
634
672
682
666
676
668
656
632
640
612
634
636
606
648
664
690
738
758
760
744
746
716
684
686
658
664
652
652
646
648
654
636
656
666
682
704
682
676
656
664
638
614
606
604
606
618
606
584
606
610
676
784
780
780
754
700
736
770
826
830
810
810
794
776
728
710
706
710
720
748
744
736
742
740
726
712
698
680
652
638
666
690
706
724
742
754
726
718
738
754
758
718
690
722
726
750
774
694
672
690
710
710
724
742
740
710
696
690
684
682
684
656
670
676
682
684
662
668
696
670
640
650
654
614
798
744
740
740
744
750
766
784
796
806
798
796
788
782
806
798
790
794
784
766
774
768
782
776
770
744
722
736
732
700
712
700
672
670
636
638
624
600
590
588
608
620
690
770
800
788
784
808
798
790
776
734
702
680
672
624
644
660
668
708
752
748
698
718
696
716
732
720
686
702
704
706
716
708
686
710
758
788
782
756
768
784
756
696
694
710
700
686
662
680
698
718
728
678
658
656
650
650
638
598
606
638
642
636
648
662
666
656
652
676
680
680
698
704
724
752
746
744
656
724
694
712
692
642
582
650
658
680
684
678
702
688
678
654
642
652
648
658
684
668
680
716
756
824
792
780
768
714
634
624
660
770
860
850
866
764
720
636
620
640
660
696
742
738
738
774
846
814
792
684
674
668
662
654
636
632
634
648
668
672
664
626
602
620
792
806
764
720
692
632
592
592
600
602
626
614
630
634
636
654
646
674
638
656
650
670
678
682
672
644
662
658
622
600
606
614
634
634
630
638
638
630
620
596
606
610
588
596
582
568
572
576
574
576
568
550
570
600
784
788
744
746
608
578
572
692
738
706
704
696
610
598
598
610
632
666
690
688
710
722
736
732
740
678
660
666
686
692
682
666
658
654
642
646
640
642
648
650
682
654
676
670
668
650
666
646
644
642
650
662
660
676
686
702
702
690
678
670
656
636
620
632
620
618
602
608
614
604
604
608
596
610
610
630
618
612
634
624
624
618
614
626
604
610
596
600
590
600
614
610
598
618
630
672
864
912
772
676
680
680
624
618
608
596
570
546
570
532
576
578
520
586
572
556
548
538
532
586
772
718
588
858
958
932
744
1268
818
742
824
1126
982
616
722
650
680
692
640
582
534
522
992
514
930
952
908
744
622
848
516
790
884
896
966
984
524
538
518
516
994
554
2270
1366
894
868
520
1268
764
1886
1474
1068
640
534
546
550
546
538
542
518
534
530
518
518
520
514
510
508
518
520
506
514
508
988
948
950
758
664
502
524
958
510
506
526
582
654
742
686
658
624
612
602
610
614
854
790
730
734
724
720
696
686
678
634
594
596
626
668
692
712
710
674
636
602
606
642
708
792
828
780
730
650
634
628
636
646
624
600
626
650
714
684
666
682
688
636
616
620
648
646
604
578
564
578
592
604
636
734
758
752
694
676
690
742
778
794
768
744
714
668
660
662
680
766
844
850
820
774
776
756
712
652
636
646
640
626
662
672
694
660
624
618
628
606
606
600
628
658
600
608
664
688
704
708
636
672
680
734
816
806
780
812
808
798
734
688
726
762
800
814
790
810
800
726
752
778
794
740
738
764
798
744
782
812
836
802
754
798
808
816
802
740
738
758
706
714
730
714
702
712
650
634
638
636
644
658
654
678
700
682
680
648
614
624
580
576
594
642
676
738
768
690
702
728
728
668
630
674
664
670
694
642
700
700
716
720
686
682
694
674
660
602
624
630
660
676
714
700
720
744
764
762
734
746
766
768
740
718
726
734
722
672
672
684
670
646
606
634
630
648
712
800
822
790
742
756
740
710
668
696
712
734
698
700
704
686
666
692
732
746
706
722
750
746
752
726
708
678
660
620
592
624
648
684
734
756
762
734
662
674
698
696
728
746
694
638
644
662
648
606
610
652
646
654
672
642
640
640
686
692
674
658
682
674
656
668
678
676
646
620
644
630
622
638
640
684
744
790
802
800
792
762
744
724
674
670
686
706
728
688
700
688
742
784
826
814
730
722
738
726
714
662
684
714
724
740
698
660
688
706
740
744
720
716
734
696
694
706
722
718
722
744
750
744
684
704
732
720
712
660
680
680
682
692
658
682
714
728
736
676
684
720
720
724
674
692
702
704
684
666
682
706
726
732
694
704
722
714
686
630
648
646
640
678
722
782
810
820
782
780
790
770
760
738
690
692
708
698
706
670
628
640
648
638
670
664
680
738
734
732
726
740
760
750
740
702
668
686
674
676
636
666
694
712
724
738
700
636
658
650
662
704
708
720
768
784
778
710
714
730
748
716
662
704
712
738
736
750
790
800
812
790
730
744
720
704
704
676
694
708
676
660
710
718
710
674
712
744
748
744
670
648
646
644
634
650
650
640
648
672
668
678
646
614
680
676
656
680
664
668
654
862
870
856
852
836
828
794
780
774
764
756
728
712
630
614
622
608
624
660
676
694
704
680
650
666
680
624
604
602
656
688
684
618
630
650
646
638
652
660
654
622
622
674
688
714
730
734
754
752
742
726
698
674
642
614
616
622
638
652
660
674
634
718
706
620
662
700
674
646
684
642
634
626
626
640
664
668
676
680
670
670
620
616
648
648
676
674
630
686
696
698
666
628
662
708
724
742
742
692
692
696
700
636
620
634
632
646
648
648
662
666
722
808
772
788
810
804
786
762
724
672
690
702
712
752
768
734
708
752
762
774
772
734
690
716
722
702
648
646
670
678
696
688
670
616
646
658
622
628
656
670
680
686
700
702
656
654
664
676
666
666
662
640
656
676
666
666
634
636
612
600
586
602
590
642
700
712
680
718
736
712
700
734
732
736
692
698
722
716
716
722
732
690
696
708
646
644
688
720
746
708
728
756
782
758
772
782
780
730
672
704
708
708
698
660
716
788
824
796
770
794
784
758
740
734
744
674
670
712
732
770
724
736
754
736
740
718
704
694
690
704
718
742
706
730
744
746
686
696
710
704
686
682
692
740
756
764
696
700
722
738
750
712
654
686
706
720
740
730
750
780
748
714
736
734
750
712
732
758
766
784
724
748
758
762
720
696
728
758
768
766
700
716
728
724
674
684
704
720
684
716
748
732
710
742
756
780
742
682
700
714
714
690
684
696
692
662
678
702
722
708
688
718
738
722
674
688
716
714
692
642
646
666
684
684
672
704
724
728
706
716
734
716
710
700
668
664
696
710
672
682
712
696
706
684
670
668
690
690
696
718
672
674
706
736
764
748
762
750
732
714
658
678
632
638
644
648
654
690
736
774
766
696
730
734
726
720
692
706
720
730
724
730
758
754
754
700
708
732
738
740
718
692
728
744
754
754
688
706
700
688
686
654
674
704
720
698
726
756
794
782
758
700
698
738
750
786
754
744
790
792
790
740
730
744
740
736
694
686
718
722
696
730
740
720
738
714
666
684
704
708
710
662
696
702
724
700
716
756
764
786
758
710
722
728
722
688
678
692
718
706
674
672
696
702
718
704
688
722
746
718
670
664
684
700
698
680
726
758
788
748
720
760
748
728
702
658
670
686
702
700
702
756
784
790
742
726
752
730
724
686
708
704
714
686
664
690
712
708
668
660
668
642
616
786
778
762
708
682
686
686
696
696
700
694
664
648
680
686
708
736
760
776
774
764
756
744
744
750
750
750
744
746
738
712
710
728
726
704
724
722
738
744
710
672
674
690
696
702
664
684
712
710
678
640
642
672
678
690
662
642
664
680
678
644
642
670
676
624
662
680
706
714
728
740
716
708
698
674
674
682
686
704
710
720
696
694
684
682
672
636
614
642
676
696
724
738
742
730
680
698
726
716
726
724
702
668
654
674
672
694
656
638
678
708
716
716
652
682
678
668
670
628
654
670
686
668
646
678
696
688
682
646
658
662
670
678
628
626
640
654
662
634
640
644
652
688
698
692
712
732
728
732
666
680
690
704
702
696
658
684
716
720
736
750
722
706
730
732
734
736
686
678
688
688
678
666
716
756
796
788
772
790
796
760
744
752
746
688
696
714
718
728
708
686
728
724
720
648
646
660
644
650
642
622
608
654
696
724
698
728
768
770
770
728
666
686
692
704
706
716
696
706
696
694
684
668
674
730
780
818
798
792
818
818
784
722
754
732
718
684
720
740
716
700
662
688
714
722
678
692
718
734
684
656
700
726
704
668
690
698
674
664
692
712
690
698
730
726
678
690
704
720
676
678
716
730
696
694
710
720
670
658
670
678
668
648
642
692
726
720
690
726
744
736
680
678
696
690
692
662
664
678
690
680
696
720
706
684
722
728
706
668
692
710
690
674
702
708
678
664
704
676
650
678
692
652
638
660
668
648
628
648
668
678
668
648
672
694
662
660
680
690
670
636
664
686
714
742
756
746
704
692
668
648
630
628
656
680
716
776
736
720
750
746
714
726
728
712
696
690
706
700
706
710
688
710
714
724
760
720
716
764
776
788
756
698
702
714
708
716
700
650
620
614
574
650
732
728
740
744
706
666
630
646
646
642
624
624
634
628
630
634
636
618
610
606
618
636
646
666
696
716
738
758
756
722
666
676
666
644
638
604
606
612
616
642
682
680
686
676
712
752
726
714
678
666
672
646
632
634
644
662
688
722
750
764
784
790
728
720
720
698
682
666
694
712
736
756
768
722
740
748
704
680
710
726
736
708
722
750
760
720
652
682
710
734
702
716
694
674
670
746
820
772
712
694
652
634
620
602
626
668
724
768
780
754
718
746
740
718
718
704
714
714
706
708
690
668
670
660
670
648
642
640
636
652
666
686
692
688
670
680
648
646
676
682
696
700
692
662
656
644
642
638
614
604
628
650
676
728
738
716
750
744
680
668
664
672
606
680
664
638
636
640
646
632
626
618
634
634
638
626
632
630
628
632
636
612
626
648
688
706
696
660
668
662
662
636
610
608
622
622
650
672
690
696
678
652
666
656
662
672
702
688
712
706
700
652
624
664
650
646
622
632
656
676
684
694
690
682
672
660
668
648
668
698
720
714
702
700
674
672
680
682
692
694
690
646
638
638
626
620
658
698
732
694
654
686
680
690
694
654
672
674
692
654
646
660
654
668
686
746
766
756
760
750
736
704
670
680
674
642
620
630
670
714
728
734
682
688
714
720
730
736
718
670
692
722
718
714
660
640
664
652
654
618
624
648
668
682
668
644
652
636
666
668
638
658
636
642
640
608
628
638
710
762
776
# end time: 2016-07-17-10:14:11, 1468764851.26
