# R wave intervals in milliseconds per line
# start time: 2016-11-02-14:19:53, 1478110793.08
830
756
776
824
834
756
776
856
514
898
708
762
1484
890
1486
892
662
754
766
780
722
788
848
870
1568
1526
916
646
808
826
746
740
886
652
716
814
838
854
796
680
700
722
734
730
738
828
858
870
824
862
874
852
790
724
726
754
784
740
758
790
760
724
766
810
756
782
802
844
720
748
802
806
780
794
850
880
800
802
836
848
770
778
828
844
766
808
832
780
762
788
768
704
712
752
798
780
752
788
836
752
752
772
804
774
762
808
840
858
816
812
824
834
796
766
802
818
782
782
832
842
792
722
736
724
746
700
708
758
818
848
862
804
802
804
806
764
770
774
788
790
794
840
850
844
824
770
754
770
786
744
736
788
800
720
656
720
758
786
732
792
828
824
752
720
748
722
680
666
694
806
796
776
824
868
866
830
816
816
830
826
778
818
858
872
828
820
830
810
790
834
856
796
764
768
798
734
750
802
842
800
796
834
828
784
764
786
818
796
740
782
810
836
772
762
800
814
776
752
788
808
798
752
794
812
778
730
768
782
730
698
762
774
734
710
728
756
738
728
748
760
766
718
712
728
738
708
680
710
726
704
778
836
860
826
814
848
846
824
774
778
786
766
768
832
874
828
838
856
818
764
808
832
816
762
794
808
800
752
778
798
786
736
764
786
810
752
768
814
824
728
764
740
724
696
760
812
804
730
766
800
810
766
746
778
808
774
766
816
800
734
764
810
844
776
790
820
822
772
786
830
856
790
774
826
858
826
794
834
844
774
772
814
832
748
754
810
836
756
770
804
812
746
764
800
828
776
760
798
804
754
746
786
812
776
808
830
808
732
764
796
794
746
804
826
818
756
792
792
768
736
754
766
730
682
694
724
742
718
760
808
836
810
788
804
796
778
736
724
732
738
710
670
702
704
688
734
778
726
686
718
692
726
758
772
720
700
734
748
728
720
750
770
784
748
702
738
750
726
712
768
790
762
712
748
770
780
758
732
766
798
784
738
778
806
786
726
748
752
746
708
738
786
836
830
822
838
820
754
758
784
776
760
726
740
736
738
702
672
722
690
680
672
732
788
766
732
786
798
782
732
734
766
782
746
704
768
814
826
768
792
816
796
736
766
792
792
738
788
832
836
760
756
752
710
672
630
612
612
768
866
890
818
766
778
802
774
738
756
762
756
766
768
766
760
750
744
740
714
722
764
822
868
880
818
826
852
854
852
838
768
770
800
824
834
784
796
826
832
758
766
798
808
770
746
776
792
736
726
766
816
764
794
814
766
754
774
794
752
764
796
800
764
794
810
806
746
758
764
732
694
712
744
776
734
746
776
792
764
752
788
792
740
712
714
694
678
722
758
786
756
750
766
772
748
772
806
824
772
770
790
794
750
776
798
806
728
756
776
748
716
756
798
778
760
780
776
742
690
718
744
762
730
766
810
814
716
700
702
698
650
632
644
654
710
792
750
728
720
688
712
678
724
736
666
650
674
680
670
624
622
638
638
628
606
628
672
710
726
718
776
816
824
824
804
814
820
822
754
696
716
704
666
662
666
670
696
764
750
694
730
774
816
812
758
788
806
780
714
736
776
816
780
746
794
846
808
788
826
832
750
764
800
826
756
786
824
828
774
770
770
748
704
756
818
854
808
766
820
836
806
746
774
780
754
706
736
770
798
754
794
818
808
764
756
772
748
706
710
728
760
766
706
726
758
780
744
750
794
826
826
774
754
766
784
788
754
786
828
824
770
798
822
822
786
750
768
790
814
790
798
832
840
808
740
768
794
824
832
788
826
842
844
838
778
782
788
804
802
790
824
828
814
784
816
848
840
788
812
828
788
708
720
742
742
696
654
702
730
752
694
712
748
766
736
686
710
718
710
674
696
752
800
760
778
832
844
790
808
826
808
792
778
754
690
682
696
700
700
696
684
666
680
770
888
840
874
892
888
834
798
822
822
788
716
772
828
866
780
816
852
812
736
770
816
826
738
758
800
824
798
760
818
826
810
750
778
798
800
756
752
784
806
776
726
778
818
844
834
762
780
788
794
744
782
814
842
770
790
802
776
718
756
790
808
738
770
798
798
764
726
762
792
778
710
732
736
736
692
684
730
776
766
760
802
814
778
752
770
798
760
716
760
788
788
738
744
750
720
680
714
682
610
598
810
822
804
828
830
840
806
808
788
778
722
714
712
712
722
714
696
686
678
662
662
680
744
754
774
788
780
738
718
722
724
736
718
730
756
796
794
790
818
836
774
768
776
776
710
724
760
766
698
708
758
774
722
728
748
676
644
680
698
678
662
704
736
686
674
722
738
688
648
650
642
642
634
632
628
652
690
686
722
750
742
718
684
712
728
758
708
650
672
676
654
622
670
650
644
668
744
728
710
782
826
842
808
718
736
748
752
696
658
698
752
822
852
772
776
824
848
822
732
756
804
846
860
830
794
820
832
820
752
792
818
808
738
720
734
800
842
884
816
846
862
860
844
784
800
816
840
856
800
808
820
848
848
832
868
872
864
798
816
814
792
742
786
834
852
778
758
776
790
732
718
760
770
718
714
766
790
776
700
712
742
746
696
706
736
770
736
748
782
800
742
732
764
782
768
736
770
780
720
732
738
692
632
630
644
644
634
660
670
648
634
644
646
640
648
654
646
630
612
620
638
658
642
636
630
652
664
672
642
620
624
638
666
700
732
752
690
714
732
764
734
708
778
842
864
782
804
824
830
754
754
782
800
756
708
752
800
748
766
802
832
760
766
796
756
746
778
806
808
762
778
804
788
766
742
760
756
756
678
686
712
728
748
726
670
642
658
698
758
724
734
778
806
816
844
842
770
766
738
678
692
690
668
668
724
800
858
868
830
784
798
770
700
718
766
822
788
802
828
836
818
768
782
794
772
726
752
710
696
746
808
828
758
778
808
790
728
770
800
816
748
740
762
778
744
728
766
796
768
746
774
798
766
734
760
742
688
724
770
776
696
694
704
674
638
656
696
798
874
876
834
836
844
828
784
726
742
762
770
722
748
790
798
730
752
806
836
738
758
810
828
752
748
790
800
740
738
784
806
810
744
754
778
784
720
756
806
824
778
748
778
758
688
700
736
770
758
686
716
740
754
700
692
748
776
738
708
762
794
798
770
746
758
726
674
704
730
766
770
718
766
782
788
728
724
762
792
784
716
740
760
768
738
700
732
734
706
678
716
752
750
706
746
760
758
714
700
730
746
726
684
716
740
762
692
646
676
716
742
708
668
676
686
694
688
700
632
610
614
610
630
602
592
592
592
596
572
564
646
780
750
736
714
656
634
638
644
634
626
622
656
692
722
748
768
758
688
748
786
820
818
820
826
818
812
734
748
770
810
824
826
806
750
758
790
776
796
806
808
722
746
728
684
720
756
778
788
708
726
752
780
802
820
746
726
748
758
778
784
752
688
724
738
730
740
726
782
816
780
752
790
810
734
708
728
754
754
756
768
738
710
724
748
766
776
776
720
728
734
718
714
750
772
756
722
758
786
724
688
654
694
714
774
816
810
758
732
734
714
708
750
768
794
850
882
904
844
846
792
818
834
834
850
808
826
830
830
836
790
798
804
806
778
750
766
802
814
826
816
798
768
768
738
752
784
818
764
776
826
776
748
788
822
806
760
780
754
706
738
782
812
788
760
812
796
722
722
732
742
758
758
754
754
764
760
746
740
746
688
708
708
706
698
662
698
722
724
734
732
732
734
762
710
768
786
740
718
736
754
744
746
738
712
656
704
734
768
744
748
802
824
770
774
804
806
732
742
778
792
720
764
802
760
704
728
750
730
676
672
674
706
774
738
734
712
734
772
800
832
836
830
778
722
696
728
774
810
770
748
776
816
852
794
764
788
754
684
704
748
754
710
674
706
726
746
740
692
758
786
798
792
724
730
762
762
744
698
744
782
808
786
748
778
784
748
716
784
828
830
744
772
830
836
764
748
760
772
708
688
718
748
760
704
754
786
792
732
742
750
750
686
672
660
638
636
654
650
638
698
794
856
844
816
816
808
766
684
706
738
756
766
702
680
732
768
784
758
740
772
778
750
686
698
740
786
822
794
718
762
786
746
670
682
702
718
750
712
662
654
694
718
716
700
752
796
792
764
710
730
738
742
682
662
698
728
748
778
708
742
786
822
850
834
760
794
784
776
720
712
750
774
732
686
748
808
828
758
674
698
708
716
670
652
630
660
678
698
670
700
754
796
814
792
736
766
780
778
714
736
776
800
786
754
788
818
830
822
770
800
810
808
792
692
670
684
696
682
672
778
830
812
760
828
848
808
748
776
748
684
642
638
664
680
686
618
694
722
728
724
698
720
750
756
674
656
682
714
738
748
802
842
828
768
772
766
702
680
672
660
640
624
604
622
664
704
720
698
642
652
688
740
760
724
778
824
824
786
788
792
784
750
796
838
860
854
852
854
856
814
816
832
826
794
788
822
846
802
780
804
804
720
692
752
780
720
774
840
860
760
776
804
800
734
692
724
744
766
750
768
786
790
730
724
744
760
714
742
790
824
754
762
788
816
748
700
726
704
672
634
670
740
838
850
832
856
842
812
758
752
708
666
644
664
698
766
754
708
746
776
792
766
698
658
658
662
674
680
692
670
710
708
696
722
708
708
730
768
776
772
760
730
710
670
668
638
600
620
676
750
830
810
726
774
746
744
774
842
824
772
762
766
750
744
692
646
690
744
822
852
802
734
772
774
778
726
684
720
762
812
834
774
786
808
804
760
704
740
762
778
754
716
756
786
768
698
644
676
712
728
766
788
776
706
660
628
654
678
716
752
706
708
748
778
780
710
686
738
768
780
760
762
740
700
738
712
714
712
718
670
690
706
696
708
740
710
710
780
840
800
784
848
866
760
756
772
756
770
716
660
684
734
786
842
834
758
788
800
800
758
730
774
814
798
750
810
862
894
870
878
888
840
768
788
786
770
706
770
788
734
798
836
844
796
744
792
802
790
746
724
730
750
772
750
792
828
830
778
764
788
782
750
722
782
818
828
772
744
778
784
796
742
762
778
734
690
670
682
718
780
728
734
786
822
822
766
694
730
756
792
720
640
722
670
666
666
564
674
692
674
692
694
668
662
636
662
670
652
648
666
698
708
730
728
710
700
690
674
646
640
680
764
858
858
858
826
828
834
828
800
738
762
782
798
788
774
760
774
710
676
708
758
696
666
676
666
666
680
650
666
714
754
768
682
678
714
722
704
724
804
878
886
814
754
728
766
816
842
792
742
776
780
778
706
710
726
732
706
674
740
792
836
780
738
784
788
788
730
730
766
786
740
708
764
802
804
734
722
746
722
698
652
656
658
678
764
842
778
782
828
848
756
720
730
736
692
694
756
804
810
758
826
848
790
788
798
756
726
794
850
836
786
862
894
892
774
742
746
726
746
802
854
892
846
882
916
920
886
890
874
814
748
768
790
828
776
756
830
834
788
792
800
800
732
704
760
798
750
712
758
774
722
718
772
770
708
764
802
800
750
788
804
780
734
758
784
790
744
776
810
830
800
816
846
842
754
750
768
766
714
738
774
778
752
772
816
804
720
738
730
720
674
702
734
748
704
738
776
744
700
724
740
694
686
716
718
702
738
764
770
708
710
748
786
772
726
784
818
816
770
798
818
762
748
748
696
686
732
784
780
716
746
774
778
704
720
754
780
744
764
794
800
740
728
760
744
732
722
710
698
674
664
702
774
810
744
774
746
714
774
772
776
708
714
696
662
666
666
740
766
774
788
742
668
698
736
766
714
718
740
746
770
774
760
728
678
706
690
670
662
658
704
764
720
700
754
772
758
694
722
740
752
740
684
704
722
690
678
724
740
688
668
714
776
842
810
736
776
736
682
684
690
716
688
656
646
654
694
762
824
840
776
756
770
778
770
778
792
804
790
712
742
774
792
712
706
762
824
818
708
786
802
776
692
714
680
648
698
742
800
754
724
686
662
664
690
708
698
682
726
772
806
812
744
714
720
716
704
670
718
762
794
808
762
712
754
742
746
706
748
764
794
734
760
802
814
776
708
750
754
720
672
680
698
718
686
664
628
680
756
834
842
774
786
796
776
712
756
806
846
836
768
802
794
754
720
760
786
774
710
760
796
814
792
760
794
796
754
700
746
762
736
686
694
686
698
714
720
678
634
660
666
684
666
654
678
722
718
740
778
774
756
724
744
752
732
688
724
752
776
748
692
734
760
742
688
712
768
804
756
772
806
782
710
744
736
716
666
624
626
640
666
708
690
654
722
746
740
684
672
684
694
702
652
636
676
718
734
686
658
684
672
630
612
616
636
676
646
646
634
700
756
812
780
786
816
818
782
732
758
764
782
732
686
750
812
852
798
810
832
838
778
798
824
826
742
706
760
792
750
702
774
798
778
712
786
830
814
732
760
792
722
728
706
646
650
658
656
640
834
868
852
886
896
882
840
806
782
746
730
700
682
630
648
648
666
728
758
744
730
746
756
704
710
682
686
682
680
666
656
668
676
698
706
704
676
712
694
708
680
684
690
718
732
736
740
706
716
736
774
816
794
738
766
784
762
698
704
744
726
688
730
772
818
782
722
774
794
794
724
702
736
726
722
696
708
666
668
698
746
722
746
790
782
748
688
692
722
722
732
698
718
752
756
710
740
774
784
748
720
758
760
734
736
804
828
776
764
806
792
746
690
714
738
752
732
698
744
778
766
712
738
744
712
672
720
748
758
716
706
750
742
684
664
686
702
712
692
670
704
702
676
674
708
702
660
698
720
720
680
702
756
742
708
774
802
794
722
708
712
680
630
632
652
686
664
688
708
690
644
628
648
646
660
634
650
700
726
694
698
728
740
742
730
674
660
686
714
730
700
664
688
740
756
770
734
766
774
772
708
734
752
754
714
682
738
782
738
672
714
740
772
740
686
722
710
708
640
658
684
712
688
682
750
802
812
824
774
730
746
748
686
694
730
774
726
696
786
836
798
730
784
812
818
762
720
758
752
712
690
728
766
740
690
744
780
718
688
740
712
682
702
716
672
688
720
738
734
674
694
726
752
774
740
692
734
742
742
700
728
784
828
812
720
710
726
704
664
634
666
704
728
716
676
710
742
748
696
642
624
662
696
724
744
706
716
744
760
732
708
748
780
770
708
744
786
800
804
746
758
764
740
680
730
800
844
822
788
830
832
778
718
742
754
770
720
732
770
810
808
704
708
718
742
716
686
734
754
724
686
662
674
660
674
662
634
704
792
840
868
798
812
812
762
684
712
734
692
660
724
794
842
808
796
826
832
794
762
782
784
778
720
736
760
788
756
736
786
826
758
722
770
780
752
696
734
768
720
698
754
778
802
736
714
734
736
682
648
698
746
796
774
808
832
770
694
688
714
716
672
696
748
772
788
744
732
760
758
718
718
742
756
726
766
794
792
720
718
750
754
726
696
732
748
736
688
738
766
760
702
694
730
758
738
692
756
806
804
722
738
760
776
732
664
700
742
770
758
712
780
818
814
742
688
728
744
760
706
716
760
782
732
710
746
730
682
692
730
774
794
804
838
828
742
736
754
762
720
680
718
736
690
650
654
686
662
646
654
728
762
708
726
774
770
702
664
710
732
728
684
704
730
722
680
692
740
788
742
708
774
810
750
718
766
778
716
698
770
810
766
720
794
800
722
744
788
782
724
766
742
744
762
770
722
704
756
792
798
734
758
790
790
732
730
772
800
778
700
734
764
782
740
692
746
766
776
716
710
738
728
684
666
710
752
786
732
672
724
776
804
762
752
778
796
748
700
742
768
764
700
734
754
764
714
680
716
718
670
676
726
764
738
690
722
724
710
662
650
684
716
718
678
746
802
814
786
712
754
766
770
740
674
664
678
636
644
638
658
652
632
652
690
702
676
606
602
630
768
792
814
812
780
740
668
654
678
678
762
806
848
826
818
812
810
834
830
818
788
776
764
752
734
680
690
698
700
712
758
814
850
870
816
824
828
828
802
800
818
814
798
778
796
804
750
708
766
816
842
764
702
750
764
722
662
710
728
716
670
712
738
748
688
692
736
756
716
722
774
796
744
698
716
700
668
632
646
686
724
744
700
720
738
734
694
682
712
708
662
650
686
722
740
708
694
718
696
668
666
692
682
654
688
710
718
716
622
662
648
628
628
668
730
832
856
810
748
768
780
754
674
650
642
650
634
622
634
644
702
762
782
750
766
800
802
780
716
642
672
694
720
744
708
672
726
766
796
758
716
752
758
736
694
714
730
748
698
678
724
742
700
688
734
788
768
686
716
734
738
692
682
730
764
738
690
732
746
714
678
712
736
710
662
646
660
660
702
730
684
712
736
758
730
680
714
746
754
696
680
730
758
770
728
734
768
786
758
696
728
774
816
842
770
724
774
786
758
688
686
708
656
644
706
754
818
842
782
728
756
750
706
658
682
724
760
738
712
766
800
774
706
728
758
776
792
728
722
754
770
802
770
694
724
752
728
672
694
724
740
708
688
748
776
776
724
698
730
744
752
738
692
720
720
684
668
704
736
756
716
754
786
790
740
762
748
724
660
656
696
732
744
694
726
772
798
764
692
720
730
690
638
662
700
750
742
688
722
764
764
700
682
700
686
654
626
650
694
744
782
732
766
804
792
732
674
714
724
722
688
656
702
738
780
734
686
736
748
728
674
692
712
710
664
670
702
730
670
674
720
758
770
710
682
702
708
682
648
676
682
676
646
644
622
620
660
706
766
754
714
766
796
770
692
674
712
762
800
734
744
812
840
770
686
728
746
736
684
690
748
788
732
724
784
818
824
748
730
750
744
708
682
734
760
780
768
720
760
764
740
702
730
758
778
780
740
762
770
766
714
710
732
736
718
714
758
798
818
782
748
784
786
750
714
740
754
716
704
758
770
724
664
700
718
734
700
650
692
714
718
674
680
728
752
746
686
678
708
716
722
684
714
754
770
704
686
736
760
734
684
718
740
756
714
678
720
748
762
720
732
762
774
722
666
696
710
712
664
628
628
620
662
910
874
830
826
824
796
774
788
752
742
772
778
780
754
764
774
780
786
788
788
774
738
730
738
738
690
680
698
684
656
680
714
692
654
658
658
686
704
674
708
742
708
674
700
710
676
644
668
716
770
770
718
784
824
748
756
794
820
772
724
756
764
730
688
726
768
800
742
700
732
728
670
680
720
704
648
666
724
750
726
674
714
742
754
696
716
736
738
728
674
702
722
736
756
736
700
738
758
780
722
734
748
758
754
698
718
738
748
720
704
752
776
784
730
760
780
792
736
682
716
724
684
650
676
732
778
750
684
730
754
764
724
698
730
754
762
692
672
710
732
724
690
716
738
744
728
694
732
756
760
702
658
690
692
676
654
688
738
804
832
808
714
734
746
746
718
718
742
756
706
726
766
774
756
688
690
722
750
740
684
728
744
738
682
736
766
784
748
696
726
708
660
666
686
698
664
686
752
798
794
714
744
760
724
658
672
716
748
720
770
812
824
772
746
768
778
744
692
740
774
784
720
738
774
726
670
640
658
660
698
702
728
798
824
812
760
790
792
770
714
688
698
722
666
618
652
676
726
678
670
704
684
696
758
774
732
658
648
660
668
678
656
696
722
698
680
712
726
720
710
662
644
666
712
680
644
638
666
740
806
728
722
726
730
732
750
776
720
714
728
682
662
666
692
720
714
750
782
714
734
782
816
834
782
796
782
824
752
796
780
734
788
822
750
804
846
836
798
812
802
748
724
746
772
764
706
730
740
736
674
720
766
774
706
712
724
738
758
710
688
736
770
776
726
722
734
750
756
738
736
744
740
740
692
714
738
780
776
760
794
742
708
666
700
756
788
780
762
790
794
770
714
754
802
834
770
796
838
842
762
764
780
768
708
746
774
802
754
754
788
786
714
696
726
728
674
660
682
676
664
620
608
598
592
586
620
620
652
688
710
712
710
706
676
680
684
696
690
660
644
664
676
676
646
638
672
710
742
714
692
718
706
658
634
660
642
644
666
684
668
710
758
800
826
750
756
770
686
648
676
720
700
748
822
858
812
824
848
838
754
774
792
800
724
696
744
792
816
814
838
848
794
782
774
730
664
648
664
696
748
758
830
868
860
768
732
754
772
768
706
730
778
802
778
702
670
676
646
646
642
636
632
636
616
626
618
642
676
712
776
758
748
756
674
678
642
612
636
672
724
704
692
770
810
832
774
718
750
786
830
746
756
800
840
860
820
856
844
850
754
774
762
716
756
774
800
818
812
806
780
710
698
716
750
692
714
750
808
850
830
740
784
694
772
778
796
820
790
668
752
766
772
708
688
724
740
792
844
854
834
816
748
744
742
726
760
740
754
794
794
806
800
788
774
680
704
716
738
742
694
680
736
770
790
832
798
692
684
682
644
692
762
840
790
798
826
824
808
800
778
694
736
738
754
692
674
756
794
852
880
874
856
830
730
754
692
672
682
742
836
882
852
860
862
870
868
768
798
802
758
738
756
768
818
840
858
764
726
762
734
758
778
790
768
688
674
684
692
666
666
626
648
626
650
660
680
698
714
718
720
652
664
688
692
700
650
698
756
742
798
838
846
868
770
794
810
834
834
828
722
772
800
856
802
846
850
770
794
790
736
690
738
708
682
658
664
736
796
830
830
796
810
792
730
720
686
646
646
638
630
632
708
824
824
836
846
848
810
750
678
688
722
762
812
856
812
802
810
708
738
742
762
794
814
736
764
814
878
888
796
810
840
852
870
794
750
754
766
746
748
690
704
718
740
826
878
820
838
858
824
820
822
716
700
736
744
752
754
684
658
694
678
708
836
792
836
892
902
916
872
786
786
790
774
708
686
730
752
778
790
796
774
744
668
684
700
692
644
708
754
814
824
772
734
724
704
662
674
682
668
636
622
678
738
746
750
726
674
598
620
614
674
694
666
652
668
756
834
870
868
806
810
806
806
776
710
702
750
826
920
944
958
886
870
848
800
818
798
766
824
808
836
820
744
712
706
714
758
788
738
722
748
732
754
772
794
820
818
810
788
754
742
710
694
668
640
622
620
694
804
880
898
902
764
734
712
752
794
830
786
778
772
754
702
738
692
656
668
680
654
646
666
716
754
736
772
792
804
794
688
724
730
738
760
710
744
742
698
718
758
758
716
746
782
816
850
826
760
788
826
854
842
814
816
760
750
790
712
848
580
742
736
820
860
882
872
838
742
668
670
674
682
814
898
936
810
846
858
860
836
814
796
770
778
706
636
678
686
740
808
774
790
816
822
782
786
788
752
750
756
776
834
896
858
742
778
814
818
792
794
794
776
752
726
708
658
696
686
666
694
754
796
818
790
750
768
768
704
716
734
760
702
684
646
702
746
790
786
700
696
720
716
722
692
636
608
650
660
666
676
710
626
642
614
634
662
634
626
610
610
604
598
606
614
654
644
690
734
688
676
704
714
660
642
652
662
700
698
720
724
698
660
630
626
636
668
734
800
758
750
766
812
732
762
786
786
742
744
762
740
674
746
760
786
766
814
828
722
830
812
792
752
690
666
692
700
706
686
684
664
648
650
622
598
618
652
702
756
794
770
766
744
690
694
696
704
656
726
814
880
898
850
802
826
834
752
718
760
812
788
714
724
790
740
738
792
810
730
714
770
818
840
800
722
758
790
820
768
730
780
752
800
840
862
804
780
766
752
756
768
766
818
856
800
728
776
808
846
860
774
798
812
804
746
710
762
782
746
714
742
780
740
732
786
798
776
716
698
702
724
748
782
782
728
754
778
810
824
744
706
710
726
752
702
660
644
676
776
802
852
864
866
864
834
806
766
766
774
794
782
766
812
780
802
836
838
838
822
788
758
728
650
680
712
750
756
692
692
762
806
850
828
728
776
778
774
774
696
746
774
778
728
772
794
770
714
658
644
622
646
676
712
752
804
808
724
648
666
676
706
732
752
778
766
736
714
688
724
746
708
700
722
680
756
786
784
762
752
676
646
670
680
718
730
730
764
780
732
696
688
702
752
758
810
830
836
812
736
684
660
654
672
678
708
742
792
798
782
780
776
730
668
694
710
748
748
692
710
738
704
760
796
824
840
814
742
736
714
648
640
692
742
754
726
800
834
808
746
792
768
678
644
632
624
614
616
634
642
710
650
712
714
744
714
770
816
820
806
716
706
734
690
670
676
708
666
650
652
686
776
828
846
860
864
802
756
770
710
738
774
806
820
794
786
704
716
748
764
722
778
836
840
756
712
686
668
650
640
634
638
678
766
860
890
840
762
784
776
754
708
648
640
656
664
658
648
672
756
756
656
688
656
684
692
680
668
680
728
714
658
682
694
656
652
668
672
698
698
670
702
740
746
690
668
678
722
758
720
718
756
740
710
670
684
710
722
772
744
# end time: 2016-11-02-15:27:53, 1478114873.42
