# R wave intervals in milliseconds per line
# annotation: working at desk
# start time: 2016-12-08-17:32:27, 1481236347.96
792
778
832
870
864
788
766
744
714
682
620
596
604
624
638
718
740
688
692
668
652
654
674
766
812
826
822
772
722
698
604
698
744
818
820
818
794
716
698
696
716
724
740
754
780
818
856
822
822
828
808
782
718
718
754
794
832
814
764
822
854
850
772
766
786
796
764
706
712
684
702
778
834
812
794
826
826
782
700
680
722
784
820
792
708
740
770
782
792
726
736
766
780
760
698
716
792
858
900
904
870
846
848
818
794
754
782
796
806
802
740
750
782
802
834
834
772
700
626
672
728
790
826
796
696
708
688
648
610
658
698
760
792
792
754
722
754
768
772
676
634
636
692
798
798
812
812
800
780
766
700
648
640
774
810
836
842
832
806
778
748
688
614
608
612
616
756
776
798
788
756
706
686
666
616
580
588
608
758
874
852
840
820
800
756
714
622
588
586
600
692
788
834
866
868
850
838
714
638
630
626
806
838
844
876
852
824
788
706
630
622
620
680
760
846
870
858
810
694
630
634
624
722
740
760
786
772
740
716
700
682
668
660
662
664
672
694
718
726
634
624
614
672
848
788
776
776
758
726
684
648
620
596
588
590
616
666
740
776
784
778
772
776
700
646
652
668
696
742
780
792
810
800
800
802
806
808
804
796
786
772
770
770
766
766
764
764
748
746
760
786
792
784
794
792
808
814
806
794
778
774
780
806
838
836
850
850
858
866
824
784
700
678
672
680
698
726
756
752
758
762
754
748
748
742
692
660
684
706
668
658
700
746
784
786
750
762
746
724
714
676
652
652
648
654
686
738
792
784
778
744
728
708
704
758
794
822
832
822
778
738
714
704
698
692
690
686
686
664
660
656
660
648
616
620
638
644
660
688
690
676
692
706
680
668
658
656
656
660
678
698
722
730
736
762
772
732
710
698
704
714
646
648
648
636
636
648
670
726
774
776
780
754
732
754
778
776
774
798
816
804
750
760
770
774
736
702
754
798
828
796
748
742
724
690
664
726
790
822
816
748
762
772
762
722
666
654
680
694
728
814
846
812
810
838
828
810
790
742
680
726
758
760
730
734
746
728
716
772
800
824
788
812
818
786
804
824
838
838
776
748
762
768
776
756
788
790
756
778
766
700
702
682
676
672
662
706
770
786
780
782
730
716
730
730
706
670
698
716
752
734
742
782
808
814
756
768
804
798
794
744
720
750
766
784
810
770
736
750
744
762
816
844
860
822
796
808
798
774
708
696
744
768
806
822
796
784
782
728
692
678
608
614
556
590
666
726
724
720
688
712
714
714
708
676
656
664
688
702
718
720
716
720
718
730
752
754
752
754
750
754
754
766
772
782
772
794
786
784
758
774
818
844
830
856
846
772
800
842
832
776
824
856
846
752
784
824
796
746
784
808
828
812
852
850
842
828
842
850
830
818
850
862
872
846
848
854
848
806
728
716
706
678
690
738
798
814
812
814
826
814
822
814
792
782
780
790
796
808
796
804
812
806
760
690
658
658
618
618
646
658
764
826
850
828
876
880
840
844
834
830
792
742
760
758
712
706
732
764
788
784
724
740
792
810
836
798
766
790
796
802
698
624
606
616
798
804
794
810
814
774
780
782
784
776
800
814
804
782
736
742
734
716
736
778
798
810
796
770
752
754
752
730
696
638
618
626
578
606
608
632
676
668
662
680
696
714
744
756
738
738
730
762
798
816
826
826
796
740
720
730
732
738
754
756
748
758
766
760
754
706
700
712
708
690
688
700
722
714
740
782
768
726
740
750
684
646
684
710
736
776
742
748
796
796
794
754
750
774
804
806
804
722
622
700
756
812
828
838
782
694
714
748
774
782
736
760
788
806
766
748
742
736
706
716
746
724
828
856
812
786
836
834
814
802
776
758
752
752
756
732
714
748
806
802
796
792
746
698
724
748
784
788
782
714
712
694
668
670
696
650
634
636
628
676
690
688
650
692
708
744
746
734
702
728
744
736
704
722
754
786
774
770
788
802
798
786
790
850
896
882
904
944
948
902
860
858
818
730
728
730
722
688
668
754
804
758
744
792
814
814
754
782
810
816
822
786
796
798
804
752
746
786
804
790
822
850
856
850
796
784
792
788
778
796
834
864
854
780
788
810
820
830
812
746
764
772
748
770
790
798
768
718
754
774
796
798
800
822
812
796
752
712
708
762
802
798
768
786
798
786
764
792
832
854
816
830
838
834
824
792
800
794
744
756
776
782
764
742
764
798
818
804
810
824
788
716
752
764
738
692
706
738
738
694
670
684
666
670
738
744
716
764
768
768
722
714
724
728
694
660
666
656
654
708
774
776
780
728
726
770
814
822
818
768
736
750
770
764
760
766
780
730
768
790
790
734
752
788
780
764
746
770
800
818
822
806
788
804
820
822
802
820
822
784
788
822
830
776
806
838
816
754
796
842
784
760
818
806
720
752
772
692
630
612
600
738
784
782
798
798
776
790
806
812
808
814
774
746
720
686
664
678
696
754
842
848
844
834
818
790
712
654
654
656
682
680
634
658
652
662
680
642
678
696
658
700
714
716
720
718
704
700
706
734
754
756
722
714
736
750
774
772
758
756
744
752
754
760
750
748
728
694
724
756
776
802
812
812
812
804
772
756
742
728
716
674
680
716
758
818
804
782
792
814
832
836
822
758
764
774
772
748
700
716
748
766
738
692
696
708
668
660
668
684
740
774
744
774
800
798
782
736
734
738
764
738
752
804
830
802
784
802
818
774
722
718
746
810
842
842
844
878
874
850
860
842
796
776
792
806
830
820
848
860
856
800
752
798
820
774
696
736
748
760
742
796
850
862
798
730
734
734
740
716
704
732
752
742
726
762
778
778
766
718
720
734
730
720
712
746
764
772
752
718
736
756
742
722
750
772
786
774
800
812
772
766
776
766
736
706
750
780
786
750
682
690
706
750
750
712
718
704
670
700
776
800
746
750
764
768
764
722
702
736
758
776
738
742
768
772
732
732
778
796
824
796
774
808
810
750
724
766
782
746
778
824
836
816
782
790
790
756
704
708
730
748
752
748
804
820
838
806
788
820
810
788
756
766
772
736
680
686
712
710
700
742
774
732
748
788
788
740
694
680
672
664
680
762
842
866
852
796
786
764
700
714
732
762
764
708
670
686
712
740
770
792
774
714
710
762
786
802
818
792
800
810
792
746
730
738
728
714
728
714
690
726
800
832
780
772
804
752
732
764
776
770
766
786
790
782
726
746
760
766
710
748
770
750
802
828
804
756
792
808
808
760
774
788
776
742
794
850
890
850
864
864
798
738
754
778
730
724
806
812
778
814
814
780
796
816
820
752
746
762
788
814
790
788
830
850
836
812
834
798
756
770
782
754
758
796
808
786
788
802
798
746
748
746
764
762
728
748
744
724
694
712
730
754
742
718
742
754
746
714
730
754
768
730
728
700
680
684
728
748
740
786
810
814
756
718
738
760
788
762
770
790
794
768
762
826
872
854
850
886
898
822
846
852
836
768
786
814
800
764
796
800
778
724
736
778
808
776
806
842
842
800
828
836
826
782
786
794
758
692
664
634
638
676
686
734
750
746
686
614
616
600
590
596
644
672
662
662
656
630
664
688
700
696
708
712
684
658
644
634
638
638
674
712
746
762
800
816
836
844
802
786
784
764
740
776
802
790
788
790
754
740
780
764
764
804
810
774
772
758
692
656
682
698
694
704
768
826
766
716
742
708
708
748
788
790
788
840
838
810
756
746
740
680
660
718
790
836
826
834
882
902
894
840
826
844
872
882
874
908
928
894
884
878
814
748
758
762
748
704
686
656
682
764
816
836
830
788
792
770
724
686
758
830
860
848
832
830
812
790
750
764
816
856
836
834
866
864
820
820
818
788
720
650
652
622
608
646
696
742
694
684
726
760
746
706
728
756
738
702
726
750
752
720
690
694
726
798
796
758
796
814
794
770
796
814
798
720
724
742
760
754
698
708
760
786
782
734
708
734
808
854
864
870
860
774
728
664
674
678
754
846
846
840
854
834
746
720
744
752
778
858
908
906
890
878
894
888
874
824
814
808
832
840
784
810
804
758
700
740
804
842
792
736
762
794
822
830
746
728
728
750
736
674
672
678
678
664
638
658
678
718
728
732
756
766
788
784
774
806
828
816
816
844
858
866
836
830
836
786
706
740
776
776
780
840
850
800
830
852
756
774
802
816
812
750
768
778
768
720
740
772
816
788
784
820
814
754
744
778
812
816
824
842
842
806
820
808
750
704
712
766
774
818
860
860
756
728
728
718
678
630
650
690
808
848
800
746
752
732
698
650
664
680
700
730
714
710
752
770
730
732
752
708
664
712
738
766
768
730
760
760
760
782
816
826
816
812
822
802
778
772
790
798
764
708
750
810
844
836
770
812
838
818
758
720
726
794
876
920
840
844
860
848
792
822
854
854
784
806
836
854
770
776
814
820
726
734
742
710
666
690
686
692
752
822
812
848
870
858
848
808
804
796
808
748
742
760
744
766
778
758
786
800
804
748
742
758
742
710
680
712
754
800
816
804
832
846
862
836
796
798
794
802
778
708
678
684
646
620
658
700
746
732
676
664
700
752
810
776
778
780
804
820
812
774
744
752
786
808
784
714
742
780
756
774
834
872
832
772
802
800
788
738
704
730
742
770
728
720
750
774
758
778
822
854
862
842
838
830
812
808
818
794
758
694
670
688
758
822
790
856
910
910
874
842
846
844
804
778
800
808
766
796
824
778
822
860
810
718
730
742
764
746
692
722
726
770
820
806
776
782
792
732
738
784
802
800
752
774
778
784
780
726
694
730
744
754
730
740
792
792
782
744
742
774
800
778
728
760
780
782
724
724
742
756
740
752
786
816
794
768
806
808
784
738
722
706
668
666
718
744
750
704
758
802
820
790
752
756
748
708
668
690
736
774
768
774
810
818
792
762
772
758
720
716
710
728
738
694
666
650
660
742
830
832
758
720
674
570
632
730
744
778
796
788
766
710
692
712
730
728
720
700
666
670
698
724
750
776
810
832
846
844
798
746
736
750
758
764
744
746
770
766
704
642
634
664
798
796
812
824
814
796
768
746
722
692
688
700
732
770
792
786
770
768
764
796
816
834
836
828
822
800
738
712
688
690
702
746
780
812
748
748
760
770
732
764
788
814
762
802
840
812
758
792
816
790
726
726
758
794
822
812
784
806
788
786
754
772
816
842
838
824
850
868
864
832
824
820
808
806
788
810
830
840
814
804
814
798
748
754
782
818
780
768
796
810
780
810
840
804
786
822
828
836
780
722
724
732
710
726
760
788
782
766
776
798
808
784
794
816
816
780
784
798
798
778
762
770
784
772
758
786
806
828
832
796
814
812
764
718
730
750
794
762
764
814
836
816
842
876
878
848
840
826
802
762
754
754
766
764
772
792
832
838
810
836
840
846
822
822
834
822
780
754
780
810
800
770
794
806
792
762
752
768
758
726
768
806
836
840
812
812
808
786
770
786
784
786
736
726
738
728
696
676
652
668
706
740
772
756
784
816
826
818
800
808
800
794
752
756
770
792
758
754
794
828
842
818
828
828
814
766
766
782
788
754
706
704
694
688
700
728
794
816
778
810
818
806
778
762
768
748
734
708
730
768
806
794
758
750
766
788
810
836
862
874
830
804
798
762
726
728
758
774
796
792
806
800
790
772
782
800
786
800
838
850
860
854
852
846
822
818
800
802
768
778
792
790
760
726
760
732
682
696
786
848
804
774
810
842
808
780
798
774
776
788
806
780
764
770
752
784
820
840
814
814
842
834
826
798
792
812
794
764
776
814
832
800
802
836
848
838
802
822
840
854
816
808
822
846
826
808
840
842
832
818
834
830
788
778
810
824
834
804
800
818
810
774
788
716
700
724
736
776
802
798
762
788
770
774
766
764
746
754
766
780
766
774
800
814
806
738
736
734
730
754
782
810
830
834
810
808
800
778
762
766
778
786
790
810
814
814
810
782
786
796
792
778
774
804
804
788
750
768
792
796
752
746
760
764
730
732
782
818
824
818
858
854
840
812
820
788
736
724
736
744
720
688
692
722
700
694
730
794
824
818
854
860
864
842
800
796
796
790
778
752
784
800
764
734
718
732
726
748
744
734
778
776
752
760
790
794
796
764
754
762
754
740
708
682
694
720
746
784
792
718
688
700
736
792
820
790
816
834
808
760
766
800
812
810
792
782
780
772
768
786
778
748
726
746
770
778
760
784
808
818
778
776
786
770
754
780
790
778
756
772
796
778
774
794
804
764
758
788
804
762
770
788
798
758
758
778
778
756
756
768
730
694
668
690
726
730
768
818
856
826
790
810
804
766
774
824
842
850
796
820
836
818
766
792
814
836
816
812
840
846
832
822
856
846
814
792
816
846
848
832
806
818
816
736
668
638
610
542
640
688
748
774
784
814
854
880
888
902
892
892
862
816
728
716
766
800
812
812
816
816
814
712
716
724
726
734
722
706
694
690
712
738
756
782
786
786
772
776
746
736
740
742
730
734
766
796
806
830
830
792
784
790
794
790
786
780
766
748
694
694
710
678
672
674
704
686
678
710
722
716
694
676
720
764
794
736
762
794
800
772
712
716
750
768
770
750
800
822
800
830
846
836
786
794
798
786
758
776
810
834
848
804
824
818
796
756
762
792
798
760
762
770
744
688
648
668
698
732
740
724
748
762
764
732
706
720
724
708
702
744
758
782
774
790
798
796
774
766
764
762
760
738
762
794
810
784
790
822
830
804
778
796
766
674
660
660
644
630
618
646
666
650
624
644
628
608
618
634
648
724
788
820
830
824
836
836
830
788
764
754
734
766
816
846
838
836
860
878
906
932
860
798
774
736
728
710
732
772
784
778
766
766
728
692
700
750
808
822
832
816
744
686
688
718
762
832
838
812
830
826
802
774
788
816
832
856
858
848
822
810
788
744
718
730
716
780
840
864
872
822
802
788
750
772
794
802
778
750
714
722
674
674
680
720
730
772
826
840
786
764
758
746
712
702
756
830
858
880
856
862
908
902
826
818
838
852
758
706
734
748
820
806
794
842
876
882
842
866
862
832
776
812
850
844
794
826
856
858
812
828
832
826
816
822
794
728
726
738
754
784
792
804
830
858
866
880
886
870
852
834
830
820
812
800
780
804
830
842
830
844
862
846
800
794
788
796
784
818
840
852
820
818
844
846
820
796
812
828
792
792
806
804
756
780
796
812
770
766
788
760
710
734
792
818
772
814
870
840
802
834
824
756
766
810
832
774
800
834
840
760
802
826
818
782
812
828
830
790
830
846
842
780
720
748
768
782
760
804
842
848
822
840
850
828
754
766
786
790
788
830
868
872
840
866
866
776
746
780
826
844
782
812
836
822
778
840
870
834
764
776
796
798
756
806
834
852
782
798
784
794
788
812
816
794
764
718
712
720
722
722
734
746
756
768
776
784
788
782
776
774
776
790
800
814
820
820
800
814
824
780
692
632
566
664
724
780
814
826
830
840
830
792
772
764
752
746
718
674
664
676
692
720
746
770
792
836
848
846
852
854
784
750
734
732
746
768
782
748
794
808
796
768
752
768
754
806
790
776
748
732
718
708
708
704
706
716
724
708
694
682
678
694
738
766
780
768
792
786
710
646
640
632
614
620
662
726
804
810
812
834
828
810
752
700
680
672
688
710
666
686
720
748
796
824
826
806
782
790
788
774
764
756
790
802
816
818
788
758
766
790
806
830
832
802
776
778
772
754
778
810
836
854
838
764
784
808
816
784
736
782
806
822
770
768
796
802
780
720
722
720
706
608
644
672
710
768
746
722
752
784
814
796
802
828
844
852
854
854
852
810
730
740
748
798
810
780
810
842
822
796
842
854
816
840
874
876
866
878
872
828
788
818
828
740
740
772
788
744
722
750
756
804
864
870
816
812
840
842
794
824
872
896
854
758
782
800
730
706
762
814
832
780
802
838
852
794
746
748
744
740
752
812
870
900
902
792
748
756
778
814
848
858
788
738
778
890
890
878
814
798
802
826
846
846
836
756
742
740
768
786
820
840
848
848
860
842
786
766
776
808
846
868
858
828
804
814
802
812
856
870
872
866
820
800
794
794
798
784
798
818
834
804
780
800
800
776
746
784
820
726
664
674
676
722
746
746
768
744
748
736
752
750
752
720
694
646
648
690
710
738
776
834
838
794
778
824
820
770
# end time: 2016-12-08-18:18:48, 1481239128.06
