# R wave intervals in milliseconds per line
# start time: 2016-03-02-21:48:22, 1456973302.66
688
636
668
712
766
754
702
692
748
716
672
650
696
676
668
702
734
786
766
718
692
744
766
778
764
726
762
764
818
750
706
740
758
782
748
712
746
762
748
754
680
750
740
816
780
750
792
784
788
734
710
762
784
792
838
748
732
736
730
692
678
698
792
776
754
704
736
738
732
710
682
716
744
768
736
704
698
768
784
772
748
676
692
720
726
700
680
696
712
718
726
672
662
676
678
660
686
756
740
708
674
706
730
766
792
752
814
826
830
784
744
748
772
788
748
738
808
830
812
758
768
782
770
740
720
742
814
798
770
742
778
778
764
752
780
794
786
726
714
752
774
778
756
762
774
762
792
770
810
820
752
696
720
744
712
680
724
756
786
744
696
752
750
764
732
682
702
718
726
708
678
718
732
756
710
688
708
732
726
682
744
788
802
744
732
752
754
698
666
672
680
688
698
696
702
762
764
798
736
736
748
748
754
722
680
708
750
772
790
772
684
706
694
718
736
732
774
852
864
794
740
752
730
678
670
652
666
682
674
644
664
702
714
690
754
806
834
774
720
722
772
756
714
688
720
726
752
718
700
730
724
756
716
694
714
740
744
712
686
626
648
740
898
918
# end time: 2016-03-02-21:51:42, 1456973502.27
