# R wave intervals in milliseconds per line
# start time: 2016-11-16-07:43:28, 1479300208.15
810
870
814
800
756
684
694
724
760
810
796
732
756
768
770
772
708
708
746
760
796
764
740
758
748
704
658
702
728
728
684
662
664
640
682
970
950
928
900
870
842
814
806
804
804
808
834
836
832
802
788
764
718
674
670
662
664
676
746
796
810
818
730
738
746
734
728
680
704
724
732
754
688
680
708
686
680
686
684
644
630
640
614
612
626
640
738
856
868
784
766
760
738
736
734
730
712
698
684
650
622
642
690
770
852
810
762
788
776
762
696
690
694
704
710
718
714
670
636
638
656
646
660
706
762
832
844
768
764
758
738
716
660
666
692
730
782
758
714
744
764
778
748
688
712
716
726
718
684
714
736
756
750
708
748
770
806
814
742
728
744
756
780
756
714
746
756
694
666
682
676
662
688
708
706
664
682
696
670
676
706
694
698
734
758
772
786
788
740
686
672
660
654
654
680
668
684
714
714
718
722
734
744
728
674
688
690
698
702
720
680
684
690
698
716
700
674
694
706
708
714
696
664
682
688
712
730
748
728
668
672
664
658
642
626
648
652
650
674
680
688
724
754
756
694
662
664
660
652
648
630
630
642
640
638
670
692
728
742
764
782
786
788
756
752
760
762
756
770
708
716
746
770
800
812
744
706
740
754
728
704
744
780
790
754
692
714
722
730
676
662
648
666
678
636
652
642
622
624
612
604
588
598
606
608
636
710
738
776
772
700
686
676
658
674
650
690
730
742
764
778
764
774
772
760
718
698
690
678
666
654
648
648
630
646
662
702
734
718
674
692
714
720
674
626
588
578
626
700
790
820
854
868
866
826
744
700
686
676
680
684
700
734
772
780
796
766
720
682
656
638
628
636
658
694
670
680
690
698
750
792
798
708
696
720
760
804
820
820
766
722
714
712
702
688
662
652
654
618
640
666
708
646
680
714
768
840
880
862
840
820
740
730
710
716
694
670
648
616
574
580
594
592
606
638
710
794
852
870
856
788
762
762
718
672
692
684
694
712
718
728
704
720
740
756
736
734
710
690
682
656
636
646
656
670
690
700
670
634
644
644
644
624
626
618
626
638
662
640
626
624
648
642
664
642
658
670
668
704
732
748
728
692
692
710
720
702
664
664
688
702
706
670
678
698
702
704
666
658
652
650
650
660
660
700
752
782
774
710
724
762
752
690
688
722
746
778
730
710
728
732
738
726
680
670
690
686
700
676
652
672
692
686
694
700
660
640
638
640
660
670
670
684
690
692
670
632
640
644
620
620
628
632
646
692
736
786
776
786
774
738
688
702
708
710
684
656
652
678
682
686
694
672
666
668
682
670
672
688
704
702
688
642
634
652
680
686
696
668
666
702
704
710
702
726
782
832
836
854
836
732
684
678
662
660
654
684
778
866
838
802
846
844
828
772
684
696
714
736
744
704
726
754
730
702
750
786
810
798
720
746
772
758
754
702
716
756
774
804
812
778
734
752
758
730
722
758
788
826
832
758
698
734
742
756
776
712
668
690
726
760
748
696
724
762
792
814
814
786
704
720
716
716
698
664
702
758
800
766
694
692
748
782
750
688
648
698
720
722
712
686
672
662
656
644
618
626
660
724
842
888
888
842
850
840
828
810
730
700
724
742
800
858
808
806
850
850
830
748
788
784
780
762
708
740
772
774
730
752
788
792
794
768
754
784
812
808
794
742
760
778
790
788
752
774
818
836
774
728
756
766
752
696
686
698
718
732
722
786
802
752
728
724
742
724
666
686
718
744
762
784
740
702
752
786
818
826
748
738
752
744
742
714
682
710
738
772
798
778
738
710
696
696
700
718
726
670
674
710
750
798
806
744
748
774
782
790
774
708
732
772
792
780
698
724
744
754
752
694
726
760
780
774
728
778
822
838
830
808
750
710
734
742
758
728
720
786
832
854
842
750
766
774
778
802
792
752
756
754
718
688
724
724
676
696
738
774
784
772
704
654
654
640
640
632
626
642
706
764
802
738
776
774
752
702
656
672
704
732
712
666
716
748
778
808
772
726
752
752
736
726
676
688
712
730
692
724
792
824
828
816
734
758
758
752
730
686
662
680
720
766
824
824
776
792
770
716
670
628
650
642
690
658
658
646
646
634
616
620
632
660
724
750
766
752
704
736
732
726
688
646
678
712
742
768
712
718
770
784
734
662
648
664
670
650
640
640
668
680
646
636
672
706
730
744
704
656
684
706
712
722
710
670
688
706
724
744
766
716
690
724
760
788
812
770
742
762
750
728
672
654
682
696
706
672
666
696
726
714
678
692
680
682
692
720
732
706
654
678
686
660
648
604
596
612
650
714
764
746
702
692
668
690
756
840
856
816
752
736
708
692
664
628
622
634
662
694
742
790
814
720
738
764
774
726
722
646
668
652
630
618
636
676
722
766
782
758
748
684
670
674
658
660
684
708
740
722
710
702
710
710
712
668
628
622
600
612
650
728
742
770
770
742
690
650
642
664
740
806
816
742
776
766
712
640
658
668
634
634
640
644
644
650
628
652
690
676
646
680
684
678
740
736
718
750
758
778
732
714
712
694
650
632
654
662
648
630
610
636
640
620
600
582
594
608
592
582
592
632
698
790
852
854
840
756
778
772
746
686
698
734
752
702
700
754
808
856
848
820
752
680
674
672
672
664
674
708
740
772
776
738
704
716
692
656
628
628
606
612
620
646
696
756
756
762
724
700
714
712
700
666
678
682
678
690
696
704
678
668
698
700
676
662
668
684
700
672
644
634
626
636
650
646
668
630
622
616
628
606
596
592
582
582
590
570
572
576
582
594
604
618
624
640
668
686
686
670
# end time: 2016-11-16-07:58:11, 1479301091.83
