# R wave intervals in milliseconds per line
# start time: 2016-03-02-20:40:08, 1456969208.93
698
708
672
690
724
742
738
684
702
692
682
662
622
618
628
624
710
736
756
852
876
860
784
748
702
672
822
628
784
866
838
840
748
748
812
804
758
728
780
814
784
754
762
796
764
746
798
818
784
706
750
770
742
722
750
784
816
774
766
792
816
768
712
724
732
778
738
728
762
782
788
722
672
694
686
678
686
692
740
776
748
740
732
834
696
756
770
772
786
730
732
740
590
526
702
728
784
806
762
716
728
722
702
660
692
708
744
756
730
766
786
788
720
726
718
720
680
692
752
738
714
712
674
686
712
740
794
778
730
718
786
716
662
654
628
648
676
756
862
894
862
784
742
754
766
770
788
776
780
772
758
712
678
714
700
742
690
662
694
708
714
714
738
738
712
684
684
692
698
720
684
688
744
764
814
656
674
724
744
784
802
778
766
820
828
774
746
780
784
780
742
758
784
804
750
732
762
808
770
732
734
706
676
652
632
694
754
810
788
816
812
826
822
792
728
754
780
804
760
774
818
864
826
770
802
828
826
782
768
800
804
774
738
772
794
760
732
774
806
782
776
812
794
750
740
758
774
756
730
762
800
798
760
726
766
784
790
756
782
804
802
752
738
762
778
734
720
752
780
790
732
758
792
800
746
692
716
690
674
658
690
730
760
748
710
716
716
716
702
690
724
772
838
856
848
864
846
862
784
764
792
822
808
766
810
834
860
770
788
778
772
730
702
752
818
840
796
778
802
808
772
764
788
816
762
736
770
782
758
720
736
768
784
762
792
828
842
788
766
790
806
824
768
748
772
758
714
680
688
650
638
664
678
672
714
768
790
782
778
816
832
828
786
752
786
798
824
788
770
812
836
816
752
724
752
774
766
762
812
828
782
738
780
776
776
796
736
710
724
720
744
720
712
752
786
796
742
744
772
790
754
748
770
782
766
742
776
786
762
730
774
794
802
790
760
762
762
756
738
762
776
734
712
740
758
778
764
770
784
750
702
710
728
746
742
706
744
790
808
754
728
756
734
672
642
652
664
674
652
650
666
684
702
688
698
716
726
710
696
700
714
728
702
686
716
706
744
734
724
762
792
800
792
806
808
800
752
764
796
800
750
728
744
758
728
722
740
764
724
714
748
758
706
678
650
664
706
766
756
756
810
824
822
756
732
744
774
772
728
758
774
792
754
740
764
788
776
754
800
820
832
756
724
746
742
736
750
800
842
858
786
776
812
792
754
754
800
838
872
810
802
842
856
846
790
774
788
778
764
780
802
840
812
766
790
804
782
716
750
770
782
720
694
690
684
644
644
680
686
718
708
678
684
680
778
636
674
660
600
618
636
576
616
686
720
768
718
730
758
782
736
744
754
746
694
682
692
668
650
626
626
644
664
702
706
732
778
814
888
654
702
794
810
758
714
738
734
722
686
664
700
742
826
796
776
820
832
756
732
746
752
746
716
706
750
806
842
792
798
838
848
776
734
762
758
728
734
780
852
854
786
814
808
810
788
736
778
826
850
842
772
722
734
768
780
748
774
820
828
814
744
738
750
758
732
710
752
770
774
732
732
774
724
730
778
822
858
828
772
768
760
736
710
734
762
782
740
758
802
894
780
710
726
720
728
704
698
708
720
702
686
734
764
788
802
768
802
802
746
730
742
758
738
754
796
820
814
740
740
762
770
754
714
752
748
768
720
740
768
766
730
746
768
736
706
716
666
670
640
658
648
674
682
676
734
786
750
712
732
732
696
664
672
744
694
702
740
814
870
828
788
678
680
708
740
760
772
810
778
754
786
802
812
780
752
756
762
776
750
726
744
722
694
684
724
778
800
740
730
756
786
772
762
784
778
790
762
768
778
772
776
710
734
760
776
766
738
754
762
748
686
748
696
684
630
676
622
634
652
620
612
590
658
600
632
678
742
756
784
796
798
756
714
730
754
746
700
716
768
820
774
740
774
796
774
714
722
738
714
684
724
760
764
712
742
744
788
752
748
750
770
754
748
754
772
768
742
730
778
804
810
792
778
836
804
752
700
706
716
718
706
740
814
828
786
760
792
834
810
746
720
764
762
710
706
734
754
744
736
756
772
750
714
728
718
682
676
694
700
714
718
734
688
682
706
724
702
742
772
780
740
724
750
776
780
748
808
854
866
834
820
818
820
768
752
760
754
744
704
706
716
752
776
732
746
764
784
752
762
778
770
716
744
768
754
702
762
774
742
700
724
730
728
678
668
694
738
780
738
702
738
778
792
754
736
764
792
810
786
776
796
798
790
730
722
728
710
682
712
748
786
772
750
774
796
770
718
726
736
750
734
700
708
734
764
734
698
722
752
764
740
706
718
728
718
692
708
726
706
684
684
716
744
710
686
712
730
722
684
692
720
754
740
698
714
726
744
562
616
636
716
664
852
584
584
708
748
750
722
656
666
662
674
684
690
766
824
788
764
782
812
816
760
742
764
780
756
742
768
820
822
788
806
824
816
778
726
758
796
794
766
764
716
682
724
746
738
710
720
764
824
774
748
786
816
820
788
750
770
800
794
754
766
788
778
716
712
730
742
716
694
724
742
746
734
784
800
782
754
758
754
730
656
692
744
702
704
798
714
674
662
674
662
678
710
702
688
702
714
778
712
730
724
688
692
704
716
692
704
724
714
696
680
700
702
708
680
680
656
652
638
640
652
652
652
620
608
608
638
718
852
894
892
888
868
852
820
756
764
776
802
818
792
832
882
874
840
742
772
754
744
716
688
738
758
778
760
734
752
758
740
708
724
734
722
700
728
732
736
710
710
718
714
682
716
724
718
694
696
722
696
660
640
640
628
624
636
664
624
640
656
672
702
702
742
768
778
778
748
784
780
760
722
672
666
676
708
762
796
822
830
818
766
770
804
788
780
758
770
794
804
778
752
774
786
756
746
768
798
802
760
734
740
732
694
660
682
728
810
826
772
796
794
752
722
736
736
714
686
704
742
712
680
706
734
720
702
726
750
760
748
686
672
654
620
650
702
728
734
772
888
868
784
774
774
760
732
756
778
790
770
792
804
780
758
786
782
738
694
710
728
732
698
732
768
758
728
766
764
748
722
742
780
814
820
774
786
774
756
740
762
800
818
800
776
790
766
712
740
748
782
756
722
770
774
750
734
762
780
758
720
734
718
686
694
740
778
760
752
788
796
764
722
720
718
722
706
692
724
760
760
730
742
744
730
734
762
804
764
684
712
650
636
638
614
618
616
652
658
678
714
756
766
708
710
730
666
744
764
786
784
742
750
768
750
714
734
762
806
796
812
826
820
760
738
770
782
752
730
764
788
774
750
798
792
778
702
680
660
678
690
676
672
694
740
756
732
798
760
736
676
674
656
646
606
614
708
784
814
892
914
892
838
854
842
782
724
752
776
760
746
812
876
892
878
898
896
866
840
862
848
792
758
772
784
758
770
812
842
798
772
792
818
774
718
730
734
742
724
744
796
868
860
834
866
862
814
742
762
768
756
728
758
802
834
828
810
804
744
754
746
758
762
744
762
802
802
778
746
770
780
764
752
772
794
790
746
746
766
786
744
740
754
750
722
738
740
684
704
590
934
762
744
774
802
756
736
742
716
684
696
700
684
644
632
642
642
650
646
692
766
840
808
790
822
830
828
782
802
810
780
748
778
772
776
748
760
764
772
758
750
784
806
792
758
776
776
760
734
768
790
772
744
766
780
746
724
746
754
732
714
756
788
752
740
752
738
666
652
664
644
622
644
706
772
790
714
726
732
748
702
692
722
762
800
796
836
696
666
704
678
582
618
634
592
612
582
612
586
600
622
628
636
678
750
812
832
768
766
740
752
712
710
724
738
752
742
744
780
814
820
750
756
762
782
770
742
788
820
784
742
766
774
800
774
742
772
808
834
816
796
804
754
738
772
780
714
674
674
704
736
734
710
702
722
728
702
664
656
666
644
628
634
670
726
788
732
668
662
668
674
688
694
700
696
690
728
754
774
726
688
686
696
674
646
644
668
698
752
740
704
710
684
666
666
678
688
706
688
670
682
708
732
688
676
674
670
656
666
654
650
668
716
762
750
778
836
846
832
796
774
796
810
778
760
802
796
738
692
694
718
696
678
666
670
668
642
636
640
676
700
708
788
862
816
728
748
776
746
716
746
772
732
702
708
722
734
698
696
712
740
732
716
748
768
752
742
756
768
762
724
722
776
826
832
788
766
778
754
744
788
810
806
776
754
772
752
738
762
788
760
744
758
744
700
724
764
790
766
736
710
676
672
688
682
676
714
752
758
744
760
752
700
688
734
734
708
746
760
746
724
748
762
728
710
744
792
808
770
748
760
776
748
708
720
734
722
696
698
722
752
778
758
790
800
804
780
740
754
768
746
696
690
712
746
744
766
804
818
786
734
730
728
690
678
670
676
666
670
698
726
720
740
800
830
798
774
760
740
686
652
646
666
686
710
804
884
822
802
808
766
718
730
756
762
734
774
830
816
736
678
682
718
746
762
716
704
718
734
764
756
778
810
800
758
726
726
736
746
728
682
# end time: 2016-03-02-21:08:30, 1456970910.34
