# R wave intervals in milliseconds per line
# start time: 2016-11-07-07:48:44, 1478522924.9
798
798
840
880
848
880
926
922
814
730
738
816
854
788
832
852
758
746
798
812
844
852
788
802
828
838
866
878
858
848
832
816
784
770
766
780
796
742
680
708
722
722
764
764
722
684
724
664
630
642
648
832
844
796
754
750
752
750
778
774
802
798
810
832
852
862
866
882
896
914
908
916
900
896
904
888
876
878
882
804
746
784
808
802
756
712
764
792
806
750
758
790
820
844
842
838
770
762
776
750
746
742
698
734
780
832
860
814
874
862
842
764
754
760
764
726
712
754
774
788
728
756
780
800
816
780
766
764
768
752
756
766
776
704
732
738
722
682
686
698
680
676
670
690
686
670
688
712
744
742
776
820
846
874
874
866
770
744
750
768
812
836
852
794
820
824
834
836
758
742
742
756
752
716
738
772
786
812
800
776
784
796
810
792
768
792
800
810
830
836
766
776
792
800
814
764
774
788
804
848
876
882
866
794
782
780
782
788
784
736
730
754
758
774
780
742
756
746
762
728
688
692
692
722
714
714
726
780
726
692
714
708
680
684
688
686
690
684
674
690
688
700
710
730
744
724
710
702
666
658
672
672
662
1266
760
514
628
648
654
678
698
738
760
780
810
818
828
838
852
856
824
738
752
788
860
844
790
882
958
922
794
792
812
854
902
920
850
794
810
810
806
828
846
884
920
920
874
842
776
730
764
774
776
786
754
712
776
828
868
848
760
782
810
844
834
762
800
844
886
904
814
718
734
740
760
706
724
750
780
818
788
834
872
888
868
852
792
744
766
770
782
784
736
756
750
742
768
852
876
820
746
796
832
866
884
818
762
808
850
880
902
884
820
858
880
886
900
806
864
910
942
954
926
798
824
864
898
926
932
836
830
864
892
886
780
790
834
850
856
842
782
834
852
844
764
778
816
844
862
864
792
768
782
778
750
694
726
732
720
762
822
866
896
850
822
818
824
834
814
804
826
828
794
732
740
772
788
832
794
816
866
876
850
808
856
872
860
810
776
812
822
818
752
766
800
852
858
788
812
846
862
846
774
808
834
854
814
756
806
844
862
782
774
806
826
846
780
784
806
816
770
706
738
742
762
736
682
714
678
658
632
724
756
734
742
722
692
654
656
650
634
634
624
648
664
644
658
668
690
720
744
776
788
788
724
752
770
788
790
792
792
800
808
796
742
732
744
722
802
816
814
778
788
788
804
848
872
878
860
800
790
782
786
772
714
728
762
748
764
836
876
866
782
764
758
726
692
700
714
730
768
826
856
882
884
816
806
814
826
844
850
834
820
822
800
792
846
900
920
928
884
810
834
834
848
852
816
804
846
854
858
806
792
818
826
844
838
764
788
820
834
848
784
786
812
828
840
800
738
768
784
798
832
858
882
828
816
822
810
806
824
844
842
840
784
764
794
804
778
734
674
686
702
728
742
764
820
862
878
866
812
750
758
756
754
726
688
684
694
690
672
668
690
718
766
802
836
838
774
798
776
770
760
764
750
706
756
790
794
794
760
792
810
824
840
838
778
788
804
820
832
784
734
726
768
754
732
750
740
760
790
840
820
762
772
768
760
746
744
704
704
734
754
786
798
786
792
842
858
866
824
784
796
794
788
722
704
706
690
666
670
680
712
744
776
718
690
730
756
796
830
836
796
744
764
782
796
806
818
756
762
788
808
806
774
814
834
834
840
830
768
780
788
806
818
762
788
832
844
812
798
818
818
808
806
770
728
758
770
786
800
762
744
770
776
784
748
748
776
790
790
742
762
786
798
790
714
702
716
730
728
686
706
722
740
754
692
674
712
744
772
804
812
802
758
758
756
748
718
692
696
696
708
724
726
704
714
720
682
656
658
608
598
652
644
670
688
704
746
798
822
848
860
872
860
810
766
744
722
710
714
730
750
766
788
782
722
712
714
714
736
780
738
690
724
758
790
816
810
744
760
774
772
780
788
742
752
758
742
704
728
768
836
884
908
888
876
828
768
748
740
748
754
750
738
712
736
748
760
770
744
722
730
740
752
752
718
720
750
762
780
780
724
742
752
# end time: 2016-11-07-08:00:25, 1478523625.02
