# R wave intervals in milliseconds per line
# start time: 2016-11-11-15:34:53, 1478896493.45
726
728
752
784
726
698
708
712
726
692
670
668
664
644
616
658
622
680
684
656
662
680
686
666
644
636
644
668
690
696
728
776
806
788
796
608
676
728
754
760
720
730
754
790
1074
644
608
798
652
820
1104
756
736
662
638
606
604
636
682
692
692
732
762
780
726
706
716
716
716
682
676
694
722
756
734
734
752
774
768
734
676
684
686
662
638
672
686
658
708
770
818
752
742
762
774
724
680
714
730
744
692
670
712
754
794
772
736
762
764
762
736
682
700
732
766
778
786
808
812
792
756
782
796
794
786
704
716
732
730
690
696
730
740
700
738
762
762
722
674
690
704
714
684
644
684
734
772
736
760
812
844
792
730
752
758
760
718
702
738
764
796
764
762
790
786
742
696
706
708
672
654
708
768
822
804
784
816
824
794
728
742
762
790
750
722
756
738
690
698
730
774
754
788
826
834
802
764
766
742
680
666
692
700
680
694
752
784
766
726
758
796
810
786
766
796
816
784
750
776
798
786
740
766
822
842
798
808
838
826
746
758
798
824
758
744
798
838
762
794
838
742
638
648
760
860
842
812
794
724
712
720
722
720
712
674
652
672
682
712
756
780
788
780
736
716
716
724
762
766
766
754
690
670
690
710
746
746
706
720
726
740
750
754
700
654
668
688
708
706
686
632
610
626
646
658
648
630
654
684
704
676
646
636
646
652
634
632
660
682
692
672
658
616
606
606
638
680
698
674
724
752
786
804
762
716
760
780
782
748
684
694
716
740
720
688
740
780
752
730
766
792
798
740
684
706
718
734
734
696
702
726
734
740
720
680
714
728
748
726
710
744
770
778
752
722
764
784
720
692
726
752
712
696
756
804
806
748
768
792
772
702
716
736
740
684
698
738
776
744
720
764
750
706
702
740
722
686
714
738
712
760
776
736
744
764
732
724
734
732
688
700
734
726
740
676
660
694
718
734
734
692
718
742
744
692
716
734
682
710
732
772
784
742
776
778
736
732
762
780
726
690
690
696
658
638
682
714
742
716
698
740
738
734
702
680
704
706
674
664
686
714
712
672
678
710
696
664
678
712
706
670
714
754
714
702
722
698
664
684
706
696
660
662
692
710
672
670
704
742
752
720
742
746
736
686
676
694
710
682
652
708
766
794
756
802
816
784
730
758
764
752
704
696
712
722
686
688
732
762
724
718
762
790
726
690
714
720
682
670
708
756
786
752
758
780
770
704
684
704
734
762
734
758
774
742
774
790
742
668
670
674
654
626
608
632
626
658
692
702
650
642
652
658
678
650
642
684
724
756
754
688
684
706
716
690
656
688
720
730
694
714
750
778
780
712
686
702
718
718
684
690
744
790
802
732
718
740
738
688
666
700
740
774
736
722
768
788
774
700
698
710
708
702
662
668
718
782
822
792
774
776
770
714
682
704
728
740
710
700
732
748
758
740
726
754
758
736
688
682
698
704
698
660
636
656
630
630
634
604
580
592
622
694
770
758
726
768
798
800
730
698
710
716
702
658
650
694
754
790
790
722
734
730
708
662
644
668
714
778
814
754
738
778
796
794
746
770
780
776
712
674
696
728
750
712
738
788
826
830
774
770
784
772
722
706
742
778
796
750
734
776
812
778
690
706
728
736
692
700
714
690
608
638
610
596
600
606
606
616
646
652
654
640
620
638
670
654
594
586
604
612
644
686
670
642
672
728
760
708
674
702
708
722
678
692
738
768
758
714
748
768
800
786
758
752
738
720
658
638
670
672
678
752
800
788
772
770
774
770
704
650
662
692
750
736
670
676
664
684
718
726
694
762
774
762
706
644
662
668
678
716
694
682
732
782
800
728
754
778
770
702
676
720
746
730
698
752
806
820
730
738
764
770
706
666
702
748
712
668
688
710
718
678
650
680
710
740
728
732
780
784
752
672
676
644
644
664
738
786
772
748
800
802
780
726
656
672
702
752
790
754
780
818
830
784
796
822
780
686
650
668
682
684
662
706
762
816
766
706
740
758
760
704
696
740
772
788
752
752
770
764
732
682
708
722
744
716
688
748
804
810
770
728
768
772
720
682
720
746
722
690
732
756
738
678
688
720
714
672
638
618
620
618
692
726
800
866
904
842
768
772
756
694
682
730
722
674
712
730
686
676
718
740
718
676
716
676
682
690
708
740
740
742
724
720
736
702
644
654
662
664
672
666
622
654
680
718
716
706
744
766
758
690
712
708
698
644
622
628
644
684
736
700
756
774
790
706
680
700
718
728
718
672
694
710
710
686
650
682
724
766
782
734
720
740
750
734
684
668
692
710
748
710
682
738
758
694
664
664
624
600
664
574
602
842
776
752
726
722
580
654
646
732
688
1304
782
552
674
674
678
606
616
610
592
630
596
654
728
818
762
804
764
774
720
658
622
576
654
578
642
628
656
706
722
696
650
656
680
642
648
648
682
712
736
748
654
662
664
676
678
662
650
646
598
596
622
636
608
658
712
744
714
664
656
678
698
648
624
646
670
686
674
634
660
674
690
708
700
644
650
648
664
680
694
720
624
666
672
672
684
676
618
620
646
634
660
640
636
670
688
696
688
670
642
650
674
674
662
658
612
614
628
674
712
688
662
710
716
670
664
700
666
628
652
652
640
616
632
676
662
660
634
634
652
690
686
682
718
724
702
668
648
688
678
654
710
702
760
820
838
828
776
670
656
662
668
690
716
686
728
766
704
684
700
712
720
684
642
664
690
708
720
724
680
692
738
752
722
690
722
738
742
664
712
758
792
772
734
770
762
762
750
710
722
656
664
692
702
634
704
758
742
676
684
690
712
726
720
678
668
684
690
674
648
668
724
754
752
718
774
762
684
634
618
614
656
828
828
794
790
738
742
740
716
712
686
686
688
694
708
706
698
674
706
716
684
680
710
720
716
704
680
666
664
678
668
660
614
650
598
606
608
634
672
716
706
628
624
638
638
614
606
622
642
662
644
616
616
606
618
618
624
624
594
596
622
636
640
664
668
632
618
622
614
602
602
592
640
596
644
634
646
660
672
664
648
644
628
640
640
624
630
664
638
640
700
720
828
832
780
764
758
732
672
632
652
670
690
728
742
726
740
654
644
652
648
660
682
648
654
664
696
718
724
762
790
690
646
676
696
676
682
724
774
736
736
772
780
730
720
766
746
714
750
740
710
686
676
686
694
682
644
664
622
612
600
644
712
772
770
776
798
788
744
662
666
664
676
710
706
706
706
728
740
700
682
730
762
754
706
694
744
766
728
742
740
664
604
606
644
704
738
768
770
764
780
682
648
652
642
644
644
660
630
654
660
670
674
634
652
642
652
630
616
624
594
630
640
706
792
778
796
840
818
744
768
752
724
728
706
696
674
652
644
660
680
688
692
714
664
650
672
682
666
664
682
736
660
710
710
730
752
686
682
680
688
698
698
688
662
596
618
622
612
658
658
624
630
646
700
686
714
716
694
704
642
646
638
612
608
642
636
654
610
638
668
722
732
744
672
674
662
666
664
646
642
616
586
602
628
662
662
712
758
774
728
746
766
752
682
664
678
720
708
686
746
790
780
718
698
726
732
678
650
670
686
662
646
672
670
666
646
698
722
678
684
728
742
736
710
640
606
606
592
596
602
640
708
708
674
722
790
762
700
662
658
694
778
752
682
700
726
738
722
678
690
678
688
736
786
834
816
720
724
738
748
746
720
652
672
698
724
754
738
762
764
758
714
708
730
728
688
670
704
738
688
662
640
728
602
670
670
630
622
660
634
616
596
584
588
580
576
582
590
582
580
574
586
592
622
694
786
738
754
774
788
726
724
736
724
714
660
658
702
788
746
752
766
782
768
778
690
692
742
776
728
692
674
658
670
754
806
824
776
782
770
692
630
610
646
696
752
776
842
858
858
790
764
738
718
674
680
740
792
756
744
812
840
814
744
722
718
754
774
786
736
662
646
634
674
706
782
736
700
752
740
724
694
734
742
724
680
704
694
724
734
740
728
660
660
630
642
652
628
660
688
794
836
814
808
822
764
732
744
732
696
666
678
694
696
718
730
724
716
742
764
682
672
708
720
752
710
728
786
822
794
712
740
746
748
704
698
734
766
746
708
762
780
736
704
726
716
666
670
676
704
688
678
734
754
736
696
720
716
702
650
618
620
614
604
596
604
618
668
678
722
786
836
834
826
778
760
754
742
700
694
698
708
732
702
708
748
776
732
668
690
678
680
640
614
634
670
716
716
706
696
732
722
682
682
618
546
618
642
602
646
618
586
650
622
662
642
622
606
548
786
582
596
658
710
714
730
714
684
660
626
602
602
598
600
612
624
608
610
670
740
732
678
706
748
758
706
684
728
738
718
662
634
638
652
624
622
598
608
652
680
690
652
654
682
696
680
644
640
646
656
650
630
654
700
726
742
696
656
680
686
708
676
678
718
762
760
704
698
696
700
720
718
690
666
680
704
702
662
674
686
694
708
664
646
630
634
614
614
636
638
674
710
734
740
736
718
654
638
626
622
628
628
632
662
694
730
674
678
692
696
638
638
646
674
672
654
672
702
698
660
674
696
700
674
680
714
752
738
682
676
682
678
658
632
650
646
666
654
680
712
684
678
674
710
698
684
654
608
600
602
592
582
590
568
584
580
582
582
580
580
586
578
568
570
596
574
622
638
592
622
626
664
694
716
670
634
646
642
630
672
710
730
748
736
666
670
702
734
734
748
752
714
630
610
632
688
730
710
668
698
696
782
824
764
764
762
756
668
644
640
664
678
692
702
702
678
646
642
666
686
668
664
714
778
742
702
704
740
716
674
704
692
648
658
690
740
722
674
694
738
738
696
706
764
706
704
682
642
680
662
670
734
764
736
666
682
692
706
678
652
676
690
680
644
630
664
704
720
676
700
754
782
778
734
738
678
648
622
648
726
812
824
816
796
808
786
752
694
694
718
748
788
742
668
652
648
760
848
882
868
848
780
746
742
722
716
746
764
796
808
812
808
756
718
722
720
714
720
706
720
766
798
806
692
714
688
684
678
708
710
696
688
602
632
642
642
654
668
620
652
676
654
646
666
648
636
612
604
606
626
688
704
720
688
694
676
686
686
642
654
642
626
660
716
770
764
770
766
710
664
612
636
614
620
706
738
690
674
716
734
738
680
670
676
682
692
666
642
668
662
710
752
756
768
786
778
694
656
648
664
650
662
622
630
638
660
668
656
678
734
780
730
670
692
708
696
670
632
648
696
766
776
706
736
770
770
694
654
686
726
776
774
726
738
692
668
714
758
778
714
696
698
744
740
682
700
704
692
704
756
768
768
720
714
684
694
716
730
682
638
658
732
790
766
714
700
704
686
668
666
656
626
616
642
676
664
628
668
686
684
650
662
706
696
658
690
720
742
712
724
714
710
686
646
620
628
636
672
728
786
804
782
826
822
760
760
788
784
706
646
668
692
666
680
750
744
762
814
808
750
754
728
698
642
630
648
714
806
822
760
784
806
764
710
706
696
678
666
632
670
678
676
688
748
810
820
792
768
810
814
794
778
770
766
748
744
720
750
816
854
838
854
862
870
808
818
836
850
800
762
784
798
804
766
766
834
866
892
870
846
812
832
826
850
846
846
884
888
896
884
812
810
806
830
814
810
846
876
850
746
736
724
764
754
754
782
822
788
788
804
788
762
704
682
706
764
786
758
812
856
858
770
784
802
796
750
700
750
766
782
738
772
800
798
742
758
796
824
782
792
796
770
730
754
760
768
814
826
814
770
754
778
796
808
790
788
816
826
806
814
838
836
794
826
840
820
784
720
734
776
802
776
764
794
796
792
728
710
734
760
770
772
804
818
788
728
722
722
726
762
796
816
762
760
752
762
764
762
704
708
744
794
846
872
774
750
744
752
728
736
718
722
718
660
680
688
664
656
654
690
668
686
718
796
826
820
806
762
708
642
618
588
622
600
614
602
648
704
746
754
674
662
682
696
672
722
722
758
788
782
758
712
680
684
664
696
736
772
800
800
756
764
776
784
792
744
774
784
782
760
704
744
804
832
784
726
752
748
692
746
756
720
698
718
740
722
712
748
782
748
716
748
770
782
746
686
722
774
848
834
788
814
820
758
686
706
724
752
748
716
786
832
850
834
764
780
774
788
754
718
754
784
736
706
722
774
802
814
778
758
780
790
802
822
808
822
846
858
876
832
844
868
890
886
834
858
886
882
850
820
846
848
804
746
802
834
776
702
726
768
776
714
726
770
776
710
694
714
730
692
674
710
742
770
746
722
762
770
758
722
728
736
754
744
726
774
804
828
818
782
784
786
782
776
756
754
774
790
800
788
762
806
824
754
760
790
786
714
720
738
742
702
704
742
764
724
734
804
824
784
748
766
770
700
702
754
798
776
786
850
848
788
808
806
796
746
736
756
756
760
738
776
800
818
812
810
822
830
824
794
814
840
854
846
802
836
846
812
740
752
782
788
732
720
784
824
762
726
766
780
758
710
724
758
776
750
736
796
818
768
770
814
820
790
752
752
746
726
722
730
674
682
704
776
786
728
750
770
768
734
758
782
806
786
778
808
802
744
776
800
802
754
762
790
800
774
744
780
778
736
752
774
778
764
732
786
806
810
724
736
748
742
714
756
794
814
784
778
798
814
798
766
774
784
730
722
750
744
696
694
698
700
660
632
656
660
692
726
744
690
690
726
742
744
716
714
736
748
718
702
738
784
774
732
752
780
784
754
788
804
796
722
730
740
704
688
736
786
846
808
816
838
816
758
746
754
764
760
726
748
784
812
772
686
718
784
834
872
878
864
832
794
746
744
750
740
748
756
710
720
758
822
854
864
818
756
774
788
788
776
734
726
756
700
692
752
794
740
700
726
770
746
698
714
748
722
726
756
796
804
788
726
716
726
722
694
718
772
792
816
828
832
778
722
734
704
672
676
706
692
686
680
650
674
760
782
818
840
814
774
742
712
738
716
680
720
682
706
766
840
818
834
844
854
782
722
778
780
786
762
790
804
810
786
722
720
738
766
750
762
818
844
782
704
762
762
770
724
676
720
748
800
818
786
720
748
768
766
726
678
700
736
752
714
704
732
748
752
756
742
744
704
726
754
712
704
728
754
772
720
690
732
794
844
860
798
760
784
778
756
706
732
776
758
700
740
806
884
902
880
826
816
778
760
724
698
708
738
776
766
776
826
776
690
684
660
710
964
934
916
888
858
822
802
772
754
736
722
712
728
736
764
784
786
786
780
712
752
740
734
716
710
706
700
662
640
648
644
660
686
770
830
832
820
794
768
734
714
660
666
700
742
810
830
744
734
792
770
712
766
812
788
704
750
766
724
714
746
750
702
742
788
818
738
724
724
716
708
678
734
766
798
784
770
790
784
782
780
780
774
758
770
770
772
778
772
780
792
804
782
716
746
772
796
772
680
744
798
798
716
714
764
776
732
684
718
734
756
732
712
762
788
798
732
744
748
684
684
680
708
768
750
786
848
866
796
808
820
800
734
704
732
744
754
758
706
762
798
826
780
758
792
790
744
696
740
762
760
738
792
826
792
754
784
802
782
722
688
708
688
642
646
652
712
812
848
814
864
868
774
760
772
730
734
760
776
798
748
680
710
720
674
656
694
718
778
748
700
724
754
740
738
674
642
664
610
620
640
654
678
702
712
690
654
614
610
618
626
632
628
618
638
682
752
804
822
828
812
770
692
704
674
658
640
634
652
650
720
742
816
822
832
830
748
674
664
658
656
686
704
664
698
704
716
730
742
734
688
660
672
678
672
670
664
646
638
668
712
770
736
748
762
768
708
730
724
670
660
698
692
662
668
774
812
870
880
868
864
828
666
688
718
714
772
828
850
790
722
764
762
732
730
774
820
832
820
760
680
658
676
688
736
710
688
708
792
864
872
870
766
716
728
730
746
786
794
708
734
764
752
780
812
820
810
788
752
714
706
748
736
696
774
834
878
902
902
872
780
738
722
712
678
642
682
750
810
814
786
818
816
740
676
652
630
778
814
816
846
866
858
834
780
786
790
780
790
772
764
766
710
678
702
740
788
838
846
838
816
796
774
746
736
728
736
744
758
698
664
714
750
784
782
786
730
668
698
708
726
750
776
790
746
664
684
708
740
782
798
814
788
698
722
732
746
776
742
692
686
710
682
670
686
726
718
674
736
786
814
828
774
686
722
748
780
796
750
694
738
772
816
842
798
794
800
792
774
736
774
810
824
798
718
764
812
838
786
694
734
766
782
794
764
694
710
728
746
738
704
716
770
782
730
726
782
812
826
806
770
802
778
718
698
742
782
810
808
744
772
812
810
782
730
772
780
802
776
736
778
796
810
770
716
764
786
816
782
706
754
782
812
810
742
764
768
746
698
646
674
698
728
724
684
740
776
772
732
692
732
738
728
680
670
702
724
724
686
654
664
640
620
608
600
628
650
656
662
674
670
666
672
652
644
626
624
608
596
592
584
576
576
566
616
730
786
758
724
744
766
776
780
754
710
648
674
714
774
810
822
752
704
762
804
850
858
786
748
768
794
776
708
762
800
796
692
708
682
662
668
714
694
642
676
714
776
796
738
722
744
752
736
670
704
740
770
732
720
790
822
820
778
698
718
734
748
772
724
758
822
850
834
822
828
816
796
784
764
806
842
846
842
768
796
826
846
802
778
832
848
830
754
786
794
788
738
720
790
840
824
740
776
794
764
694
722
770
760
704
722
774
818
758
740
788
806
788
726
768
800
806
744
758
780
780
742
718
762
790
792
746
778
808
816
762
728
766
774716
718
712
662
700
732
702
652
686
702
728
688
632
644
664
704
720
690
748
790
796
788
724
752
742
746
720
664
698
732
786
784
726
794
810
820
824
814
786
740
702
668
650
674
682
740
802
866
906
888
834
870
846
808
806
790
782
748
678
676
702
752
786
794
798
770
720
650
634
622
632
664
774
860
888
916
886
838
842
808
752
728
708
710
682
618
614
650
636
710
714
726
786
844
838
770
804
792
780
780
718
684
702
700
712
690
720
726
764
758
776
832
880
856
822
852
810
782
732
688
714
744
780
798
800
756
758
734
732
676
702
696
652
664
722
812
828
832
840
730
730
694
682
696
682
630
668
702
740
774
744
654
690
688
708
724
700
732
794
826
766
696
662
640
656
630
680
676
686
758
804
832
830
758
724
702
708
740
742
728
752
644
670
636
572
658
564
674
704
742
742
746
714
710
708
688
658
634
620
620
636
654
746
834
852
872
870
812
778
768
768
766
780
764
760
756
726
712
668
656
680
656
692
690
632
654
678
668
676
714
766
786
810
824
798
702
730
730
758
756
672
706
740
786
800
824
836
808
784
760
706
650
648
668
714
822
882
894
812
848
836
726
736
746
734
724
782
828
842
820
830
818
770
690
706
740
784
814
814
794
772
742
712
684
698
742
738
670
676
654
730
788
840
854
866
864
850
746
686
682
696
734
754
736
808
854
886
892
882
874
802
794
788
728
674
706
740
758
738
736
776
846
854
836
734
754
750
686
708
754
778
728
746
762
774
786
792
742
680
692
710
744
790
826
822
728
670
664
658
658
690
728
768
788
806
804
782
732
660
688
680
702
740
772
814
812
794
696
678
690
696
702
724
704
710
806
878
908
886
830
728
718
724
678
676
736
724
742
750
762
832
854
854
810
738
786
812
804
734
748
722
762
812
854
858
858
738
714
726
746
786
822
774
744
802
810
798
716
690
726
752
740
716
706
696
690
718
686
658
674
708
716
726
764
770
760
752
728
702
642
640
652
682
656
654
700
760
828
816
796
830
824
842
744
686
694
696
690
682
670
672
632
636
628
688
746
696
670
644
606
600
602
642
720
826
738
740
732
702
676
652
672
710
770
812
824
848
854
850
858
876
866
818
784
812
842
858
878
866
840
870
870
848
744
754
794
832
770
708
774
822
780
714
776
818
804
732
756
790
812
772
726
802
844
852
820
740
770
780
752
690
712
750
798
812
828
844
834
760
760
796
804
776
752
788
798
796
730
744
776
780
732
720
704
694
730
774
798
824
840
822
750
746
780
820
850
836
836
858
848
752
758
790
814
786
736
800
848
832
770
794
812
758
716
772
804
794
722
762
798
832
828
772
796
810
750
710
748
766
736
748
838
864
828
798
822
814
776
736
784
822
812
760
808
826
822
752
768
790
796
764
770
814
826
770
742
786
804
792
746
790
820
836
778
782
802
818
820
782
812
830
844
800
794
812
814
764
726
774
782
766
700
748
798
772
722
772
804
808
754
770
792
798
758
698
730
750
754
722
748
784
796
740
724
780
812
784
732
742
752
764
726
682
688
716
752
786
754
720
770
816
836
796
820
842
804
758
720
676
692
722
778
790
798
838
852
830
790
782
808
808
810
762
738
772
806
826
816
782
818
846
850
832
776
794
804
800
746
718
766
800
792
728
750
784
796
750
744
792
788
734
738
766
770
718
708
762
804
804
742
766
802
818
786
726
756
788
808
778
736
772
790
784
736
790
838
818
770
734
752
792
824
790
788
828
838
840
804
790
804
828
810
710
718
732
758
714
672
690
728
726
702
770
814
826
792
810
866
870
830
758
778
810
846
860
824
820
852
874
876
850
862
856
828
770
800
846
860
854
770
764
788
786
722
724
780
814
754
704
776
796
814
752
686
706
696
692
712
718
714
658
654
622
644
656
666
642
676
722
728
726
688
634
626
618
618
626
626
608
606
630
604
620
670
686
890
938
900
876
816
770
740
700
660
664
682
694
656
702
762
798
780
804
792
792
760
744
688
632
648
664
590
668
694
740
780
780
718
802
772
770
788
786
766
710
702
710
724
690
666
708
764
832
852
848
808
738
784
788
792
792
770
720
716
752
770
730
728
780
730
800
794
762
726
734
614
634
642
592
600
592
610
622
630
650
666
640
658
656
678
636
614
634
668
# end time: 2016-11-11-16:35:47, 1478900147.42
