# R wave intervals in milliseconds per line
# start time: 2017-01-07-20:21:18, 1483838478.49
# Jeff Hackathon
994
1078
1036
912
992
1044
992
1042
1096
1002
1026
1032
902
940
1004
962
942
1020
956
994
1024
996
890
940
930
914
926
934
992
916
976
918
914
944
922
996
918
936
996
920
962
996
1018
910
934
962
880
884
866
872
848
944
922
952
1072
1002
988
924
978
932
952
910
922
914
964
1074
1128
1108
1094
1050
1000
960
834
838
850
978
1094
1044
1010
1034
934
888
872
886
964
1024
1094
1084
1076
1040
980
894
906
900
904
874
826
858
936
988
956
936
990
914
862
850
864
916
996
1042
1034
1020
1020
974
924
868
840
872
948
1026
1004
926
922
898
918
934
880
866
880
910
898
890
834
810
834
900
996
1068
1058
1024
988
1024
1028
996
980
930
928
852
800
780
794
808
924
1106
1010
1036
968
1000
894
888
950
898
900
912
926
938
924
938
896
900
830
838
842
894
964
1004
938
946
938
940
938
884
850
874
900
858
908
858
844
882
910
868
848
812
824
816
840
898
934
948
968
932
916
874
880
880
876
834
858
882
860
812
810
860
884
856
866
868
882
940
950
918
848
836
870
834
852
858
904
988
1000
980
944
890
884
908
898
930
992
938
956
968
1004
934
876
908
934
866
848
868
942
984
1006
1042
1042
1012
914
894
948
986
938
914
970
1014
940
942
1000
950
942
928
928
978
956
954
988
932
962
926
940
982
890
908
912
934
960
912
886
934
940
894
902
930
988
1016
1010
920
940
890
890
914
878
848
838
862
912
956
1020
1034
1032
954
946
940
872
894
928
980
1028
1020
936
868
872
890
942
1050
1088
1040
1040
926
920
882
822
840
792
772
794
732
722
750
750
748
696
634
764
566
704
654
638
642
644
636
648
634
624
630
624
636
654
686
766
808
846
800
806
754
738
692
690
702
668
676
692
658
672
708
684
682
688
710
700
698
714
698
686
682
688
702
736
780
814
810
778
764
764
738
726
716
786
752
734
766
734
720
728
720
708
734
772
786
804
804
788
774
774
776
790
806
796
808
806
812
812
826
790
782
796
770
756
746
764
808
912
1000
1026
984
916
836
792
786
810
784
756
756
776
802
798
758
754
776
836
888
974
1046
1024
994
998
966
956
930
918
874
836
854
822
826
858
878
826
798
782
814
792
762
776
776
742
768
708
750
718
718
726
772
776
820
842
812
792
798
862
970
1002
992
978
984
968
942
898
860
846
838
814
810
796
794
824
846
830
842
822
794
774
772
776
800
842
872
894
890
876
856
860
880
894
872
850
838
794
806
790
738
766
726
720
718
716
754
790
770
752
744
734
748
768
816
824
828
780
726
754
686
704
692
692
690
666
668
644
654
656
668
658
660
684
648
662
696
656
624
652
646
744
658
674
712
696
722
722
670
662
690
644
646
620
632
610
616
600
598
592
584
592
610
624
644
670
666
672
670
688
666
668
684
620
664
632
622
612
612
612
618
642
670
666
682
694
706
706
706
680
666
666
674
666
608
1218
730
968
842
734
754
746
764
730
734
742
748
726
738
752
792
820
826
836
788
786
822
862
856
812
810
816
848
826
788
786
816
892
958
946
904
846
786
778
774
764
752
772
782
800
818
886
826
786
784
800
778
776
774
772
744
780
780
782
740
736
740
700
700
690
722
720
716
746
818
812
786
814
778
746
716
680
690
662
632
628
622
598
590
592
576
580
586
594
604
620
656
684
672
676
654
646
668
690
682
656
692
690
668
650
658
670
692
674
674
694
740
738
710
708
734
732
704
692
706
742
740
722
710
718
746
732
742
724
720
724
710
696
700
648
654
676
676
686
714
706
714
680
666
660
710
680
672
694
732
764
742
746
760
800
812
776
756
750
744
740
728
792
816
806
778
760
734
744
750
772
850
844
884
890
826
830
848
798
812
870
828
850
870
820
834
780
754
760
664
648
692
624
586
610
550
578
544
608
550
560
534
554
582
632
782
1072
998
1016
990
972
1004
950
946
950
892
942
880
896
878
814
796
840
808
792
824
840
890
858
864
824
808
778
760
752
700
696
674
680
690
718
694
816
918
902
888
830
802
662
694
688
664
680
726
878
936
978
1006
984
880
850
864
830
800
836
810
836
878
812
820
852
826
792
810
802
774
804
832
802
786
820
856
842
828
844
856
800
790
810
822
776
760
754
778
812
784
796
830
802
772
792
812
788
792
824
870
852
824
798
802
822
852
864
812
818
826
792
800
820
790
818
812
812
846
866
810
796
754
774
748
704
744
716
722
712
710
718
744
732
732
748
762
746
776
794
816
780
754
768
798
798
766
764
808
830
814
840
848
792
776
788
798
766
742
742
782
824
808
784
804
828
858
822
808
854
900
904
896
864
798
774
782
806
812
820
810
810
784
784
814
872
932
968
936
880
838
808
800
820
832
836
842
800
768
750
734
754
780
772
752
770
730
716
696
716
662
792
682
706
662
696
662
682
710
728
736
770
788
816
808
802
800
812
814
808
810
856
840
802
794
794
826
892
964
980
958
940
932
928
888
874
884
902
972
1016
1024
1010
908
838
834
854
912
960
972
994
930
870
850
874
928
978
1038
1050
1012
968
938
950
976
1002
1010
936
894
940
1010
1048
1018
908
866
864
920
1000
1104
1118
1102
1052
1008
982
970
994
1028
950
898
926
868
838
814
836
894
962
998
964
890
860
862
864
922
968
990
1006
994
976
902
872
570
916
1036
1100
1106
1054
952
956
994
1024
1062
968
894
872
894
964
1104
1080
1054
1026
1022
1006
908
938
1026
1164
1126
1012
944
918
916
956
1060
1060
998
988
980
970
912
914
1000
1212
842
1072
1006
1004
994
892
890
900
934
894
862
866
888
918
1010
1018
980
952
934
882
908
884
880
962
1024
1072
1088
970
920
938
948
896
920
980
1004
942
880
912
960
910
958
964
880
884
882
834
844
822
792
850
514
652
700
554
684
# end time: 2017-01-07-20:38:39, 1483839519.85
