# R wave intervals in milliseconds per line
# start time: 2017-01-08-17:37:22, 1483915042.81
716
586
796
714
732
754
732
686
690
700
692
692
654
656
708
752
790
722
670
712
768
818
814
830
796
772
774
784
790
766
750
778
796
806
800
736
744
772
786
790
766
726
754
778
792
746
766
810
800
776
724
748
760
742
672
696
730
770
780
736
794
796
796
754
686
728
738
772
772
720
746
776
780
764
680
714
714
740
720
674
708
736
756
742
706
750
774
776
748
702
678
672
656
664
724
674
656
680
688
746
794
826
844
778
708
746
746
766
768
758
728
744
770
780
768
718
740
774
784
764
720
696
710
690
666
678
746
818
842
820
772
786
788
762
746
768
764
774
742
700
726
766
780
742
688
718
760
720
682
714
752
780
774
738
742
782
788
774
788
834
840
810
750
742
764
748
698
700
760
788
824
814
774
806
798
768
700
698
728
744
730
708
768
792
800
754
728
754
756
724
678
694
732
762
732
682
698
730
734
700
670
700
702
708
674
678
698
692
686
672
726
736
724
676
664
682
712
668
650
666
700
728
720
696
744
766
748
706
746
750
752
702
692
730
750
720
670
714
752
764
714
688
702
720
696
650
694
670
640
668
716
734
704
718
720
688
654
668
710
704
644
638
740
506
660
684
674
658
662
696
710
710
696
736
730
704
700
722
696
668
686
708
700
668
682
700
732
738
712
652
618
646
680
656
630
690
720
698
638
654
684
628
592
598
614
620
636
642
602
578
576
592
834
886
812
810
764
738
694
656
636
648
644
634
658
698
730
730
708
714
728
732
744
728
710
702
670
702
708
706
674
662
692
720
736
686
688
714
738
738
690
716
728
734
694
662
724
770
756
732
784
750
682
650
682
668
640
638
682
710
674
658
716
666
628
642
666
650
602
606
634
656
638
684
698
706
662
696
714
714
700
710
758
740
732
660
672
700
722
730
728
756
762
742
686
696
720
726
686
666
696
684
636
670
714
716
740
800
814
760
718
732
742
732
704
636
704
728
788
748
732
766
748
772
714
656
676
682
700
710
684
660
622
698
746
728
652
690
690
716
690
648
646
610
560
640
650
704
716
710
690
636
634
632
624
638
638
664
684
700
678
650
654
658
656
632
612
632
656
672
676
652
684
724
732
710
664
668
714
740
752
696
658
706
726
706
670
708
732
710
648
662
696
672
636
686
742
766
742
732
776
792
740
680
690
690
632
622
662
642
684
702
738
720
730
758
766
714
710
714
684
642
666
696
726
690
654
692
706
704
692
740
736
680
664
694
660
642
648
680
658
670
656
632
670
694
688
662
714
678
632
618
678
672
644
636
680
718
740
692
712
718
722
706
666
656
676
712
734
718
764
806
796
748
742
760
758
740
716
746
786
796
752
720
756
778
768
684
670
686
680
650
654
676
726
702
694
694
770
808
814
764
704
712
696
680
658
694
742
788
788
800
826
840
804
754
756
754
742
694
722
782
806
770
796
834
826
800
764
760
740
702
674
728
748
746
730
768
802
772
748
772
754
676
658
676
694
718
696
726
780
806
798
728
704
698
700
682
648
706
740
772
760
794
846
840
836
794
770
738
690
640
640
654
668
658
628
658
720
776
798
784
770
792
800
766
714
710
728
750
724
708
772
796
812
812
764
772
750
714
672
712
744
772
768
738
738
758
766
752
690
688
734
780
802
796
748
722
734
736
718
680
700
740
754
724
688
708
718
696
646
618
650
680
714
724
700
752
754
768
732
694
700
688
662
630
640
682
714
742
698
682
730
754
736
656
660
684
702
726
728
690
668
644
626
628
630
632
708
776
824
822
780
812
840
824
776
742
766
794
786
736
730
756
778
738
704
736
778
770
754
796
824
754
680
674
692
730
746
710
714
756
712
692
724
722
740
762
766
698
676
700
718
734
696
668
712
728
730
690
666
700
704
694
652
684
726
758
766
736
766
796
812
792
752
746
742
694
644
650
696
708
736
750
734
774
746
696
662
714
734
736
738
774
766
758
738
686
688
678
666
654
630
648
714
784
814
782
768
800
788
740
726
756
748
726
676
712
756
760
708
698
734
754
734
698
682
672
700
738
682
672
658
700
724
736
704
734
762
746
724
652
676
720
752
716
670
732
752
740
682
664
716
722
724
682
674
708
732
674
716
756
784
758
692
694
712
708
688
636
654
698
698
674
716
752
752
698
712
760
750
706
674
700
716
736
698
664
714
728
706
672
696
724
742
710
744
814
828
826
734
708
722
724
692
660
710
768
792
740
716
748
716
642
640
656
702
748
728
768
822
822
772
738
752
746
688
686
744
792
838
850
834
844
828
796
692
652
628
616
620
636
670
708
778
778
768
776
708
722
738
700
632
638
644
652
656
642
682
722
732
736
672
682
656
624
610
604
632
640
666
716
740
698
678
664
618
648
652
646
682
714
668
662
660
634
636
642
654
684
698
734
748
750
780
784
734
732
758
774
780
742
662
654
702
742
776
760
734
772
798
722
658
642
634
626
672
762
808
804
712
704
726
748
796
778
742
776
760
754
692
682
718
748
786
774
784
824
822
796
754
704
718
728
732
756
728
698
754
780
776
738
670
712
742
770
796
806
766
758
770
776
760
744
800
814
810
750
704
724
762
794
794
740
748
790
806
814
766
716
728
702
676
696
740
792
794
798
826
814
794
756
728
744
744
740
730
688
690
712
728
722
680
734
778
828
800
766
792
810
796
734
746
766
782
792
738
732
752
758
706
680
726
764
788
742
754
790
808
784
710
726
756
754
694
692
740
756
772
742
704
766
790
698
674
708
730
716
668
692
728
730
722
694
680
714
732
736
670
642
648
672
700
690
690
720
732
748
742
704
698
722
716
716
684
706
760
792
776
686
692
726
744
692
678
736
764
754
700
694
726
736
698
668
724
758
736
702
750
770
736
696
734
746
770
712
696
720
716
682
686
724
750
726
736
772
768
690
716
726
702
650
668
702
702
668
660
706
728
676
692
728
676
688
702
678
640
694
726
712
654
668
678
686
640
610
652
678
724
724
736
764
744
700
760
764
742
726
758
774
742
720
738
744
720
694
736
786
798
764
698
732
754
770
762
702
736
744
732
672
652
704
736
714
704
772
822
762
678
718
710
688
648
658
698
730
706
672
712
712
652
658
698
708
654
626
638
692
688
642
652
662
676
690
740
754
688
668
668
652
714
702
688
660
640
710
698
716
716
696
646
650
664
662
676
694
678
686
732
764
748
710
734
734
728
706
718
758
778
748
706
748
762
720
676
714
728
704
656
692
718
734
692
734
744
736
674
694
710
686
656
688
734
748
720
736
756
730
666
670
700
702
678
694
728
738
712
690
726
736
674
658
692
722
742
700
696
748
762
734
688
690
718
710
668
648
664
686
704
670
658
686
702
686
656
678
692
690
660
600
612
612
618
658
656
664
690
702
718
734
678
694
710
704
692
654
636
648
658
650
638
688
750
780
796
762
782
788
754
734
718
716
692
728
754
706
716
754
760
748
706
670
690
702
688
664
708
748
740
694
740
768
756
692
722
716
688
650
616
636
642
644
612
580
598
634
674
658
660
714
740
744
690
642
664
642
626
606
598
624
652
686
716
678
738
760
762
714
666
666
678
718
762
774
748
772
730
674
678
708
698
704
732
730
740
756
690
658
656
682
714
746
770
734
676
702
700
668
714
760
808
826
784
810
834
818
758
744
738
720
670
624
610
582
608
740
788
806
822
820
828
822
756
# end time: 2017-01-08-17:56:58, 1483916218.26
