# R wave intervals in milliseconds per line
# annotation: Blood drawn
# start time: 2017-01-10-17:30:19, 1484087419.85
746
790
726
708
758
782
734
684
712
742
720
682
704
770
820
772
746
804
842
848
780
742
758
764
694
666
698
706
740
694
792
850
892
910
840
828
856
846
854
814
818
830
814
780
756
796
832
844
786
818
804
796
748
710
708
700
672
708
768
840
794
724
796
838
830
760
796
864
866
780
794
838
842
754
736
792
834
810
808
880
914
874
826
866
872
782
752
784
820
796
794
848
878
840
874
878
890
860
854
876
894
880
876
916
916
880
838
856
850
824
748
684
694
774
870
910
830
802
826
830
780
730
760
784
770
726
762
830
870
806
800
850
856
790
814
866
872
816
814
856
872
824
832
870
856
798
812
864
804
736
772
816
788
722
790
848
858
800
832
832
824
762
776
810
838
838
794
818
846
804
732
766
792
822
794
818
868
880
868
842
842
830
792
796
800
720
698
678
652
706
780
806
754
788
868
878
788
738
778
768
716
726
788
788
740
702
728
772
778
742
804
854
854
798
834
848
814
790
848
920
918
880
934
930
870
878
906
906
860
860
868
872
804
812
860
854
758
802
860
844
742
712
744
764
730
750
840
908
848
816
872
888
812
828
874
872
796
778
816
820
808
868
898
868
872
900
888
832
826
846
846
798
796
842
886
852
798
838
842
786
790
814
808
754
700
724
780
760
714
772
840
874
782
768
792
830
820
836
902
926
928
936
930
900
886
878
854
770
808
780
770
726
774
820
858
832
798
832
794
716
762
802
822
750
732
778
786
760
728
792
836
830
758
782
812
806
760
702
722
714
704
680
684
738
770
740
704
736
838
912
862
840
886
868
812
734
752
782
832
856
848
882
892
886
838
850
848
826
828
866
862
780
748
786
804
740
756
828
782
734
804
858
818
788
836
832
748
756
820
826
760
794
840
838
748
760
790
784
748
708
754
792
806
752
736
768
774
744
806
874
912
858
878
904
888
792
756
746
700
658
674
714
884
904
840
856
894
882
820
776
808
836
858
800
772
820
836
756
680
732
798
880
842
802
854
876
820
782
822
854
820
722
718
760
830
832
780
868
916
850
808
828
816
772
712
762
804
826
808
754
774
794
782
708
754
802
854
870
836
796
826
830
832
762
738
776
802
816
740
766
820
856
782
774
836
866
798
742
788
842
792
704
700
764
792
746
718
740
770
806
742
774
840
854
852
822
776
812
812
834
820
730
760
810
846
856
788
800
850
864
804
756
782
786
748
714
744
802
826
766
826
882
908
854
858
854
830
758
756
760
764
686
714
776
810
736
690
768
834
888
880
820
832
844
842
842
778
712
744
754
740
682
704
728
752
768
710
722
782
800
796
742
768
804
800
742
750
794
830
806
774
834
860
838
784
824
848
830
760
760
816
856
806
846
916
908
800
800
852
816
714
668
620
674
922
914
904
902
888
874
828
764
724
678
676
674
710
776
822
850
844
846
834
820
798
772
728
680
718
782
850
880
876
874
858
838
740
696
732
766
798
732
722
798
860
886
818
738
802
840
814
706
732
788
814
720
700
780
868
794
678
756
840
826
694
752
836
858
726
728
810
828
706
728
804
904
788
676
722
814
898
778
810
870
878
862
756
762
816
864
802
714
790
870
860
724
768
836
800
676
702
756
832
886
750
722
804
866
794
670
720
788
866
742
640
678
758
828
836
840
836
826
808
796
780
780
740
734
730
728
730
736
740
752
762
782
776
796
792
804
792
740
716
734
746
758
800
806
810
798
768
688
690
722
722
704
642
684
734
782
740
662
666
682
684
722
682
668
666
674
658
660
692
720
738
744
758
776
800
810
808
792
782
736
742
798
852
656
802
826
812
782
1396
838
670
718
728
730
720
714
706
698
694
692
702
716
722
682
672
718
746
736
718
746
726
700
718
762
758
680
658
682
686
690
686
628
640
622
634
636
664
630
690
754
830
744
704
726
766
688
742
768
802
812
840
836
814
756
754
782
774
718
734
778
804
824
836
850
824
738
752
790
810
840
858
764
714
742
778
838
796
742
812
846
846
746
738
790
818
762
720
776
814
848
756
734
786
812
754
668
640
704
686
670
706
798
892
860
742
710
728
732
680
638
658
650
660
704
740
708
698
756
834
884
888
772
710
740
772
746
708
758
820
852
796
794
820
808
732
732
802
832
850
842
784
778
806
816
814
748
728
760
774
804
754
686
724
774
824
756
718
770
810
790
706
696
724
718
690
650
674
754
850
814
728
714
746
744
698
688
736
792
818
780
738
740
740
736
782
832
798
792
832
860
812
754
782
796
826
850
814
836
866
876
816
734
764
756
724
752
772
774
740
790
804
764
690
746
758
766
716
714
756
740
692
760
822
862
852
784
822
844
856
792
738
802
864
840
764
836
880
874
804
776
830
894
910
878
814
838
846
802
728
788
834
808
716
712
756
788
726
706
774
824
852
864
810
828
852
872
874
856
862
860
868
810
822
850
806
820
868
892
832
788
842
862
790
788
842
808
696
716
732
750
730
668
668
684
680
652
658
674
704
704
660
714
736
744
708
750
778
718
674
728
782
818
754
692
736
810
886
914
904
862
882
858
792
706
776
854
850
794
844
888
822
828
870
866
818
734
750
810
884
818
820
866
874
786
732
802
946
954
890
876
894
886
860
756
728
776
838
868
852
872
886
884
824
834
866
870
830
818
872
894
892
814
790
828
862
806
754
824
890
788
680
700
640
696
734
698
650
676
724
744
766
742
690
722
762
774
774
728
742
786
816
830
804
762
816
872
900
850
800
836
822
804
766
814
848
826
748
780
836
818
764
828
862
852
760
814
820
782
702
734
764
800
738
772
844
854
770
800
830
832
756
712
742
740
702
664
672
668
684
760
870
786
800
860
882
808
802
852
862
822
784
834
866
868
810
834
882
890
816
834
880
834
722
726
780
850
872
754
766
808
828
734
688
742
802
856
814
814
850
878
882
848
852
824
738
686
668
688
738
808
836
736
710
696
688
686
644
658
678
706
768
838
822
852
838
814
754
728
738
752
778
756
722
782
818
790
702
682
736
770
760
688
714
760
832
772
760
840
856
822
802
866
872
846
778
716
742
768
782
722
720
772
822
834
776
736
784
800
790
736
756
826
854
866
810
788
786
748
680
664
682
698
814
870
856
822
880
906
870
794
840
872
888
878
830
862
882
886
820
776
828
850
780
702
702
762
812
784
728
776
800
810
748
758
802
810
764
742
788
830
822
748
780
802
814
770
750
820
870
876
794
798
860
866
796
764
792
776
738
702
770
850
866
838
896
916
878
822
842
860
818
722
738
748
774
730
716
814
894
904
824
838
846
782
706
746
802
866
864
806
768
830
854
846
788
772
810
816
780
746
780
802
746
700
778
848
870
770
760
806
828
762
722
776
802
792
734
726
758
738
706
734
796
854
804
824
876
888
820
794
822
832
820
770
818
876
892
840
856
906
868
786
788
846
894
824
746
800
822
722
666
652
614
718
928
908
920
916
904
894
862
812
768
716
646
624
632
658
712
698
658
688
690
742
780
816
730
726
722
724
748
788
818
820
794
776
766
756
780
790
814
838
834
850
822
802
820
794
754
666
676
742
836
860
772
746
804
840
786
700
720
750
738
682
668
722
768
712
712
776
830
790
724
770
792
784
734
734
814
890
848
736
748
792
822
808
764
790
848
872
832
798
834
860
866
814
842
870
852
764
794
838
812
740
784
824
782
696
742
768
724
692
684
750
804
798
750
780
792
786
740
734
782
830
846
786
732
750
780
796
814
812
800
748
752
772
808
836
832
830
834
824
800
734
740
780
822
830
782
798
814
782
716
754
788
782
730
762
804
800
712
726
774
816
824
762
770
772
744
678
630
664
720
800
862
812
762
826
846
812
742
784
788
802
728
738
806
860
884
794
770
832
852
872
808
836
866
892
840
812
866
892
854
808
856
866
828
722
754
792
824
746
780
838
878
788
794
848
858
774
702
764
798
800
762
824
878
886
852
788
826
808
784
728
774
788
752
696
752
806
810
724
764
792
806
790
744
760
760
744
692
674
704
722
750
732
702
760
816
836
796
770
778
734
682
712
738
804
802
838
870
864
808
824
874
876
804
782
812
812
754
764
804
834
836
788
702
722
772
818
836
800
794
818
806
732
754
798
814
748
758
816
866
818
770
830
868
792
738
798
832
778
730
800
868
848
744
774
802
734
640
672
704
742
744
696
738
790
812
770
766
784
772
722
754
780
766
730
700
720
778
858
874
878
860
804
830
848
866
864
872
868
840
862
866
856
828
732
766
792
846
810
762
816
824
750
678
720
790
860
836
768
830
854
862
806
758
786
802
780
716
740
792
798
738
718
752
776
756
710
764
806
826
766
766
782
734
734
782
794
764
688
740
740
752
752
714
704
748
788
818
826
782
748
784
796
770
720
728
742
732
682
654
692
736
814
814
780
830
868
842
760
728
768
816
838
780
756
802
800
722
730
820
882
830
800
850
876
790
784
826
834
746
762
800
802
746
820
884
886
764
742
762
782
726
702
728
802
870
868
804
834
836
790
722
762
790
822
846
794
814
828
824
800
804
842
860
856
780
826
840
850
782
752
806
838
768
698
754
796
736
652
648
660
714
796
858
810
742
710
710
676
718
744
746
758
760
724
704
738
746
760
734
680
696
744
772
808
850
792
844
898
900
890
854
800
808
842
810
840
934
950
922
914
960
966
952
846
750
704
678
650
674
708
706
710
826
842
924
918
854
808
796
816
806
776
730
698
756
810
848
874
814
714
720
752
818
834
818
890
952
896
894
938
880
832
816
820
826
750
760
824
874
808
768
716
718
754
764
720
770
834
860
834
776
834
862
880
838
848
870
768
744
664
630
654
730
882
854
818
904
922
894
822
822
832
814
750
796
816
826
812
756
822
858
858
798
766
780
766
810
814
740
692
752
798
818
736
704
746
706
700
712
734
696
692
752
774
788
716
702
722
738
716
656
636
686
736
822
796
732
794
832
838
822
742
746
774
774
772
724
684
742
820
882
852
794
862
866
784
700
660
596
592
1004
948
928
918
912
898
880
870
852
844
832
774
746
704
700
756
806
832
826
818
832
860
842
836
826
796
766
728
676
706
694
690
690
740
782
828
828
822
772
766
754
736
694
654
692
726
770
742
754
790
804
744
702
744
766
766
694
678
700
710
682
704
750
816
814
832
870
888
844
864
838
784
758
758
784
808
818
822
850
818
814
840
846
834
818
840
852
840
770
766
810
824
774
702
732
768
802
750
760
808
830
744
740
796
824
774
740
792
812
752
708
774
812
758
692
766
830
844
744
750
788
810
746
722
756
778
760
736
782
804
804
738
702
736
780
786
752
804
840
848
790
742
782
772
754
702
748
786
784
710
652
676
672
720
786
756
684
748
786
802
762
718
760
758
770
772
754
780
808
788
708
754
768
788
736
736
788
822
794
716
750
770
786
724
702
752
774
784
706
736
772
796
724
714
774
792
732
682
724
754
770
708
644
650
696
732
708
726
798
808
814
752
752
758
758
742
730
756
782
792
794
774
768
762
758
732
680
716
764
792
782
714
750
780
762
696
670
714
728
752
734
690
746
766
782
724
662
718
742
754
718
778
814
840
764
696
690
680
628
614
674
754
786
748
818
864
870
794
764
768
744
692
710
726
716
690
718
736
738
738
786
814
810
742
716
738
740
726
672
694
724
762
742
718
766
802
808
758
790
810
798
734
728
780
836
800
750
786
824
772
694
742
792
808
716
708
740
738
710
668
700
750
768
722
644
646
660
650
696
716
692
738
800
816
760
690
734
766
756
738
790
838
844
808
790
780
750
742
742
688
670
720
756
804
756
684
724
756
752
696
728
756
778
786
782
760
800
824
836
802
756
806
840
838
756
748
806
844
812
732
792
838
818
708
714
752
766
714
670
710
744
794
760
728
762
730
706
734
770
736
762
818
824
800
724
706
726
734
712
662
702
740
710
748
834
892
886
816
810
832
836
798
718
732
764
790
776
736
770
834
854
790
702
758
800
782
704
716
768
828
788
688
724
740
734
686
616
646
690
754
822
760
808
882
904
912
862
868
878
866
838
758
784
810
842
842
788
802
842
842
808
732
718
756
780
716
678
744
782
814
810
750
748
784
798
772
728
780
802
784
700
736
768
792
760
752
800
820
800
802
748
746
786
806
788
736
768
806
824
828
802
814
826
804
742
772
832
864
872
794
808
828
826
814
804
794
812
782
806
806
786
780
804
800
748
704
660
734
790
802
726
756
780
782
760
696
742
804
838
846
758
772
822
850
830
736
784
830
842
826
750
770
782
796
766
730
788
816
804
738
752
788
814
800
762
800
828
822
802
798
824
842
844
822
780
810
830
836
778
778
794
806
766
722
770
802
802
738
798
846
828
744
778
834
838
738
680
690
714
712
678
666
702
680
680
698
728
692
732
764
770
740
708
752
772
770
726
738
754
748
752
808
818
794
722
738
774
802
786
720
750
780
756
696
736
772
776
720
726
780
790
794
744
740
760
748
700
706
766
822
814
758
808
836
776
720
778
794
736
700
804
920
908
852
892
890
766
710
766
818
794
714
678
672
668
828
818
764
682
708
660
684
630
620
604
614
596
604
596
590
596
614
636
636
636
664
666
658
630
646
654
676
682
674
692
698
702
716
712
708
726
682
646
650
682
720
756
800
794
778
702
662
692
706
702
676
694
738
694
644
650
656
682
656
636
690
762
810
732
730
802
834
764
742
792
800
800
724
736
758
774
716
760
808
836
818
742
764
788
804
766
712
754
760
752
710
746
806
862
862
796
776
798
790
734
678
708
736
750
864
906
902
824
762
780
786
706
692
744
802
820
784
810
818
820
742
754
778
784
736
724
758
778
730
746
788
806
756
692
732
772
796
728
734
800
824
784
722
746
756
740
672
680
724
734
696
668
694
742
820
796
762
808
810
738
676
706
734
764
722
682
738
778
768
718
762
760
738
686
678
716
756
740
708
748
784
804
726
726
750
684
628
630
638
644
710
842
902
824
844
884
910
868
834
834
836
806
732
760
816
860
812
822
864
874
796
790
818
828
784
744
792
784
720
740
802
832
838
770
820
832
798
764
816
830
800
708
700
744
762
726
690
756
792
788
720
746
758
744
692
730
778
806
742
756
806
812
782
718
742
762
734
702
740
772
778
716
718
774
798
808
768
792
800
722
650
620
626
624
614
606
586
606
688
758
816
784
792
720
694
668
666
668
706
736
758
686
734
786
790
806
750
670
672
704
712
714
710
682
674
718
766
806
798
752
802
818
752
752
770
770
772
706
668
700
740
784
760
730
772
808
786
732
728
792
840
832
760
802
844
818
736
756
830
836
752
722
790
832
756
696
734
826
866
774
772
824
812
732
710
762
798
784
736
808
908
840
712
722
808
904
868
752
752
820
858
806
742
816
922
896
760
718
738
696
662
660
690
736
684
688
730
750
748
734
708
680
694
724
734
758
766
768
758
770
762
758
720
698
692
706
686
672
698
718
730
734
714
674
670
670
684
704
666
696
716
720
704
662
656
672
690
688
664
680
708
702
668
664
688
742
792
754
704
756
772
728
682
684
704
708
708
666
698
704
728
682
666
666
624
622
642
654
708
652
664
668
648
664
680
690
690
652
648
654
660
636
636
606
630
622
662
666
698
672
668
686
698
718
732
714
726
676
646
636
668
686
722
712
674
646
684
712
734
714
678
696
754
784
784
708
698
716
672
662
668
708
732
696
720
774
814
794
704
688
720
722
740
692
710
736
738
736
688
650
672
682
714
684
666
714
718
730
682
658
698
696
698
670
696
706
720
706
698
656
656
674
686
668
654
690
732
764
756
686
700
720
716
688
650
680
714
788
744
704
752
760
754
700
680
700
696
668
668
706
724
712
728
770
784
776
708
724
776
780
782
728
734
760
774
760
706
688
728
708
692
658
696
668
684
722
796
766
696
744
782
776
756
688
656
680
682
686
696
684
646
656
664
670
694
700
688
706
704
676
672
692
692
638
636
668
668
692
650
692
644
718
718
688
708
732
668
654
656
682
756
800
824
800
778
718
712
718
724
748
762
720
694
728
688
718
812
878
878
874
802
786
784
748
748
730
712
786
862
900
836
718
704
756
802
778
692
668
680
730
758
746
782
792
796
794
790
730
682
694
730
784
790
842
870
872
742
760
808
806
798
778
746
680
610
610
620
610
626
748
870
884
898
838
796
702
696
700
776
864
824
762
826
864
858
822
772
696
690
718
738
762
756
736
696
654
680
752
862
892
892
852
782
828
826
806
804
752
1422
1256
754
832
910
940
952
966
954
934
882
864
820
816
804
772
812
852
862
766
718
754
758
748
726
684
712
782
848
808
720
776
820
834
820
750
696
734
764
800
768
772
864
940
938
934
898
886
880
870
864
784
760
770
758
710
662
668
764
856
876
820
878
902
876
782
732
764
752
716
658
686
720
750
726
690
744
766
756
728
742
762
734
688
700
740
768
744
710
772
794
778
718
748
766
758
726
704
746
772
756
706
736
764
770
712
702
740
748
752
712
692
738
766
744
700
726
760
754
690
660
694
716
718
678
696
732
750
718
722
782
762
742
728
734
692
674
714
752
744
706
672
664
632
638
652
674
640
632
640
704
752
750
676
632
640
654
666
652
654
678
716
724
692
648
668
696
706
674
646
622
626
658
680
706
714
674
700
742
754
708
686
720
742
722
718
766
776
782
728
676
710
732
808
846
820
774
810
822
792
724
750
784
794
740
674
722
764
812
736
678
676
684
638
590
576
554
660
844
828
836
862
882
878
878
838
826
814
794
770
766
782
752
716
702
680
648
678
724
750
692
688
702
738
724
738
748
698
708
720
708
672
640
626
646
678
698
704
718
736
750
760
750
744
738
738
750
738
684
676
704
720
736
714
712
748
772
772
706
710
724
714
678
638
650
642
702
784
832
762
734
798
852
754
680
662
676
688
694
716
730
734
718
728
726
720
686
668
662
654
626
650
676
718
686
668
702
766
816
868
784
752
754
752
756
722
710
772
860
838
746
784
854
866
778
742
792
818
730
690
754
798
762
724
796
852
816
734
790
794
740
680
718
806
860
764
764
782
722
676
680
660
668
694
686
722
758
740
766
760
714
722
740
742
762
808
844
868
832
766
784
726
720
744
738
710
734
774
818
768
742
772
712
670
666
690
678
666
696
736
734
770
814
824
726
680
718
760
770
708
658
644
660
650
720
780
792
720
766
800
790
702
672
714
752
794
776
726
768
794
758
688
668
696
726
774
706
700
772
842
832
762
796
828
818
754
774
822
858
806
770
826
856
818
766
816
832
804
732
794
868
790
718
780
802
770
686
674
698
716
704
668
684
678
686
678
666
690
720
730
698
656
690
726
760
776
748
698
706
734
750
750
732
760
778
806
796
792
728
680
712
716
728
700
696
736
722
710
746
740
684
710
760
792
784
708
734
766
752
698
714
740
764
720
728
758
732
668
710
774
812
726
684
740
776
730
730
818
864
762
746
820
856
850
766
768
804
834
808
756
792
816
834
828
764
768
770
768
774
742
742
778
788
790
728
674
672
684
702
710
692
682
712
768
798
746
694
722
746
736
726
760
730
774
790
804
764
736
768
772
762
718
684
712
748
760
718
698
724
706
670
698
680
662
678
712
688
668
718
754
756
692
714
764
802
776
708
712
730
758
790
752
760
784
790
778
704
664
722
770
806
772
830
854
828
768
820
852
826
760
792
826
824
798
730
764
786
782
724
738
786
822
760
750
808
824
788
724
764
778
788
742
760
798
812
732
720
758
760
706
688
766
850
822
752
810
850
822
744
776
796
762
702
738
770
792
738
684
738
772
778
720
676
724
762
784
734
774
800
806
756
730
754
760
728
718
746
778
756
706
718
762
782
728
716
744
730
700
710
750
756
722
738
766
798
756
694
722
752
758
728
696
728
768
788
752
690
720
760
780
754
708
746
752
766
730
742
772
776
738
738
754
744
694
672
712
730
706
682
724
746
700
642
662
664
694
690
654
688
732
796
760
706
758
796
738
694
756
796
802
744
734
760
778
792
734
722
758
778
762
728
774
814
818
760
744
776
810
798
736
770
806
822
754
746
790
818
790
826
870
854
768
768
806
786
722
740
792
806
748
758
780
740
684
708
772
826
798
762
834
846
796
750
782
760
690
674
714
758
778
736
784
818
778
726
756
790
786
734
778
816
842
782
732
764
774
724
676
698
744
796
780
738
776
794
778
718
726
740
758
730
746
802
840
798
772
832
842
758
742
792
784
720
710
760
792
746
726
784
818
782
708
742
780
776
696
674
680
706
680
692
764
784
744
794
834
834
776
736
790
812
772
726
780
818
808
734
746
802
822
736
696
748
780
760
704
754
790
778
720
746
804
822
764
728
770
792
814
750
766
808
804
720
698
736
760
722
706
782
862
800
756
806
828
750
682
704
726
712
698
724
772
818
754
750
806
832
796
738
758
770
762
716
698
734
762
736
682
696
738
778
786
746
772
780
782
768
708
750
782
804
770
760
792
776
710
752
806
838
786
792
848
844
752
730
794
812
748
698
770
812
782
716
756
800
782
706
738
818
848
744
728
758
706
704
732
706
740
802
838
840
796
732
776
792
808
768
724
780
816
852
844
796
834
838
854
832
792
812
820
770
752
794
836
808
730
774
830
862
816
736
734
792
820
764
728
794
818
742
716
760
792
760
710
746
772
726
662
710
730
746
716
716
762
786
734
706
738
744
710
678
712
738
764
762
712
706
736
750
712
690
738
774
750
724
752
784
800
768
730
776
790
728
678
718
722
732
702
670
750
842
816
724
736
702
662
608
578
702
968
922
898
880
784
742
746
768
794
806
820
816
806
806
796
818
828
838
834
844
820
780
760
750
744
716
754
802
814
800
714
686
688
694
716
752
698
690
724
758
802
816
750
736
762
764
774
732
680
712
758
794
776
710
706
758
760
698
670
714
726
700
648
656
700
770
818
764
818
852
782
708
756
766
710
668
724
768
810
730
738
782
780
710
718
756
776
724
684
740
774
784
716
752
780
790
722
674
726
754
690
674
710
740
770
750
770
782
770
748
708
666
692
710
740
770
786
782
752
768
756
752
752
718
740
752
766
756
718
736
748
746
712
662
670
706
730
676
648
636
656
670
704
684
706
762
782
782
716
654
660
668
672
664
650
680
734
792
824
802
734
760
770
760
774
736
696
738
778
808
752
694
708
738
750
704
666
696
730
756
740
758
796
806
806
730
714
736
740
730
668
660
692
700
704
684
686
730
750
750
690
708
750
756
746
692
718
746
772
732
694
744
788
806
760
720
776
800
786
718
728
746
780
724
656
700
728
716
674
690
720
748
734
678
706
716
710
666
666
704
752
788
714
690
712
720
720
692
706
750
768
786
784
724
746
784
772
742
676
654
698
746
802
760
738
792
804
732
676
710
688
678
684
704
666
702
748
784
772
696
718
752
778
764
702
724
766
806
776
724
784
814
766
680
730
768
800
744
700
758
806
774
672
688
752
798
806
720
720
778
798
726
678
744
788
768
682
648
646
782
866
874
872
858
830
808
798
786
766
758
758
746
752
764
776
772
766
772
784
798
816
814
808
812
794
778
762
760
744
756
754
724
742
758
766
732
738
780
792
742
700
754
784
750
698
760
794
744
678
720
736
700
656
690
732
778
724
696
750
772
700
654
706
740
776
694
686
726
760
742
778
774
728
730
# end time: 2017-01-10-18:37:37, 1484091457.05
