# R wave intervals in milliseconds per line
# annotation: sitting at work
# start time: 2017-01-20-17:15:00, 1484950500.54
854
778
780
808
762
756
758
720
646
648
626
646
640
632
626
676
742
788
810
816
784
714
674
690
706
756
758
780
830
860
880
890
886
886
886
878
862
820
822
772
770
786
804
766
764
776
778
804
738
752
782
830
864
824
826
850
844
830
856
872
852
844
876
838
802
794
794
738
736
750
796
760
682
642
636
808
846
838
854
848
824
826
820
834
822
828
812
800
760
758
758
702
712
734
688
714
718
724
744
770
782
766
754
736
716
690
648
634
650
660
672
656
670
660
642
762
830
878
870
880
822
734
700
692
704
704
692
720
694
674
678
706
736
752
762
752
732
730
754
764
796
826
826
796
820
856
870
848
792
784
786
788
804
786
790
806
822
826
818
818
786
716
686
724
760
824
744
744
784
810
796
812
770
722
720
716
704
664
670
658
656
654
652
656
646
640
636
616
630
658
678
708
760
798
802
814
832
832
824
830
826
788
792
798
812
770
794
828
856
858
848
824
776
794
786
742
724
754
712
758
812
842
786
768
772
700
686
698
712
682
700
734
714
742
790
812
774
794
810
830
774
770
766
742
724
748
800
818
828
888
874
788
802
784
750
730
742
716
720
742
752
728
750
782
726
670
666
648
726
786
834
870
888
862
876
850
816
722
744
774
818
844
846
830
796
748
716
670
674
740
826
834
818
888
884
746
798
756
690
710
724
786
812
840
828
860
832
828
816
794
716
700
664
620
614
610
620
692
786
860
874
856
898
916
892
868
826
746
720
750
748
828
836
790
766
816
806
820
808
798
794
774
740
678
708
746
808
856
868
868
852
764
750
718
734
772
820
852
850
848
826
816
796
740
696
742
792
846
786
820
826
782
764
784
780
802
796
728
716
730
738
750
728
714
696
688
650
660
658
648
630
626
686
774
848
824
828
836
810
790
768
724
654
634
608
670
706
812
814
848
876
882
892
874
834
804
712
666
694
732
802
832
848
824
844
784
720
718
742
840
906
900
888
862
840
822
810
774
768
766
786
804
824
796
794
810
804
762
804
842
860
864
796
764
712
702
694
664
658
662
670
948
940
948
932
886
892
868
828
808
752
708
726
686
690
718
746
850
910
914
902
900
882
750
754
770
736
750
750
766
764
730
700
692
668
726
778
860
884
840
818
828
788
748
702
686
672
660
660
696
850
848
866
894
882
870
834
798
720
690
648
684
718
772
834
860
844
834
788
708
704
714
724
766
812
748
810
858
818
796
826
830
804
782
706
678
670
704
742
778
860
890
888
850
862
864
814
762
692
742
782
810
822
818
826
788
754
738
722
632
626
622
608
628
774
880
848
870
864
822
740
682
650
678
740
782
868
828
798
808
826
862
884
868
860
852
846
838
802
736
744
716
696
760
812
856
854
844
840
772
712
684
726
756
818
812
784
772
662
660
620
602
604
634
742
884
904
914
848
872
882
872
844
824
802
778
746
736
694
606
638
650
702
742
702
792
854
862
880
788
798
780
770
772
770
768
742
694
668
632
628
634
676
750
816
842
844
806
726
676
676
634
628
654
716
798
858
868
858
844
772
732
738
722
756
734
682
730
756
784
810
822
808
692
712
712
704
716
720
718
676
648
702
734
710
696
680
720
798
830
858
836
834
686
734
728
690
704
718
724
706
680
684
698
722
754
770
742
718
710
680
676
656
684
704
778
808
802
698
694
686
698
678
682
694
674
732
700
688
632
616
638
676
688
756
830
904
908
898
850
830
848
830
824
802
790
760
716
688
698
732
784
790
736
710
736
794
812
768
710
718
744
756
766
782
800
762
660
716
752
780
784
776
740
726
688
656
652
634
662
718
740
750
772
754
714
690
652
666
738
760
732
754
684
634
618
608
602
606
642
674
748
778
828
862
872
872
844
802
698
650
644
652
650
520
630
502
730
612
636
592
656
672
692
638
646
622
636
644
658
696
712
696
716
776
780
760
738
662
620
628
638
634
642
628
622
626
1238
742
708
742
738
732
754
780
764
724
660
612
644
592
624
632
654
760
828
844
814
766
692
700
704
682
648
646
622
648
692
768
768
694
662
648
636
602
584
624
642
672
734
748
772
762
750
746
710
678
664
660
634
644
668
712
740
792
856
878
878
872
854
828
798
768
754
756
754
734
700
688
710
692
676
648
640
670
776
798
738
688
640
616
622
638
656
702
758
850
876
906
904
890
856
796
790
796
792
780
764
806
846
822
838
676
654
654
662
696
776
810
822
728
698
708
712
718
736
698
688
696
702
676
664
666
674
716
750
728
716
752
772
746
692
698
750
790
774
750
802
830
784
780
810
790
712
744
822
836
782
850
908
874
832
844
800
724
764
804
762
732
806
856
864
818
834
822
748
762
796
826
814
776
828
842
812
780
788
800
758
744
780
790
746
784
832
816
736
742
752
766
726
756
796
788
724
742
758
734
670
696
718
758
750
738
786
800
750
730
772
754
702
704
698
682
654
664
654
632
618
638
650
650
662
618
638
662
674
658
636
654
686
718
754
732
734
750
748
702
634
642
630
724
792
782
826
882
896
888
856
760
722
752
774
842
892
914
914
908
916
916
916
870
820
840
854
880
862
836
856
870
882
840
786
794
790
832
846
836
820
800
776
728
674
676
684
700
712
744
708
714
794
770
832
818
846
836
822
744
736
742
732
704
690
752
798
850
848
816
842
848
776
766
776
782
798
782
786
812
800
786
830
872
872
874
900
902
872
880
874
802
832
876
816
838
820
766
734
792
808
810
886
912
858
856
886
878
810
826
872
816
816
852
810
798
844
830
808
848
830
838
892
898
824
836
866
838
760
816
860
822
824
856
834
784
836
834
792
824
858
834
822
840
802
774
812
812
748
786
832
858
802
830
848
798
774
808
816
754
744
780
786
734
774
794
758
768
802
742
690
688
750
806
766
784
836
844
760
764
786
744
714
790
844
854
778
780
782
772
750
694
722
744
786
746
750
758
720
672
710
678
638
680
712
696
636
618
656
682
710
708
750
776
776
716
706
722
720
704
696
726
760
804
826
800
732
706
744
824
872
846
820
830
826
828
776
782
852
906
898
810
822
858
836
730
716
770
844
786
756
818
844
812
850
842
794
810
790
748
726
746
748
778
762
704
734
770
770
712
702
748
854
892
902
900
864
794
808
796
796
764
788
824
844
862
830
852
866
842
812
814
816
778
748
782
800
824
800
788
804
818
806
754
774
800
812
772
790
810
812
768
782
794
798
740
750
798
802
718
720
750
758
734
702
648
680
720
738
734
728
742
740
696
714
750
798
822
798
766
774
774
764
752
778
802
806
808
776
778
788
768
714
664
670
680
730
776
738
716
742
764
768
728
742
750
732
684
670
678
696
666
650
720
786
786
820
860
834
842
840
822
760
732
676
682
718
804
872
852
886
894
860
802
790
778
726
726
760
790
778
770
812
822
742
754
802
818
782
720
748
760
788
736
738
764
788
782
758
780
800
746
746
778
776
730
706
700
718
774
786
822
846
834
770
774
794
800
758
768
784
742
718
726
704
674
742
800
840
838
846
800
770
778
754
692
632
644
660
668
738
804
840
816
814
836
828
772
748
766
772
774
718
736
780
786
732
754
820
860
792
752
766
744
690
642
638
682
766
834
852
796
766
756
772
826
840
832
830
814
794
776
800
816
800
760
714
698
716
746
778
774
772
776
782
740
742
776
810
794
798
818
840
820
784
794
790
788
734
756
804
824
786
724
746
782
794
746
794
840
834
800
826
848
832
790
806
812
762
762
804
846
802
818
860
852
726
666
724
838
856
870
874
870
868
864
838
824
816
800
798
802
792
778
790
820
842
848
840
810
804
792
786
776
790
814
836
782
772
780
738
758
796
808
804
824
822
784
758
760
760
712
714
740
768
734
748
784
786
736
676
700
714
718
702
722
726
716
706
726
732
732
750
722
730
772
762
738
752
748
740
696
664
692
710
714
752
798
832
832
792
816
790
782
804
812
758
744
790
804
742
756
780
754
720
706
692
700
734
732
740
754
756
726
700
718
736
762
746
720
748
772
782
772
774
798
802
788
746
776
798
806
758
780
812
788
808
830
838
764
782
792
750
690
720
752
782
748
776
806
794
702
698
740
796
862
812
754
772
790
778
744
766
774
798
776
786
794
782
794
816
818
792
792
794
792
776
758
774
782
794
810
848
854
840
794
766
774
778
790
780
746
720
740
768
800
836
848
840
818
802
794
760
754
746
734
680
662
684
714
740
736
718
694
672
680
742
780
752
766
774
778
752
736
756
772
790
742
738
758
768
728
722
732
738
702
668
670
692
744
730
688
706
748
746
766
744
740
736
700
700
718
720
720
716
680
674
694
694
708
690
694
772
826
848
816
824
848
862
822
812
818
810
786
838
870
880
828
808
844
830
714
690
698
676
638
654
698
832
908
930
938
908
916
880
836
754
724
720
732
750
790
820
808
806
822
824
750
726
746
766
770
732
744
774
770
716
726
706
738
800
848
802
798
800
790
760
772
786
742
766
798
806
808
834
850
826
798
812
822
754
744
778
814
766
766
802
830
784
768
778
742
664
650
676
668
610
682
608
646
644
646
672
712
718
660
674
694
690
694
672
672
700
708
674
638
626
610
670
824
872
900
894
860
834
774
776
764
760
656
632
626
798
828
850
844
822
806
782
700
626
610
604
650
916
906
890
904
890
850
760
664
636
640
694
992
952
930
912
886
840
726
642
622
610
742
886
856
862
844
824
796
706
634
616
620
622
828
834
820
818
796
768
648
620
586
590
590
642
900
848
828
792
764
636
622
608
586
574
590
610
662
926
892
864
846
830
810
652
602
588
606
832
846
824
812
798
768
742
706
670
650
616
602
600
612
672
764
794
822
804
790
768
760
748
744
736
740
766
746
682
646
672
736
754
756
718
716
714
722
726
736
722
728
734
744
756
764
768
766
760
750
750
748
762
768
786
776
768
708
656
660
678
696
686
678
672
672
672
656
640
642
606
588
618
648
710
746
750
696
702
724
730
728
732
728
726
730
710
696
692
686
694
712
722
734
744
748
744
736
734
734
734
732
704
656
628
626
654
724
822
806
756
780
816
810
796
736
732
600
688
694
706
690
664
644
706
714
722
592
722
722
730
588
704
724
744
748
734
734
730
716
720
710
682
646
642
624
640
692
788
842
846
838
828
806
788
784
782
744
684
684
682
640
638
652
644
628
626
660
694
698
718
728
708
690
660
652
660
654
656
688
734
784
806
780
800
824
834
796
728
762
806
846
842
796
824
844
802
744
784
826
850
820
822
848
842
838
772
734
768
800
828
824
784
802
808
820
796
758
784
802
820
820
792
810
820
798
726
734
768
768
700
700
754
786
770
720
752
756
726
644
660
688
712
720
690
724
760
770
716
732
762
784
800
766
722
746
764
772
756
736
780
784
754
716
746
790
810
760
772
804
808
748
666
656
664
686
726
772
836
842
834
768
756
760
718
668
652
654
668
714
734
778
808
814
822
760
750
786
798
820
768
756
808
838
826
740
774
802
802
754
790
822
832
776
794
818
782
724
752
748
686
708
766
794
780
826
840
844
810
820
816
804
754
772
798
796
742
750
744
762
794
774
832
868
878
864
824
826
814
790
734
750
758
734
678
720
770
792
754
760
804
820
796
758
778
780
756
720
756
786
804
770
770
792
806
774
772
796
796
742
774
824
838
786
794
812
802
760
760
776
752
680
670
732
750
786
856
872
872
808
814
800
728
700
720
740
762
728
756
816
850
812
796
820
822
794
766
790
800
788
756
788
796
816
764
768
806
822
754
756
778
740
680
666
676
704
770
754
760
782
770
704
730
760
782
744
708
736
760
738
670
690
720
766
742
692
764
810
766
726
768
776
770
702
682
726
716
670
694
710
706
674
684
690
680
638
614
604
596
594
704
732
752
756
726
664
644
664
702
790
874
880
868
864
846
834
808
796
794
774
760
792
812
812
804
792
786
782
766
734
736
752
762
754
704
722
756
786
776
726
768
792
786
716
738
760
744
694
746
796
796
732
784
806
728
752
774
774
712
748
786
802
726
744
764
716
682
708
730
760
768
800
814
808
764
760
768
764
752
748
768
766
784
776
770
796
808
804
794
810
810
764
754
776
798
814
772
766
784
768
712
694
686
684
724
786
786
768
794
818
778
720
752
784
808
736
754
796
828
750
774
814
826
758
792
848
822
764
810
842
762
754
796
832
784
770
802
836
760
768
816
834
748
778
830
868
778
794
818
832
710
700
750
784
812
788
830
842
836
828
782
766
774
768
772
784
792
740
722
762
798
794
806
826
834
844
852
848
840
820
808
784
766
744
746
770
788
814
808
834
852
864
818
802
814
810
748
710
748
784
748
680
726
766
800
756
790
810
796
794
826
840
828
802
818
812
802
740
752
770
750
760
788
800
768
742
718
688
688
728
740
712
750
760
728
686
706
736
774
776
754
800
804
810
772
770
794
798
776
716
752
794
808
750
784
806
782
700
748
816
870
812
856
886
798
812
860
812
742
784
818
820
742
794
844
836
760
784
820
788
734
798
834
748
746
770
742
724
774
772
724
768
776
732
756
772
762
768
826
884
892
884
874
852
798
784
786
786
742
756
816
850
848
884
896
862
850
860
856
790
740
764
742
690
748
808
838
778
816
828
826
810
852
884
850
766
798
818
808
752
792
834
796
758
820
880
812
824
864
830
762
812
838
794
776
818
828
744
784
838
778
796
848
892
862
846
856
846
838
806
780
790
782
772
728
734
766
782
782
816
828
826
842
862
864
804
814
802
754
720
726
786
846
874
846
842
840
826
766
784
798
750
672
718
780
814
736
674
676
766
876
880
878
852
782
728
716
678
638
642
640
664
716
736
796
828
852
862
818
748
758
778
780
798
816
834
840
832
794
778
754
708
720
768
826
858
858
842
764
786
804
818
826
824
822
774
758
784
792
780
712
740
776
772
720
708
772
830
760
808
872
828
814
864
862
762
800
826
774
674
734
768
814
750
744
794
834
760
766
808
850
834
770
798
826
790
742
796
858
850
818
878
902
812
800
846
868
762
772
828
892
786
790
836
886
792
808
822
840
810
788
814
814
810
796
782
772
764
748
772
788
798
808
796
800
794
794
778
760
752
748
744
738
732
734
740
778
816
860
856
796
786
780
750
748
776
784
788
780
766
756
746
726
690
662
682
692
698
698
712
730
756
784
788
798
826
820
818
774
768
760
720
662
660
668
662
714
808
738
678
766
812
838
778
724
750
762
762
712
746
776
800
812
742
784
816
848
802
808
812
754
658
704
740
820
764
798
862
892
824
824
854
846
764
790
844
892
798
814
858
862
732
726
788
858
798
792
850
888
888
886
850
796
786
754
726
750
772
802
810
764
808
846
856
866
794
808
828
838
810
754
784
804
780
696
746
800
816
736
758
692
672
696
740
782
798
756
736
732
724
712
702
704
678
632
660
690
720
750
838
882
884
866
844
852
848
764
740
772
788
822
766
776
826
856
834
812
862
866
758
766
818
824
732
758
760
794
738
718
696
716
750
848
892
872
866
882
842
816
794
784
782
794
816
818
806
758
756
774
776
786
826
846
832
826
848
852
826
776
792
786
742
754
790
814
764
794
832
856
808
812
832
848
754
724
750
812
812
758
810
856
828
802
850
874
780
746
792
822
756
726
806
822
800
712
718
708
668
676
722
770
790
834
846
858
860
806
784
784
788
788
802
794
790
786
730
736
732
692
702
720
728
716
680
664
646
624
610
596
700
744
786
808
792
750
734
690
664
660
646
630
598
614
622
650
688
738
744
764
788
794
770
746
726
708
696
690
672
666
688
698
688
706
722
732
736
738
682
674
690
704
738
718
746
788
814
734
740
760
780
694
706
720
712
660
680
720
754
772
756
784
802
808
730
718
734
750
760
700
710
744
770
752
800
848
842
784
786
802
820
842
810
828
842
864
874
824
794
818
846
828
848
902
912
846
862
864
822
792
828
852
762
770
802
818
732
770
820
820
768
822
862
880
832
822
830
816
740
746
768
764
770
812
858
820
798
834
860
804
808
824
802
724
734
782
856
848
802
868
898
864
786
808
828
766
718
778
834
872
836
822
840
848
840
812
826
826
836
842
842
804
806
792
796
784
750
716
700
712
690
664
698
782
830
858
828
826
822
796
732
716
720
722
698
698
738
776
794
794
740
756
770
780
726
688
710
736
736
702
762
822
822
716
728
774
814
808
748
774
772
728
688
718
742
760
732
766
792
810
806
784
774
788
792
800
802
788
790
790
778
738
762
788
800
800
728
742
766
772
762
808
848
870
828
842
842
836
782
796
804
804
800
802
820
820
796
766
786
792
786
768
806
822
832
768
754
768
722
714
756
800
746
704
752
784
804
758
766
780
780
764
770
768
734
698
682
682
740
778
820
856
870
838
836
848
840
794
812
836
844
814
808
826
834
794
822
864
874
812
864
892
826
798
828
874
866
826
836
846
786
770
788
762
662
676
706
702
688
754
830
856
794
806
824
786
766
780
790
768
780
828
868
878
872
892
890
852
886
908
860
826
840
856
796
802
860
804
724
732
812
876
900
854
866
876
784
706
746
788
774
792
774
750
748
778
794
738
776
800
754
728
698
688
734
796
842
836
806
842
842
840
806
814
834
816
774
832
864
800
808
838
864
798
750
824
856
800
814
870
846
746
782
860
912
888
866
904
836
830
872
894
888
820
794
822
838
798
808
848
864
886
884
876
886
868
840
752
756
772
764
800
902
938
928
900
910
886
854
736
742
754
776
758
712
736
744
710
678
738
806
842
846
812
812
838
800
724
738
754
764
736
776
812
820
778
812
860
892
866
810
826
820
774
734
782
826
806
772
836
878
868
818
826
838
794
736
790
796
738
772
804
790
768
808
816
746
760
806
828
782
778
826
844
788
768
814
840
786
804
832
824
770
812
852
842
806
830
850
812
776
796
744
698
716
758
770
716
714
760
792
742
728
744
748
740
786
840
824
806
860
868
790
800
814
800
746
776
820
814
794
842
872
826
792
822
816
748
776
806
774
766
750
724
718
802
864
824
858
888
858
788
812
840
826
754
792
816
798
776
838
858
798
782
832
862
818
802
858
880
802
766
810
850
850
800
826
784
724
678
736
806
800
780
826
820
744
758
780
776
746
794
834
828
776
814
824
766
778
814
824
784
816
864
872
824
836
854
830
784
828
830
768
694
710
724
688
652
680
670
664
682
676
674
716
744
756
698
658
690
706
724
686
674
730
778
736
702
730
742
764
772
738
752
760
756
746
702
724
738
696
668
680
732
784
792
782
714
750
742
750
754
718
676
710
728
748
768
726
736
754
734
656
626
676
708
756
774
704
650
664
662
616
596
610
644
684
734
758
752
748
774
772
756
656
730
762
762
774
782
700
686
700
716
754
726
752
802
812
778
760
786
812
750
774
806
814
746
762
798
826
800
834
846
832
830
852
884
838
822
828
816
754
778
798
818
754
768
732
694
660
628
656
632
632
658
718
766
756
796
828
830
820
804
828
844
826
766
726
594
634
622
646
756
902
870
848
884
882
816
800
806
822
810
822
860
844
786
806
830
830
798
814
836
804
768
808
866
876
816
860
878
860
806
830
858
814
794
822
852
850
786
808
828
834
828
796
812
816
812
772
788
812
832
796
760
784
794
796
734
730
744
722
752
774
812
812
786
768
778
788
754
738
762
802
796
744
758
762
728
688
722
772
778
788
856
880
852
822
810
746
720
716
716
688
696
726
710
666
698
736
768
760
786
804
798
730
708
678
694
718
738
716
746
732
646
660
698
624
650
600
586
588
580
582
618
696
766
748
708
718
728
724
736
750
814
852
846
880
898
902
874
840
856
884
852
870
876
802
698
682
752
834
822
814
850
824
742
718
762
816
790
846
928
940
854
874
902
868
816
840
876
828
784
846
880
832
806
888
934
892
884
922
890
800
842
886
816
700
660
866
848
882
874
878
878
858
806
774
762
736
700
704
752
828
858
862
860
846
836
814
798
794
792
790
794
794
800
810
804
798
774
762
772
788
792
748
750
762
774
728
692
716
732
712
672
702
720
730
674
650
652
626
610
632
666
714
756
744
700
680
682
674
668
704
736
744
758
754
748
700
680
702
730
758
792
806
782
750
766
782
786
804
762
780
792
786
724
752
790
804
740
752
772
770
704
704
742
770
728
756
806
846
802
792
828
850
804
802
836
856
792
814
824
808
734
730
770
816
762
786
796
784
750
772
790
804
774
756
736
734
708
712
744
790
838
862
848
854
838
810
800
786
764
796
832
832
830
836
860
866
850
806
812
824
822
792
826
860
866
772
790
810
828
752
762
800
840
772
716
760
782
750
726
736
700
680
644
668
698
724
736
680
694
712
720
728
696
728
768
812
750
714
726
734
700
704
746
750
694
722
746
742
726
724
746
758
714
668
676
696
674
712
760
806
828
858
856
832
782
762
780
784
794
790
764
696
714
718
728
688
680
714
740
740
678
668
670
670
702
758
774
706
742
788
816
780
750
788
696
656
654
650
654
670
670
654
598
630
636
620
602
602
620
644
630
620
650
692
672
714
762
788
810
808
742
720
744
748
758
736
698
716
748
776
798
820
812
782
758
724
704
740
752
788
798
760
738
746
742
716
662
656
688
738
756
772
816
866
838
830
836
780
690
708
742
810
758
726
756
718
656
676
702
702
676
692
732
770
786
720
748
766
710
656
702
756
776
754
816
850
872
818
790
828
846
776
788
848
868
784
780
816
802
708
736
790
836
770
790
822
800
712
722
698
692
754
832
834
790
798
800
796
806
800
772
798
818
812
728
646
666
690
718
684
686
764
846
872
872
866
850
788
712
688
686
692
710
698
718
782
832
862
854
800
812
812
780
718
748
802
814
756
756
778
806
776
756
780
798
738
750
802
852
824
774
802
800
750
684
684
692
686
654
632
686
738
776
750
816
848
856
798
756
770
752
708
652
686
714
746
700
662
626
664
646
638
672
744
848
872
806
784
806
814
820
782
802
836
870
880
850
802
758
748
742
762
788
860
916
922
876
860
902
892
814
810
836
826
752
800
844
864
804
830
838
760
740
784
818
792
782
842
854
828
778
806
816
832
880
898
850
840
820
788
752
746
738
696
698
772
876
900
890
898
810
768
788
746
708
766
840
798
848
906
886
872
902
878
800
820
840
828
836
876
882
798
796
828
802
764
786
832
806
774
818
856
822
856
916
898
876
912
898
804
792
830
852
796
758
792
840
818
816
858
852
814
846
876
864
878
892
842
848
842
844
878
898
840
802
802
768
706
726
784
804
784
858
866
838
862
860
778
772
802
732
676
730
782
794
762
804
832
768
758
806
794
724
748
776
768
792
810
794
836
850
754
738
734
682
664
662
628
646
668
666
696
736
778
800
754
744
768
774
786
796
804
798
744
756
772
776
754
770
792
818
816
788
798
796
750
768
784
772
812
838
838
790
810
818
792
758
752
738
674
682
718
754
736
762
802
820
740
724
748
750
714
690
710
730
710
750
798
812
780
826
812
802
832
816
772
774
816
858
862
872
896
848
838
828
786
798
834
838
828
850
830
796
820
830
802
808
838
788
776
802
814
760
744
780
792
738
682
736
780
764
774
808
808
760
792
804
768
726
770
812
808
822
858
868
854
798
742
772
834
856
850
792
824
860
772
690
686
712
680
680
748
804
780
720
750
742
664
626
652
680
662
660
702
690
654
648
722
766
740
764
816
796
794
820
796
762
792
810
764
720
764
790
786
730
738
772
746
712
762
814
788
720
746
784
768
740
776
790
758
720
776
812
782
750
780
792
740
732
772
756
730
788
842
824
792
838
816
798
826
848
814
770
784
744
766
800
742
712
742
750
704
698
728
712
680
722
764
766
744
788
786
740
758
810
808
742
704
734
764
740
734
796
832
792
816
844
808
830
846
818
780
800
812
738
708
748
776
716
708
780
812
778
784
822
798
706
684
700
678
660
694
708
678
704
752
798
788
788
790
802
764
774
802
798
762
788
794
762
778
788
738
718
754
768
774
850
886
904
860
854
844
790
766
782
796
754
754
780
802
734
730
778
802
786
818
844
798
764
784
742
696
718
750
762
712
712
744
764
748
748
790
822
834
778
778
778
750
786
830
866
842
824
842
832
782
740
756
730
698
746
788
764
730
726
716
676
652
712
780
772
764
778
712
716
732
710
670
702
760
806
748
732
770
796
768
734
748
774
752
762
822
836
768
804
854
832
852
886
842
840
850
800
790
830
860
834
800
816
798
744
746
784
798
712
646
670
682
636
646
688
780
824
818
752
758
784
772
700
704
728
738
744
704
728
764
790
784
822
824
786
768
772
764
720
714
686
648
608
606
590
564
668
762
780
792
832
846
846
838
818
812
774
754
740
746
764
786
806
820
846
814
824
824
800
754
778
780
698
688
702
720
700
736
760
628
604
524
632
570
512
800
552
550
584
682
754
716
848
606
538
952
970
946
942
758
684
852
510
914
886
860
902
882
892
896
908
910
910
912
920
908
904
914
912
932
950
504
982
966
944
940
982
530
526
594
562
544
552
594
574
578
508
554
504
992
504
516
558
658
726
738
784
796
756
640
610
582
526
522
512
998
980
572
700
668
574
590
574
560
542
538
530
532
528
550
580
604
630
614
600
580
572
568
610
590
582
580
638
688
786
766
716
702
718
758
834
806
792
726
710
702
720
722
670
624
608
590
878
908
864
854
828
778
730
654
612
618
676
778
838
842
848
828
818
796
778
768
768
770
772
788
796
806
798
688
692
700
714
738
750
782
820
800
758
780
770
744
678
672
690
758
718
712
756
774
792
746
780
782
768
688
688
694
686
646
640
648
638
630
678
710
652
670
712
686
658
682
688
682
634
656
674
670
704
736
760
738
768
784
758
714
712
706
704
682
716
740
748
712
714
728
726
676
694
714
742
708
692
738
754
712
718
736
730
708
666
692
682
602
624
630
688
612
676
606
596
570
570
578
596
638
692
674
716
796
776
728
652
576
606
572
556
574
576
622
650
770
824
820
828
808
802
714
656
662
710
718
730
760
762
722
696
704
706
738
702
716
706
664
706
712
666
684
696
730
672
658
702
718
684
666
720
776
774
786
770
786
794
768
728
698
720
796
834
820
816
842
826
822
792
752
766
812
832
830
814
862
858
824
826
806
782
754
782
788
786
764
812
858
846
838
874
872
860
858
884
886
872
868
874
850
798
816
844
840
784
786
812
794
764
784
768
710
666
644
600
716
732
698
712
680
666
652
644
638
622
606
580
578
568
574
612
630
640
658
858
856
852
900
920
952
958
956
958
954
936
914
842
862
868
840
810
790
776
796
770
732
756
862
854
844
856
856
828
798
782
748
766
792
816
820
806
830
836
810
744
734
758
798
768
786
806
748
692
718
762
742
758
792
800
750
750
766
782
752
756
756
714
710
746
788
792
790
808
808
792
796
814
764
778
812
830
812
846
870
818
804
846
838
784
776
818
856
840
840
856
842
782
790
764
748
770
764
696
692
714
754
816
860
856
842
822
820
806
778
802
822
798
796
772
748
780
762
772
820
774
778
754
776
766
716
702
680
698
680
700
742
730
732
778
740
758
768
744
738
768
708
692
718
700
702
784
824
768
738
760
786
738
726
780
826
792
798
838
810
832
876
878
830
808
806
742
682
698
756
768
846
868
896
918
904
888
892
874
816
798
808
768
752
782
760
768
814
854
838
842
850
800
718
696
690
670
742
750
756
692
724
732
740
696
718
770
858
850
862
892
870
864
878
846
800
824
840
772
786
836
870
828
850
852
794
748
736
736
700
690
742
722
790
844
858
804
800
790
774
758
778
804
784
790
830
840
792
782
790
790
742
760
824
808
802
820
794
788
820
798
774
810
782
798
836
824
812
832
788
786
798
764
776
806
816
778
782
772
784
824
834
798
814
816
784
798
802
780
800
796
792
812
804
770
794
810
760
766
798
812
778
728
760
760
720
698
696
704
772
808
828
866
886
874
858
862
866
812
782
748
698
662
666
646
684
670
664
682
720
694
690
746
780
760
688
662
672
670
674
668
680
722
752
764
716
734
694
696
708
716
734
708
682
712
722
746
726
750
778
810
810
772
718
728
730
690
618
588
652
588
628
662
748
798
792
744
760
760
746
708
666
674
678
686
676
654
708
756
800
786
750
774
794
800
742
754
776
790
738
680
708
734
718
658
656
694
716
742
684
650
638
702
752
794
788
734
742
744
728
676
626
642
658
632
630
660
726
722
720
756
786
790
726
686
730
750
754
754
778
756
780
800
818
824
832
778
714
716
722
762
782
796
830
836
814
740
746
748
730
754
800
806
750
734
754
710
668
714
766
734
664
688
708
670
618
634
678
736
794
734
754
794
768
704
740
758
770
722
722
768
796
802
734
758
756
760
722
664
694
744
780
770
736
810
832
806
720
732
776
778
742
674
708
742
776
758
690
676
662
660
678
728
702
680
728
740
714
644
618
636
654
700
728
676
672
698
692
654
636
628
640
676
716
772
762
710
708
734
730
706
730
752
710
690
696
702
746
750
754
700
692
700
660
644
688
708
662
640
646
654
664
658
728
738
710
752
732
702
716
746
760
770
762
720
752
700
670
636
696
754
804
756
720
764
780
786
726
760
790
778
734
776
808
792
744
792
834
762
754
778
782
736
738
772
790
724
706
724
744
698
676
728
800
824
718
698
734
736
672
662
678
712
760
814
794
808
806
796
812
840
810
804
806
778
782
796
792
750
784
820
786
734
752
742
704
774
820
784
744
798
782
756
814
836
792
736
764
782
724
710
758
810
802
798
834
786
724
744
712
666
682
690
664
640
764
824
762
686
710
742
666
638
632
658
690
692
716
782
780
736
686
714
754
780
754
690
706
726
744
732
720
762
774
776
798
814
748
690
684
706
684
666
680
712
726
798
852
850
842
794
736
742
714
650
638
664
720
698
680
748
792
742
732
776
818
828
754
694
706
718
690
728
782
826
784
770
784
778
722
730
760
770
726
758
788
796
818
756
780
802
804
790
744
760
788
796
730
662
636
598
670
842
812
758
726
702
676
662
664
674
672
674
676
716
754
768
758
712
688
708
702
670
652
684
730
774
816
820
792
798
786
764
716
670
664
684
752
818
846
844
816
774
776
760
758
714
680
724
768
810
802
760
782
782
712
658
684
708
720
662
720
764
802
738
748
792
786
710
744
756
752
714
652
658
648
622
656
722
746
776
834
848
844
862
862
820
750
742
744
744
698
730
792
852
852
814
880
910
912
888
884
870
828
762
794
840
858
812
776
812
784
712
726
744
722
662
688
732
690
662
748
752
774
836
854
854
752
766
776
770
754
684
660
690
724
750
764
702
648
644
672
706
748
768
734
758
794
800
804
790
756
694
700
712
726
766
792
770
710
746
774
788
796
780
712
704
698
702
702
662
708
750
754
716
702
732
742
720
682
704
726
746
722
664
666
684
686
664
732
788
824
808
766
796
786
786
750
714
736
758
744
714
758
794
806
778
786
794
786
740
752
788
784
716
698
720
730
696
662
632
662
686
696
700
748
794
812
788
742
746
752
734
720
740
762
724
718
782
798
742
672
704
726
734
676
692
732
776
768
762
782
794
774
730
762
762
772
760
770
816
794
744
768
776
764
716
740
774
784
748
734
760
774
742
688
696
718
746
718
708
748
768
770
718
724
732
728
692
672
700
718
698
704
750
780
758
714
702
736
732
754
722
700
724
724
708
680
720
748
772
770
740
770
798
792
772
776
814
808
782
744
768
788
768
738
780
818
808
752
774
772
718
668
706
740
788
818
866
850
796
716
748
802
824
786
838
866
840
778
812
834
814
756
794
840
834
824
782
804
806
794
756
754
806
826
802
756
784
822
818
754
740
776
796
778
736
766
808
822
792
808
818
742
664
656
656
676
666
628
666
708
768
758
680
700
718
728
716
666
666
678
686
676
712
790
844
834
774
786
800
794
742
710
732
756
756
696
658
676
718
776
764
738
774
780
780
716
708
732
742
728
682
718
736
742
692
658
692
712
736
704
674
700
728
680
626
646
672
696
748
712
662
696
726
760
734
714
740
744
698
732
770
792
786
754
784
800
804
778
792
806
768
772
814
824
812
786
812
822
800
728
750
772
798
758
708
760
790
766
726
790
826
824
784
788
798
770
710
740
768
736
716
758
782
714
662
662
666
702
676
632
648
648
620
662
636
648
704
736
742
740
674
642
646
666
670
650
650
678
688
704
690
652
664
658
628
620
618
636
682
756
800
784
802
822
818
758
698
678
672
692
716
694
724
762
748
756
786
770
738
746
746
704
674
674
644
636
668
702
732
704
698
738
768
792
724
700
698
696
662
638
642
656
702
736
794
754
724
730
726
706
654
674
706
742
770
760
706
748
782
796
748
712
748
788
798
720
724
754
806
774
736
778
792
748
724
786
830
780
720
776
800
768
692
712
748
774
720
