# R wave intervals in milliseconds per line
# annotation: fasting
# start time: 2017-01-06-17:23:48, 1483741428.98
860
836
842
862
844
506
678
688
696
1288
772
682
708
746
778
774
736
744
742
710
754
784
766
766
792
800
772
730
722
720
706
686
702
756
802
812
832
834
826
832
804
756
744
740
692
722
754
744
694
660
674
726
746
756
718
648
658
672
676
686
714
696
658
686
704
744
776
738
744
774
774
710
712
746
758
734
692
726
786
846
816
798
812
824
786
718
726
736
776
710
688
670
672
694
720
808
856
866
870
850
796
790
794
800
810
764
684
692
720
786
848
846
898
940
948
934
880
866
862
848
846
834
746
718
712
722
766
766
728
790
742
808
838
766
758
778
860
850
742
686
712
726
736
700
670
690
708
720
692
690
718
722
752
748
738
768
788
786
802
802
882
892
848
806
818
784
680
730
728
722
674
652
656
660
686
702
682
740
794
796
780
690
676
668
694
742
720
760
776
812
804
776
800
834
848
854
778
790
808
820
806
766
806
844
824
812
854
866
854
792
834
840
842
822
812
830
830
806
796
824
836
854
818
814
848
856
842
824
838
842
792
780
782
794
732
734
736
738
696
646
694
752
824
786
726
740
738
734
690
702
734
750
782
730
760
792
830
838
776
770
778
780
756
692
726
754
798
800
774
800
806
790
724
718
726
732
710
728
804
868
890
874
844
858
834
812
834
806
776
812
854
862
864
790
740
752
772
768
698
698
744
778
760
718
756
770
746
696
700
708
710
644
606
620
644
692
762
812
722
694
716
738
776
748
766
790
826
804
786
824
842
866
798
770
780
796
788
744
804
840
846
760
760
750
720
648
624
626
642
642
626
668
728
830
860
874
872
848
822
784
758
754
774
790
800
762
758
776
790
796
816
782
784
816
822
800
806
812
802
762
684
712
746
784
828
814
762
816
832
838
770
736
744
762
780
736
768
800
836
832
794
812
820
808
740
772
806
844
800
820
836
820
712
688
702
744
766
742
802
844
844
776
784
786
794
700
718
740
736
754
772
780
738
654
654
644
648
668
652
606
616
618
650
734
822
830
834
850
854
816
790
790
776
752
760
772
778
772
784
776
776
774
780
768
768
774
772
730
710
746
778
814
814
846
848
828
742
694
716
740
728
734
772
808
754
728
786
814
822
734
718
736
744
752
690
658
678
690
708
752
774
708
740
774
794
722
702
716
662
628
618
620
614
618
648
730
766
780
724
658
678
696
716
744
694
706
752
776
726
682
716
794
844
828
788
824
832
822
744
718
736
750
722
716
756
774
784
690
670
724
816
880
878
828
780
802
804
778
784
754
822
862
874
828
788
782
748
692
640
668
714
784
778
782
834
850
852
824
838
844
816
738
760
780
800
774
818
844
864
818
828
834
846
790
778
792
806
736
786
826
858
814
790
822
832
758
756
748
704
678
628
654
700
756
770
704
734
772
802
792
724
754
780
776
716
722
754
782
814
764
798
834
844
798
780
794
826
834
826
814
834
848
856
848
790
806
832
852
822
804
846
844
804
816
842
844
806
784
794
786
740
736
772
778
772
744
782
784
784
728
732
750
778
796
760
786
804
770
696
740
776
796
758
748
808
824
774
764
790
792
728
732
776
808
810
772
804
822
822
772
770
792
802
758
740
780
808
812
788
824
836
824
780
800
806
796
750
776
784
788
742
770
800
816
812
770
790
794
796
728
752
776
788
754
684
732
754
776
718
726
758
770
726
696
722
734
764
714
720
754
764
716
686
710
714
702
660
690
732
750
738
754
796
818
768
768
786
776
738
768
794
776
702
640
646
678
706
674
658
662
670
712
778
808
734
728
744
746
752
714
680
712
724
722
708
788
842
868
826
814
852
878
864
788
792
798
796
738
762
808
852
820
822
840
848
796
804
852
878
838
838
876
888
854
898
918
898
838
828
746
680
722
806
884
794
844
912
886
834
870
876
896
828
828
854
878
874
864
880
918
912
882
852
888
894
902
892
802
824
844
820
770
810
846
864
778
798
822
824
758
800
846
830
824
856
866
864
782
806
846
836
760
790
804
794
720
766
820
846
812
808
838
842
778
748
784
816
806
756
792
814
788
742
770
806
818
758
764
780
802
798
742
778
818
840
796
816
850
854
794
778
772
738
666
644
666
710
742
704
766
810
826
748
762
752
646
644
630
608
608
636
652
678
736
762
776
756
688
698
720
728
738
724
708
730
756
760
732
710
730
736
706
678
720
770
814
752
788
818
858
816
754
742
706
642
608
626
640
688
722
658
702
744
756
710
680
680
672
692
696
682
638
652
676
684
710
690
710
754
780
806
752
776
814
820
744
706
754
774
814
836
798
786
762
718
678
670
674
646
620
612
656
686
726
746
750
728
672
682
694
690
656
658
718
756
806
770
762
814
848
826
742
776
812
838
802
786
792
776
754
686
708
726
746
744
740
784
810
848
888
870
794
764
782
786
822
810
762
766
752
766
738
698
680
726
754
768
764
700
714
730
746
758
776
764
800
814
858
# end time: 2017-01-06-17:37:47, 1483742267.62
