788
788
762
728
714
688
668
652
686
748
784
798
768
768
768
746
716
716
738
748
736
714
702
700
664
656
674
688
736
702
678
694
704
664
656
682
714
700
664
702
722
732
700
744
738
700
656
644
690
706
688
716
728
706
696
702
648
658
690
690
698
682
686
696
632
616
636
686
764
814
804
828
772
780
750
716
650
602
634
696
802
882
884
854
834
828
808
812
798
766
770
784
766
750
746
698
652
670
702
714
732
732
684
684
714
714
688
632
618
582
586
632
634
680
652
684
734
782
750
768
778
754
716
728
736
766
784
782
722
716
714
632
618
676
736
838
828
752
714
782
806
828
818
762
770
760
730
678
682
682
684
686
686
732
718
696
732
768
712
672
714
694
704
686
668
698
720
714
700
662
668
692
732
752
720
738
776
792
804
798
790
774
718
618
626
662
708
670
748
778
754
720
780
804
798
764
762
750
740
736
720
742
750
698
634
648
666
652
618
670
712
770
728
702
718
730
684
664
668
698
684
678
708
748
748
718
762
754
764
684
664
604
650
646
664
718
768
748
756
794
800
782
766
766
750
708
644
618
618
660
714
740
728
752
798
806
792
716
732
736
732
740
680
666
678
698
702
698
708
742
768
766
730
718
720
728
656
642
650
668
670
630
648
686
750
780
752
702
716
764
750
700
716
730
706
696
716
734
738
748
698
680
686
718
730
686
682
666
684
720
776
786
800
768
648
388
382
266
496
300
452
318
416
284
448
316
382
320
312
272
384
266
428
286
432
286
466
284
482
290
442
270
464
280
470
284
454
278
432
270
400
268
446
272
464
698
714
718
754
782
748
702
704
730
732
684
680
682
670
666
684
718
730
670
718
746
688
660
654
698
716
684
664
686
718
736
710
686
700
702
698
650
636
634
634
644
718
772
780
718
748
752
748
684
666
672
710
670
646
640
680
734
766
754
766
748
684
752
752
678
664
688
700
716
682
652
670
678
680
672
658
640
638
670
678
666
688
712
738
712
634
648
668
668
646
684
716
750
750
736
668
648
636
638
646
680
718
722
710
718
752
770
774
786
724
748
760
778
790
768
670
678
686
698
660
650
702
744
814
750
720
752
762
754
694
652
670
684
652
646
680
742
780
784
780
752
684
700
734
752
782
766
686
684
696
704
706
730
704
658
664
690
716
702
684
720
732
748
704
664
636
658
644
634
612
616
622
642
630
628
650
664
638
650
664
652
656
634
622
626
612
612
698
756
802
808
800
718
664
664
638
654
662
652
654
720
790
826
830
816
800
754
734
734
724
718
708
684
648
680
708
770
744
718
776
806
734
686
734
762
734
672
654
712
722
714
746
772
802
716
690
710
756
774
732
742
764
748
688
670
716
702
722
694
654
652
682
722
690
712
764
750
688
706
726
684
628
616
650
686
734
692
646
662
670
644
640
644
656
644
658
660
684
674
676
708
750
718
746
766
762
756
694
716
720
766
798
806
762
700
626
644
684
732
770
766
720
758
804
820
814
732
764
686
638
632
696
768
832
838
750
732
754
766
746
704
664
664
716
746
772
736
726
708
694
674
670
690
720
718
732
754
764
738
702
692
640
626
636
670
702
746
746
726
746
740
692
622
648
678
706
750
740
778
784
784
694
720
736
726
658
678
712
732
662
694
726
776
792
744
756
764
802
750
664
694
690
674
670
686
680
656
684
702
714
664
672
692
708
664
640
696
760
798
774
766
770
784
728
654
662
696
752
808
774
814
828
816
782
752
764
766
756
728
722
714
734
744
706
424
358
674
658
656
688
688
708
710
746
726
696
730
754
742
756
750
768
716
716
724
740
738
762
768
678
704
730
726
654
648
660
684
716
686
684
728
758
772
772
728
736
734
688
660
628
634
662
700
730
714
674
708
734
746
712
674
652
676
678
658
652
670
696
742
690
684
720
730
696
664
674
702
698
648
668
718
748
732
648
640
668
696
698
676
688
736
782
748
652
684
734
736
742
686
648
630
656
696
662
692
728
738
746
700
670
698
684
718
670
642
654
664
706
714
680
702
732
700
684
692
708
718
696
718
716
730
706
646
640
698
726
724
682
712
602
618
370
266
252
398
252
426
620
696
702
748
752
700
682
672
698
704
692
684
684
680
702
686
646
618
616
636
648
646
684
708
714
706
708
678
628
602
598
612
620
982
842
808
800
800
796
782
726
684
676
650
676
676
704
734
776
740
728
672
664
654
614
612
624
666
682
712
734
760
760
750
740
728
730
722
698
698
664
652
634
638
604
610
612
602
588
616
618
650
618
654
644
666
668
684
692
686
670
662
632
610
596
600
602
634
682
708
710
732
1454
872
594
650
584
598
368
268
580
634
568
570
562
550
570
602
664
668
698
716
754
748
652
682
682
702
664
650
670
728
710
682
678
688
732
732
738
750
748
736
768
764
764
752
734
734
732
654
694
686
716
702
636
650
682
700
672
628
646
636
624
644
684
720
664
630
640
680
688
680
650
682
704
780
754
700
666
682
700
718
730
684
688
714
730
740
766
746
734
716
686
698
700
714
708
708
650
620
646
670
684
630
618
636
666
666
634
614
636
654
660
666
622
612
620
630
602
582
586
598
616
598
600
640
712
716
682
656
682
698
666
652
668
688
692
700
670
684
698
700
682
682
684
668
668
666
700
684
698
704
732
682
666
684
700
666
618
634
646
620
578
602
654
696
652
632
672
744
752
780
718
718
702
720
698
646
684
682
686
682
616
650
682
688
662
642
664
690
642
666
716
798
784
800
748
702
700
750
754
748
730
760
794
792
750
690
718
760
752
722
766
798
770
714
650
698
734
704
692
718
750
724
686
710
712
690
648
648
654
676
640
652
664
712
690
678
670
696
668
618
616
632
648
658
662
650
620
616
636
610
588
612
648
640
648
672
728
672
662
646
704
730
732
738
700
720
744
738
732
700
664
670
682
648
636
654
678
666
626
582
632
874
830
778
716
638
624
374
264
586
626
640
688
746
780
734
756
712
764
772
790
792
766
754
716
652
614
614
604
662
720
780
822
830
790
760
718
716
704
698
716
696
674
650
648
662
670
702
736
748
758
694
662
638
664
682
722
744
722
666
682
690
680
648
614
624
632
664
686
700
666
668
664
664
636
636
654
678
682
686
708
710
704
664
656
662
672
674
670
700
700
680
682
686
720
684
632
618
648
602
618
602
612
632
626
626
614
636
650
684
672
698
702
716
704
666
632
632
646
662
698
680
716
736
748
700
684
716
716
716
706
650
664
672
700
716
668
716
730
766
654
654
698
678
638
634
656
664
630
586
596
606
634
634
624
616
640
682
806
864
866
816
798
808
792
776
696
668
670
650
652
642
606
610
640
666
706
758
750
666
646
660
666
670
624
642
684
700
660
644
644
714
728
708
656
662
644
672
684
640
646
620
664
674
696
682
652
664
656
628
592
616
638
640
710
752
756
732
694
706
656
628
642
660
692
768
810
774
686
644
640
656
672
692
698
688
682
678
680
712
736
744
770
746
732
720
678
682
686
654
628
658
714
746
684
676
730
768
744
680
684
700
702
636
666
696
718
686
638
626
642
674
644
642
664
662
624
598
598
616
602
616
644
692
742
692
668
674
704
698
688
668
634
606
598
624
670
738
774
748
676
684
648
638
640
674
702
704
668
670
702
712
682
690
764
748
738
732
704
660
622
648
674
660
698
720
736
696
740
754
754
736
728
704
608
604
362
264
610
660
710
702
652
668
674
698
700
696
736
768
714
692
698
668
682
642
610
578
346
846
534
566
516
498
536
334
280
302
300
582
620
598
586
616
616
636
680
650
634
636
634
688
664
664
654
662
652
650
634
630
632
622
642
636
620
620
648
732
780
770
768
780
786
768
764
786
784
762
724
728
720
684
648
618
634
598
582
604
630
588
578
582
586
634
700
750
722
744
720
748
718
720
696
672
614
580
568
584
598
614
642
672
674
682
734
766
780
772
768
732
684
680
682
670
668
698
670
662
634
654
664
686
702
708
704
750
702
700
700
714
684
654
662
702
698
668
668
686
694
648
668
670
714
702
702
728
738
682
664
668
648
668
690
676
666
686
700
680
618
636
634
598
578
586
586
618
680
750
782
750
716
718
722
662
616
602
596
582
604
652
746
770
766
762
752
734
736
732
714
654
620
612
616
630
664
702
720
682
650
666
666
652
682
670
694
668
688
704
726
722
698
682
666
650
402
252
578
600
620
644
620
618
614
646
638
604
600
614
646
640
630
618
630
650
668
680
686
684
700
700
686
648
634
384
300
252
416
252
458
670
686
666
682
684
700
680
668
684
684
680
634
630
654
686
668
662
636
696
704
698
676
656
684
648
652
654
668
664
634
614
616
600
600
600
616
636
682
718
736
728
704
714
700
698
700
700
686
648
666
682
690
680
634
680
700
704
698
686
714
750
718
634
616
370
318
260
402
252
380
252
350
252
362
288
346
252
382
302
366
264
450
714
752
720
686
646
618
372
260
584
580
554
568
580
586
598
586
602
630
632
616
602
616
634
652
632
634
648
640
660
638
634
628
634
620
600
620
644
670
634
618
616
616
698
752
786
768
730
502
302
632
380
336
252
462
286
414
254
398
664
718
770
746
704
720
732
650
394
338
252
484
296
386
284
446
270
498
698
702
714
750
706
662
620
616
600
594
706
716
706
698
664
614
626
648
698
716
746
754
756
742
710
694
686
688
662
650
704
708
690
666
634
604
586
596
630
632
632
650
672
680
698
752
748
756
766
752
744
708
698
688
690
688
694
640
630
614
642
668
680
632
618
618
614
590
576
580
612
656
716
754
774
714
680
646
650
688
734
784
812
806
806
756
732
702
652
670
664
666
682
604
648
668
684
682
626
596
590
604
622
644
652
588
596
632
670
750
788
812
796
784
752
750
748
708
692
702
706
708
716
728
712
700
664
654
662
674
692
690
678
674
682
696
710
710
714
698
670
682
666
626
612
648
684
714
732
732
684
642
650
680
678
684
656
678
700
734
748
734
702
718
720
712
680
686
702
714
722
718
702
698
724
706
684
666
688
712
668
646
654
694
690
666
620
630
668
694
724
696
700
702
744
710
716
678
666
700
732
672
648
618
626
662
722
770
798
754
728
708
678
674
658
656
662
652
664
632
590
598
628
640
628
606
600
610
624
626
618
642
672
650
622
634
634
644
638
650
654
712
748
766
770
780
778
726
712
690
642
636
668
658
658
702
720
724
700
686
680
700
690
678
678
690
728
736
678
648
656
682
702
684
652
696
708
696
672
692
746
754
748
732
706
738
722
702
716
730
740
748
718
716
762
686
648
648
652
666
612
592
596
616
674
758
822
798
712
664
662
660
668
684
686
712
764
786
816
800
780
690
650
646
634
648
688
746
800
846
792
762
718
714
686
718
728
770
716
672
668
706
700
690
696
702
732
736
720
698
650
632
664
692
726
748
736
714
666
678
692
684
660
642
646
652
644
604
604
648
690
692
648
628
654
632
652
602
604
640
672
694
698
732
748
768
718
648
632
612
638
668
670
680
688
726
758
702
732
714
712
656
626
588
630
652
690
684
748
778
734
694
730
778
728
728
722
740
766
728
720
700
714
714
686
662
650
676
700
666
674
680
694
672
630
614
618
610
626
646
684
656
618
612
604
794
770
798
806
796
766
754
750
718
704
678
680
664
640
644
634
636
632
654
682
670
648
632
604
646
602
604
648
682
654
646
650
584
616
598
590
580
614
572
564
582
568
548
552
550
568
568
584
598
604
612
624
612
582
586
618
618
642
638
636
634
614
604
600
538
322
272
252
362
268
352
252
364
270
346
252
396
252
470
732
784
724
762
816
834
818
804
762
732
678
648
644
666
696
702
650
610
638
720
768
714
626
628
666
696
646
626
670
708
708
706
696
730
670
616
622
640
636
608
626
652
670
656
678
680
684
626
608
628
652
668
650
654
694
722
696
654
658
648
712
750
718
706
682
692
648
634
632
618
628
644
632
646
662
674
696
706
710
650
670
676
708
696
638
654
678
704
692
684
690
726
732
728
734
696
710
720
756
780
810
774
764
720
630
618
634
682
698
668
682
718
766
748
748
754
766
738
706
688
694
688
682
650
638
680
688
630
652
662
684
688
684
708
722
718
692
676
694
650
624
644
666
684
662
654
662
656
666
648
632
598
604
632
632
624
594
598
604
618
628
618
648
656
658
638
666
664
668
664
634
668
704
730
722
714
710
718
734
734
684
680
672
694
712
640
640
650
692
718
748
700
718
710
744
724
672
666
664
616
600
600
610
590
568
576
606
654
674
686
616
604
618
634
662
690
682
650
664
666
664
636
598
608
660
692
712
738
694
682
684
700
698
652
662
656
666
660
642
680
716
726
690
700
722
736
728
696
700
718
746
706
698
700
734
714
688
728
754
746
650
684
688
746
702
702
712
718
684
616
584
648
634
600
584
568
630
584
598
602
632
634
584
582
588
594
568
550
564
570
550
550
566
582
602
584
552
566
580
582
568
536
550
570
614
630
618
628
656
680
668
698
730
738
752
700
700
700
704
712
700
688
678
714
704
718
746
718
686
696
700
702
714
702
716
718
716
714
670
682
734
736
694
748
788
702
762
770
818
794
774
754
722
700
694
658
638
648
684
716
716
668
634
648
632
586
616
618
650
668
670
642
620
604
580
566
350
252
548
582
670
812
848
822
800
814
784
788
764
768
732
732
732
716
702
716
706
712
684
682
700
700
650
652
684
732
664
650
668
634
586
616
662
670
700
700
682
686
700
680
600
634
632
640
660
684
782
838
818
800
804
796
800
782
802
798
766
720
702
702
712
692
626
584
634
686
748
782
718
664
700
734
650
670
698
706
696
650
644
620
620
628
622
614
646
642
628
606
594
372
252
578
634
654
678
668
652
648
634
634
600
384
252
564
580
556
584
610
638
664
666
686
666
682
670
696
698
718
718
706
694
684
682
666
700
702
700
652
668
664
630
586
600
584
616
634
670
662
652
668
698
680
658
664
694
670
686
646
650
652
648
640
612
602
614
618
584
582
616
618
634
664
704
750
784
762
720
704
692
670
650
656
662
680
602
616
650
686
680
654
698
732
732
702
714
720
714
672
664
666
668
616
612
618
638
626
624
730
802
834
864
770
796
786
800
798
782
754
764
718
700
702
718
732
734
714
666
636
664
652
680
718
750
766
736
732
700
718
730
716
720
668
680
668
656
628
684
732
748
752
652
666
400
282
648
668
714
720
720
680
668
702
746
738
746
736
734
696
638
650
696
718
700
684
666
700
684
668
618
646
622
614
632
602
602
632
616
618
598
604
634
696
750
700
714
740
796
782
752
764
752
734
702
682
652
648
636
614
602
646
666
672
736
782
798
786
780
766
768
782
754
750
764
766
738
728
672
614
602
632
654
710
722
668
666
668
634
666
400
332
252
462
278
444
266
464
636
648
600
586
600
616
584
584
570
564
538
544
552
590
662
730
704
648
632
386
268
252
398
266
366
284
396
672
716
668
648
652
630
652
666
666
688
680
650
648
620
666
668
712
682
686
718
758
776
800
768
798
784
782
770
782
766
734
686
682
712
722
698
634
668
652
618
382
282
266
384
252
398
252
400
266
402
264
418
668
714
618
634
382
268
252
382
252
398
252
412
602
634
614
636
666
668
650
632
382
302
252
450
272
458
274
410
252
432
264
454
284
448
648
670
680
700
688
666
686
712
716
700
704
718
708
656
634
648
652
680
652
652
686
678
634
630
388
298
252
432
266
434
582
636
648
684
682
668
666
654
662
684
672
644
602
600
652
682
684
668
680
670
698
670
664
666
618
650
700
702
680
670
682
700
718
666
684
620
630
648
634
648
706
766
762
754
770
728
716
686
700
666
682
654
600
598
368
252
596
608
610
632
650
684
716
686
698
704
734
684
632
632
632
636
664
668
670
664
734
766
752
746
720
716
702
700
698
700
706
744
720
730
734
752
686
700
702
746
734
718
734
736
728
702
704
732
718
698
732
722
728
700
654
662
654
650
668
700
720
712
684
684
700
698
666
654
696
720
700
722
748
764
752
782
802
782
796
824
780
750
734
768
714
670
696
652
618
620
628
570
516
552
332
252
252
410
252
466
284
484
302
448
700
684
684
704
730
764
734
718
702
678
652
604
618
616
676
622
634
698
720
698
702
702
730
666
650
666
684
668
654
660
670
666
650
602
632
630
636
618
600
600
636
598
584
582
600
618
662
620
616
620
662
668
668
652
646
636
682
686
712
716
670
680
652
684
668
632
636
694
706
730
702
702
746
734
670
666
718
732
744
720
652
666
668
666
650
650
650
668
666
664
668
672
692
670
684
698
684
650
650
636
384
296
252
434
264
436
264
436
266
436
264
462
694
740
704
732
632
604
602
594
572
598
604
592
576
576
570
580
588
600
550
580
554
582
566
608
578
368
266
282
330
252
338
282
314
282
336
282
362
588
614
584
564
558
584
598
628
678
710
716
718
716
688
696
652
642
592
578
602
654
718
726
674
542
722
874
866
886
840
834
806
814
796
802
778
732
728
702
744
782
790
770
728
702
636
618
620
640
686
720
768
762
750
706
672
636
618
612
606
630
676
778
850
804
758
754
726
708
688
664
678
690
698
682
672
668
636
646
632
628
644
652
640
626
620
628
656
692
724
702
652
644
668
684
698
710
656
622
628
648
650
646
626
616
634
634
630
626
642
640
662
714
760
776
752
752
688
696
716
698
688
714
768
714
682
708
762
784
800
796
798
794
786
742
678
688
704
694
670
668
718
710
672
682
696
640
596
602
618
632
618
626
658
746
782
750
766
822
790
806
776
772
764
722
688
664
648
670
720
754
824
770
800
812
768
800
800
788
764
772
774
752
720
654
650
678
728
702
658
712
754
782
714
720
736
756
690
684
682
718
664
718
704
684
708
702
678
644
664
688
730
682
670
684
714
664
670
682
716
718
662
602
638
652
674
636
634
668
738
798
792
740
736
732
714
672
664
674
674
668
638
628
626
612
576
590
616
656
720
776
782
738
694
750
786
820
810
786
756
748
682
618
614
614
602
586
554
526
554
546
548
568
614
638
616
588
566
570
586
622
680
760
802
794
786
740
762
724
738
736
736
750
736
696
684
640
670
646
664
638
688
738
790
784
770
796
750
784
794
804
770
702
720
768
814
788
816
790
764
674
666
718
804
752
702
758
788
792
780
814
786
698
608
660
714
832
792
776
794
818
780
786
794
782
784
784
770
770
764
744
708
668
650
678
708
682
616
660
706
734
696
706
710
698
724
798
834
836
816
806
740
674
646
644
628
674
710
772
798
798
830
812
802
812
784
800
800
776
680
708
748
720
684
686
716
786
836
816
772
762
798
766
696
672
710
736
724
680
688
730
684
652
682
670
632
650
682
734
754
700
652
612
626
640
622
616
648
686
716
686
712
702
718
688
702
712
702
682
626
622
638
712
754
784
782
764
772
730
708
678
648
654
668
686
688
692
640
628
654
728
758
830
804
752
782
770
778
784
776
774
750
690
714
732
734
634
674
716
792
772
814
784
750
750
766
770
740
678
688
764
816
836
814
786
754
774
760
710
686
716
784
752
700
746
778
772
754
664
698
724
730
672
648
684
752
780
754
764
752
770
750
712
690
714
736
764
750
800
786
750
768
782
800
784
764
720
632
608
380
252
592
700
802
836
840
844
786
768
782
782
786
796
768
736
734
666
652
650
664
718
736
716
770
812
722
734
762
730
626
614
656
670
626
632
652
700
714
652
622
626
638
646
740
962
870
836
816
804
812
790
792
774
766
740
706
718
736
744
738
720
740
728
756
774
744
750
718
710
672
684
694
684
704
734
750
764
770
782
734
732
770
752
734
676
672
664
686
682
612
588
590
598
600
582
636
662
692
746
770
732
684
698
700
682
636
604
614
618
650
682
688
730
752
742
722
718
670
668
676
670
692
724
738
744
750
670
650
634
682
700
724
662
636
644
654
618
602
616
646
638
616
634
646
622
610
602
634
640
648
616
618
632
662
652
618
618
600
614
584
552
552
594
634
718
750
786
800
796
720
684
648
616
618
614
592
610
664
716
734
768
770
750
700
702
664
668
630
636
630
636
656
646
684
680
686
648
612
562
610
548
500
302
254
262
266
480
552
586
660
672
702
700
620
596
620
648
396
300
252
382
252
402
264
434
302
428
270
400
266
384
598
632
572
346
266
252
332
252
362
618
666
686
732
784
686
714
436
282
252
448
268
398
252
388
252
410
252
444
698
788
734
634
596
370
300
252
448
268
512
308
494
296
504
302
448
268
496
304
462
702
750
718
700
668
680
418
284
598
368
270
252
380
252
366
264
350
252
378
252
432
286
452
680
738
698
748
452
272
612
368
300
252
444
266
436
264
402
678
788
754
646
714
438
348
252
534
320
462
280
420
254
444
266
448
268
418
636
702
716
682
648
686
414
304
252
478
286
400
252
452
274
438
262
472
716
782
740
746
698
700
434
300
252
484
290
440
266
434
260
442
266
468
280
454
668
732
750
718
632
666
682
750
720
698
732
770
748
682
686
698
668
646
640
682
716
684
650
668
716
698
682
718
716
706
680
684
698
684
616
652
668
666
664
636
698
700
748
720
734
716
700
682
682
684
716
720
746
720
616
584
666
634
614
370
314
252
464
282
534
752
800
784
800
778
752
720
700
646
604
598
586
598
588
626
652
686
696
418
268
666
650
614
640
644
386
298
618
602
548
534
548
332
252
254
306
258
330
586
666
666
700
700
736
784
846
520
332
252
564
338
478
286
518
314
482
300
482
290
480
300
432
268
448
268
434
266
416
254
398
252
396
252
430
260
444
266
448
270
414
548
602
598
540
326
252
318
252
534
510
484
502
518
532
554
630
658
682
612
600
586
582
550
584
548
552
550
554
560
554
562
534
538
560
566
570
542
560
582
534
556
518
544
570
584
648
666
624
630
650
658
646
662
668
620
598
552
332
262
252
314
252
352
254
362
548
584
588
650
734
786
848
814
720
732
440
392
252
552
332
416
632
638
658
676
710
672
630
642
710
786
820
798
816
800
752
700
718
746
740
682
636
688
694
732
716
680
722
752
798
718
702
716
688
644
620
650
688
678
636
686
732
750
750
710
608
364
320
252
414
252
418
626
634
652
696
674
648
658
638
660
694
682
672
652
674
674
690
634
624
604
616
652
696
682
672
642
642
664
690
744
758
764
754
762
738
742
728
726
736
716
738
710
692
640
600
602
616
674
750
806
828
834
802
796
794
780
762
696
676
682
700
672
730
764
782
726
678
408
328
252
512
308
478
286
462
304
398
256
480
714
748
698
720
736
728
684
670
418
310
252
478
286
430
260
424
274
448
708
748
606
652
392
318
252
496
298
454
272
512
308
508
304
516
748
748
716
752
788
766
754
682
698
686
688
728
754
562
338
398
252
496
298
424
260
414
256
416
252
442
274
420
626
632
596
628
666
712
772
778
798
804
766
712
686
638
668
696
738
768
764
732
748
722
750
772
746
716
686
650
614
634
640
706
708
694
686
740
796
750
806
788
728
662
706
740
776
718
682
696
710
702
670
686
706
688
664
610
614
642
676
664
670
694
658
698
754
740
740
446
338
252
528
316
388
282
394
252
418
608
632
608
574
590
602
588
582
640
712
748
698
686
654
662
664
634
630
596
578
648
792
746
726
688
756
746
724
722
688
712
