840
748
730
734
814
844
858
764
710
736
772
796
822
744
778
794
840
802
804
824
788
728
688
566
666
608
646
598
630
656
696
700
702
652
634
636
644
624
610
608
630
678
674
750
810
822
736
718
676
648
650
706
696
686
660
642
604
1254
752
594
650
682
634
620
628
666
688
802
714
770
662
670
664
642
728
744
770
806
762
688
666
566
400
366
652
718
716
720
700
682
714
652
664
702
686
702
678
646
674
652
734
698
734
752
682
682
666
666
650
664
404
320
728
832
838
718
686
732
628
668
670
630
506
704
422
1452
1320
794
622
634
670
686
708
734
636
652
648
630
650
678
656
684
730
770
770
666
682
664
672
714
652
662
692
714
714
746
650
668
638
646
692
770
822
802
742
660
678
718
716
748
684
668
718
726
756
788
774
758
732
736
666
656
642
616
620
640
684
688
668
680
618
648
714
736
734
752
698
620
664
700
636
700
630
618
632
638
652
678
668
616
612
652
636
666
650
666
664
704
650
650
638
694
666
702
786
712
688
714
620
630
614
618
638
632
678
710
736
712
710
614
670
732
774
798
770
690
674
694
704
656
662
714
730
724
698
686
654
668
648
636
626
598
588
586
580
608
364
800
482
580
446
556
666
720
746
736
782
796
804
816
766
706
644
664
704
732
752
766
750
722
712
700
686
712
704
732
744
728
700
648
632
666
712
736
748
756
828
804
792
778
734
696
684
616
598
648
702
756
748
766
702
1018
650
392
604
656
746
780
754
766
732
736
748
752
668
654
678
648
666
698
678
644
680
706
748
802
752
696
700
732
738
750
684
646
652
682
702
684
698
718
732
716
718
690
678
618
646
652
668
700
768
602
364
334
252
430
266
472
284
496
302
498
300
504
746
766
668
682
656
698
698
686
698
670
712
736
798
804
768
682
668
712
704
714
668
668
666
702
602
632
630
642
674
668
706
644
632
698
720
766
774
762
682
700
702
698
720
720
662
684
702
700
780
748
752
718
730
704
748
722
716
732
656
664
682
666
668
616
648
654
648
634
664
636
652
648
620
630
650
686
682
698
652
636
682
698
684
686
718
630
636
636
664
668
718
698
698
698
706
716
648
630
636
656
634
662
616
584
618
650
682
728
738
750
732
672
696
698
686
700
702
734
698
696
652
634
682
700
704
666
682
652
666
618
648
656
660
670
714
636
598
666
700
704
730
748
652
650
666
684
718
672
612
652
682
684
716
734
686
714
686
680
696
672
630
622
648
650
682
718
720
716
664
686
700
746
750
756
680
688
696
672
678
620
616
614
634
634
634
584
598
632
638
646
624
712
736
762
736
764
736
670
678
620
602
598
618
630
620
648
652
682
668
684
684
680
684
670
664
666
634
650
650
668
748
738
732
764
734
750
766
704
664
634
666
666
752
648
684
750
814
808
764
748
796
802
786
766
718
666
650
670
778
868
906
834
798
778
772
766
766
666
606
366
262
252
398
584
632
618
666
672
714
762
800
802
820
826
822
800
800
746
710
716
746
766
768
782
786
800
816
782
716
722
782
798
732
686
696
702
682
636
646
654
670
730
668
684
696
688
732
714
718
702
732
734
750
702
566
340
346
252
412
268
364
268
434
268
532
320
566
896
934
918
902
930
916
886
886
862
836
836
844
838
850
850
880
854
730
650
602
668
1034
980
948
918
886
884
850
862
834
820
802
800
800
796
802
802
802
798
796
770
766
748
770
786
778
750
686
714
588
628
656
630
634
632
632
650
672
714
684
650
636
664
650
620
630
602
602
616
614
634
648
654
734
780
814
802
768
670
666
696
734
756
782
748
750
680
670
730
766
790
762
736
780
802
820
814
802
798
768
734
736
748
752
766
764
704
746
770
784
812
786
718
714
718
722
712
684
618
620
666
712
736
770
696
700
722
750
736
648
616
644
672
698
670
678
654
718
748
784
768
802
816
830
770
772
758
668
720
728
756
766
788
776
718
736
770
764
746
684
638
666
680
698
704
736
782
726
708
716
684
684
682
668
670
696
668
702
764
832
836
796
756
800
846
816
754
782
818
800
718
734
764
784
732
766
786
832
834
832
820
814
754
768
796
736
680
702
788
780
734
686
664
634
664
698
736
784
800
766
772
748
668
714
768
782
816
786
798
716
702
650
670
658
654
648
626
662
696
752
818
878
836
836
834
832
768
768
744
724
702
644
682
732
758
706
806
496
314
382
252
448
320
394
706
764
736
782
682
652
398
316
286
414
254
450
300
402
280
378
288
332
284
382
684
784
812
706
796
852
814
720
798
764
786
766
750
720
714
684
620
662
668
718
746
788
832
798
750
784
834
852
880
784
782
800
738
680
732
758
776
798
768
718
634
384
296
288
380
320
300
264
416
252
464
288
486
294
536
332
518
314
470
296
466
282
516
788
830
818
766
766
834
868
884
882
832
768
788
828
802
714
652
664
718
766
834
820
794
670
684
702
748
796
806
798
734
716
750
782
784
834
802
764
782
800
840
846
848
802
734
762
784
800
834
800
768
752
780
784
750
682
650
716
750
784
798
738
698
734
782
818
814
756
744
718
718
716
718
682
678
686
768
766
752
700
718
750
764
684
702
716
754
700
692
686
732
768
832
850
836
792
776
796
800
798
752
706
712
748
800
834
832
834
832
832
850
820
802
796
788
796
786
798
786
732
748
800
804
814
732
768
802
814
766
698
704
700
750
698
698
718
764
770
732
684
684
738
792
756
778
820
880
870
850
774
746
794
782
770
732
748
802
786
682
678
670
682
702
750
732
700
732
782
750
750
702
752
748
766
782
784
754
768
816
814
814
786
678
638
654
712
800
816
802
816
836
848
780
756
778
784
802
786
766
682
632
646
668
704
764
786
850
882
854
846
740
678
698
686
664
648
672
684
682
816
882
918
898
856
748
714
702
686
698
698
718
770
830
818
814
800
752
768
698
718
748
802
800
820
748
702
764
818
866
872
882
790
792
832
832
800
704
738
760
772
764
716
764
796
804
772
776
822
864
850
850
782
774
792
760
758
702
718
732
752
736
664
650
732
734
800
734
768
798
818
732
684
666
690
726
670
650
564
638
778
822
832
798
768
736
650
634
616
384
252
280
294
310
298
294
368
294
410
252
514
312
538
322
562
338
544
326
576
346
538
330
568
348
570
348
550
336
532
336
516
314
518
316
450
272
430
270
414
252
444
268
418
700
752
732
700
666
670
680
654
684
680
718
702
716
732
738
750
750
748
754
700
696
704
798
918
932
938
832
818
832
836
796
788
784
818
764
718
748
768
804
832
718
748
784
816
784
804
782
782
784
784
786
734
730
718
802
800
818
798
700
718
750
750
768
748
698
722
748
718
684
682
738
780
798
786
800
818
816
772
746
734
734
764
768
736
784
764
770
798
752
734
682
698
688
714
666
684
718
718
732
666
670
698
684
636
664
702
734
750
748
752
698
720
734
732
730
706
698
632
638
678
702
732
684
700
734
752
764
818
802
848
802
748
672
714
732
734
688
746
784
834
848
850
846
820
754
714
734
750
766
784
784
732
718
686
714
732
684
766
770
810
786
786
800
804
764
682
684
748
784
784
836
818
782
784
818
782
716
766
798
848
858
848
800
798
800
770
782
720
648
730
718
786
798
816
814
772
748
770
766
780
786
818
796
800
800
768
688
598
664
652
700
784
814
820
850
766
750
784
748
700
718
750
784
800
784
714
686
764
786
850
836
864
866
802
702
714
766
770
788
796
816
808
808
832
834
802
732
734
782
734
736
632
716
716
718
652
730
802
848
836
816
722
712
752
766
750
766
784
768
782
768
682
618
370
316
252
414
252
414
252
414
252
414
698
808
828
864
588
352
712
700
652
600
366
282
252
400
252
480
302
468
300
498
302
484
748
800
750
674
678
650
664
622
680
686
778
804
836
682
414
436
284
548
334
532
320
526
318
502
320
438
286
426
256
360
268
466
284
482
764
816
758
778
734
754
750
752
750
744
740
730
730
734
704
772
824
808
862
850
820
798
740
682
744
704
680
702
730
722
714
720
766
784
736
732
734
450
320
262
466
282
418
272
398
252
464
694
758
664
634
748
668
652
654
612
668
668
698
730
770
768
770
768
744
746
720
750
754
784
764
768
784
798
802
830
852
850
784
720
696
736
748
802
734
682
686
732
448
318
266
484
296
384
252
452
282
450
616
648
652
682
700
770
814
732
734
764
708
712
766
770
796
690
690
690
732
784
834
848
832
770
770
764
796
784
786
782
748
766
802
834
848
786
780
768
784
750
764
772
784
730
700
684
734
748
748
686
682
684
736
750
796
784
776
762
786
762
764
716
720
718
804
814
830
786
748
766
802
802
816
784
714
736
768
814
820
798
734
750
782
782
720
682
718
750
800
816
782
688
716
744
758
766
800
768
748
748
784
766
820
786
796
784
800
772
730
732
718
732
722
696
618
662
704
830
834
820
810
786
796
792
780
740
696
714
736
768
814
772
776
772
816
848
832
836
770
780
768
748
718
752
784
782
734
782
784
816
802
780
752
782
768
772
796
748
756
780
834
814
804
764
752
800
784
816
736
748
766
784
800
788
726
766
768
756
744
716
754
846
802
846
778
708
734
768
780
786
718
764
786
832
818
816
734
748
738
764
718
650
666
686
748
800
834
816
734
720
696
702
666
666
684
686
530
568
536
348
286
262
486
350
396
288
454
278
498
302
470
294
470
286
462
284
456
278
468
284
464
288
448
268
518
316
496
302
500
318
500
302
548
800
816
800
800
766
720
780
806
832
830
820
834
798
716
748
756
784
798
752
696
704
732
778
788
720
752
762
750
766
700
688
682
714
686
682
750
798
838
848
836
864
850
834
800
750
750
764
754
688
712
734
780
770
698
734
748
750
738
698
664
654
716
716
748
686
698
754
794
788
780
766
736
762
796
820
788
794
790
848
734
728
688
750
764
852
752
746
766
786
798
750
732
736
762
740
730
698
732
734
768
768
780
786
766
634
380
482
290
494
298
538
330
502
302
580
786
814
786
812
786
818
816
814
766
784
818
832
800
782
798
768
702
682
682
748
686
700
684
798
832
850
768
752
714
752
730
670
700
746
752
802
764
636
382
632
382
452
272
560
732
786
766
784
784
768
716
780
802
816
800
768
800
502
364
252
600
366
484
298
486
296
552
336
514
316
488
296
500
302
414
252
482
300
486
298
536
332
416
268
448
268
484
296
468
280
410
252
510
314
434
286
464
286
416
252
400
266
380
252
416
302
382
268
482
298
536
322
528
718
732
752
796
554
332
616
636
384
314
316
316
252
384
252
448
268
498
298
568
340
494
296
452
272
428
268
450
272
464
280
420
650
716
750
782
802
798
834
798
770
796
754
732
648
666
688
716
730
818
850
866
868
884
866
832
750
748
754
798
820
830
764
688
766
832
868
818
778
754
782
826
792
816
764
736
762
772
798
820
782
700
732
768
796
820
816
800
782
706
730
766
798
834
816
768
772
776
800
768
738
710
702
734
682
682
670
748
702
748
720
800
782
764
668
670
698
700
714
702
686
730
750
782
750
752
664
684
750
802
850
848
802
746
718
718
732
768
780
736
768
732
732
718
682
666
682
634
670
696
770
800
834
798
766
718
734
450
366
268
500
302
514
314
452
280
404
252
530
320
528
316
584
352
550
332
536
334
432
262
468
286
466
282
522
316
398
266
500
318
516
314
520
350
448
268
534
320
428
256
444
266
416
252
466
284
482
318
484
300
530
320
566
348
504
302
280
252
280
566
340
496
298
552
332
518
314
554
814
798
772
828
836
852
764
686
600
364
366
252
516
322
478
800
870
882
866
818
818
782
750
734
750
718
748
752
798
802
784
768
798
818
816
816
802
766
702
682
698
718
716
768
752
716
718
764
734
750
686
698
666
668
652
682
666
700
750
766
778
756
752
716
700
698
686
718
682
652
666
618
664
652
668
716
782
704
760
736
652
398
484
290
478
300
450
282
466
284
516
732
820
768
780
750
788
812
802
750
718
684
416
364
252
500
302
464
284
430
320
418
264
504
302
496
300
486
316
432
284
432
268
482
290
476
286
514
318
466
286
400
252
528
316
486
298
522
314
516
312
472
284
448
268
498
298
486
292
508
304
462
282
454
282
482
300
484
300
518
316
482
302
500
302
478
286
484
296
474
284
496
298
484
300
470
296
436
262
520
316
438
280
500
316
466
734
700
716
700
734
716
634
384
282
266
332
252
416
252
432
264
2484
1504
902
580
548
516
536
580
600
620
632
616
618
664
666
668
686
648
684
652
664
652
684
716
732
804
864
834
864
834
700
618
634
716
798
816
818
786
782
682
638
662
402
302
282
400
252
446
268
454
278
434
266
450
284
434
266
468
282
382
270
334
252
396
252
398
252
398
252
432
268
448
284
418
684
746
686
668
700
648
402
282
252
414
336
312
254
366
252
382
252
412
252
418
314
366
636
682
600
632
600
584
650
684
734
752
700
434
298
252
496
300
482
290
430
264
484
320
432
266
416
270
364
302
382
268
398
284
400
252
414
268
364
270
384
252
430
264
436
266
434
680
708
710
688
730
634
680
634
632
636
716
686
634
666
702
764
780
770
716
716
716
720
748
752
750
730
750
790
780
814
786
716
732
716
802
766
712
654
718
766
800
766
716
702
732
732
782
704
732
752
814
784
832
782
752
732
734
768
800
816
798
686
766
798
782
784
668
698
716
756
714
718
778
816
784
768
718
782
784
782
752
684
726
706
760
766
724
730
760
776
782
764
686
684
696
720
732
718
682
668
782
814
836
834
748
716
720
750
748
732
700
718
734
768
800
766
714
814
802
818
802
768
778
766
786
802
836
826
820
800
718
666
736
730
800
814
738
814
834
846
772
814
832
802
814
770
784
780
782
764
720
732
720
832
780
784
720
784
782
762
720
736
750
814
782
766
718
702
714
734
736
680
718
782
800
718
734
750
782
782
734
736
748
766
710
660
646
602
550
350
364
304
502
330
532
320
548
334
568
830
886
816
714
686
684
746
770
812
822
832
848
836
784
796
784
780
754
814
784
780
786
752
700
756
744
786
810
754
764
772
762
700
634
634
380
314
270
398
252
454
278
416
254
548
350
482
770
814
748
786
780
764
736
702
646
620
534
628
618
618
650
584
632
584
614
616
602
366
332
254
398
280
388
626
652
666
668
666
652
684
716
746
752
736
750
730
748
730
718
748
754
782
684
718
746
852
882
766
764
786
814
684
650
650
730
668
634
618
618
652
662
698
752
780
768
736
698
698
716
686
698
616
634
714
734
834
818
846
816
822
796
766
766
768
798
786
798
766
750
768
784
800
734
696
702
734
750
748
684
682
718
764
752
716
730
738
780
734
716
748
734
704
664
648
702
782
818
802
814
668
714
718
698
702
764
782
784
770
748
716
734
732
716
666
686
716
712
738
716
700
666
680
618
634
384
252
298
352
262
436
264
498
300
486
302
398
252
500
302
480
290
490
298
510
308
452
282
436
298
400
252
482
298
470
284
462
700
752
748
818
796
752
750
736
746
720
696
702
752
794
804
732
682
716
718
802
780
816
784
752
736
712
716
686
716
716
698
670
702
712
732
688
696
714
736
786
800
798
748
754
732
764
734
732
750
718
800
736
762
734
752
784
732
750
798
788
814
784
750
748
736
762
754
784
784
800
852
812
784
770
780
750
798
750
702
668
698
736
748
748
736
714
732
734
706
694
704
746
768
748
752
800
784
816
734
666
648
682
720
716
714
736
748
750
714
752
734
766
716
650
668
668
682
616
634
618
650
632
596
570
548
332
320
268
412
254
432
266
400
252
398
286
332
252
380
252
414
252
400
300
382
252
416
252
430
266
400
252
448
268
416
268
380
252
434
260
474
284
500
302
560
354
464
282
584
814
854
848
818
798
798
754
768
746
798
818
784
766
786
814
850
802
730
718
718
746
736
732
718
732
702
682
602
366
398
266
402
266
432
264
368
272
362
252
448
268
496
300
520
314
536
798
838
798
748
718
666
630
652
670
696
706
728
686
716
766
798
834
798
752
782
750
670
730
732
750
752
750
764
770
716
682
666
732
718
734
752
752
762
730
710
714
678
686
666
698
734
786
832
800
748
686
732
782
782
804
780
750
750
814
786
764
686
702
732
752
782
784
752
726
730
742
746
800
752
712
656
698
736
762
822
808
794
830
808
756
770
826
820
816
812
786
734
716
730
738
750
732
716
702
746
770
784
748
680
684
700
682
690
700
730
754
696
730
736
746
770
782
754
712
684
686
712
718
750
754
664
398
350
252
498
298
500
302
484
296
472
284
398
254
462
282
418
268
444
272
384
600
682
696
720
622
698
766
766
764
768
714
668
634
648
648
720
732
800
802
796
754
716
700
634
384
252
264
366
252
414
252
434
264
466
282
454
282
382
254
432
264
452
282
418
252
498
298
450
284
484
300
466
284
468
284
364
252
398
266
386
264
434
268
482
748
786
534
416
420
262
386
252
630
382
372
260
402
252
448
268
470
284
478
286
482
618
728
754
766
734
684
582
350
600
366
448
268
486
296
454
282
466
282
486
300
466
284
500
302
498
652
748
768
734
800
746
704
732
618
896
770
800
732
782
756
814
754
762
768
784
780
768
734
666
718
730
736
750
748
786
766
772
714
698
418
316
252
480
290
464
280
468
282
400
252
466
280
502
318
434
284
430
266
386
252
362
252
300
252
414
252
466
284
466
284
496
304
482
316
466
280
504
302
468
298
482
300
452
282
484
300
450
274
508
304
464
280
488
294
472
284
470
284
444
266
468
280
474
296
384
252
414
252
448
268
466
282
450
272
412
252
432
266
450
284
418
282
384
252
446
268
448
268
418
264
466
280
452
272
464
284
434
264
468
280
436
264
488
298
434
264
452
272
446
268
432
264
452
282
420
264
502
302
446
268
432
268
448
268
532
320
498
298
552
332
486
296
486
298
484
298
436
266
468
282
450
284
418
252
498
298
450
272
462
280
470
284
500
302
382
252
384
260
388
252
446
268
448
268
466
282
502
302
482
300
482
296
454
282
454
282
432
266
434
284
368
252
396
252
414
252
418
252
380
266
334
268
416
252
448
268
514
312
440
266
448
268
532
320
480
290
526
316
418
252
432
266
400
252
416
252
448
268
464
284
418
252
396
252
434
262
438
264
418
252
398
252
348
252
380
256
360
268
352
268
366
266
364
252
384
282
366
266
416
252
432
268
