614
592
624
636
610
598
614
650
690
726
748
742
734
680
658
670
690
716
752
782
802
800
780
728
724
714
716
722
684
704
752
788
786
758
722
730
706
700
646
612
626
644
674
714
686
678
700
698
692
680
628
604
606
610
616
628
662
712
766
814
828
834
830
828
794
780
740
692
712
720
744
754
720
706
722
742
762
716
738
770
792
780
724
746
772
762
722
734
744
742
724
702
722
746
750
702
706
726
730
706
708
734
754
734
696
726
752
752
710
706
728
732
704
684
702
728
746
732
724
738
720
694
656
630
624
598
588
610
644
696
758
790
792
774
748
730
704
660
650
658
666
686
694
674
646
652
652
612
618
656
696
734
686
696
706
710
698
670
670
648
660
698
738
710
728
760
768
758
688
646
648
666
700
706
676
710
740
788
826
810
746
744
742
736
728
734
712
726
746
750
754
744
732
678
682
718
746
780
802
748
772
772
764
754
706
696
708
712
720
690
686
722
736
752
720
662
674
708
724
752
694
666
694
686
652
634
646
662
636
638
670
698
732
758
726
720
732
712
706
704
658
676
710
738
758
732
726
766
782
790
780
724
734
744
744
738
682
660
670
674
688
662
668
706
724
732
706
674
688
690
692
694
668
662
676
696
728
728
692
720
736
748
746
714
710
722
734
734
708
702
728
726
732
698
696
702
702
690
660
652
668
672
676
638
664
680
648
626
622
640
642
608
594
614
620
640
662
666
638
664
692
728
746
706
708
722
732
728
704
722
732
728
710
682
706
714
726
694
692
716
716
670
648
676
702
716
730
692
670
680
672
678
654
650
660
664
652
610
594
606
606
574
564
568
588
604
590
604
628
654
682
698
678
634
636
646
650
650
650
614
604
638
686
746
760
690
704
696
696
668
618
602
602
598
594
594
612
646
682
720
732
712
648
636
628
624
634
624
658
706
776
800
774
806
814
812
762
772
774
772
710
700
698
702
684
658
680
718
750
758
734
712
704
698
670
620
616
614
584
576
596
624
680
722
718
654
644
664
686
720
688
654
684
712
752
768
742
720
722
710
694
658
658
688
718
736
692
690
712
722
746
722
690
696
694
710
710
676
688
710
724
738
704
730
740
744
722
694
712
726
716
718
696
704
734
762
772
768
744
712
722
708
654
620
654
718
778
750
702
722
728
722
684
632
656
660
642
614
606
640
680
666
684
716
736
728
672
670
664
676
660
616
636
654
674
668
628
636
668
652
642
636
664
686
706
700
660
622
630
640
662
682
668
690
714
708
624
596
612
596
618
642
656
654
620
622
634
648
652
658
642
644
644
634
636
608
620
644
686
732
756
766
754
702
690
680
664
668
658
704
764
796
774
766
788
788
744
740
754
740
694
712
718
724
692
650
642
646
644
630
650
690
722
714
678
692
706
692
676
646
636
642
676
712
724
682
684
710
724
754
748
724
750
764
764
750
714
746
756
772
776
748
760
772
768
768
712
694
710
724
744
734
732
760
752
722
732
748
722
670
678
684
710
748
720
666
666
670
672
686
692
650
660
688
714
758
746
736
754
730
722
716
692
678
684
700
716
718
706
676
688
702
722
728
704
722
750
762
752
740
760
758
744
724
730
720
696
664
660
682
714
746
752
762
758
696
646
640
676
708
720
688
682
684
674
634
656
690
716
710
690
718
730
734
678
664
670
664
632
608
632
642
688
718
736
714
716
724
728
712
674
624
628
642
678
716
738
716
694
708
730
760
782
774
812
810
816
782
740
742
756
772
738
712
718
668
618
594
600
866
874
844
836
824
822
794
760
726
712
692
682
684
692
686
674
646
646
612
604
608
618
652
718
704
718
752
738
724
700
676
654
632
610
618
640
656
680
700
710
684
688
676
668
662
628
628
634
650
656
654
680
712
746
754
720
722
726
716
668
654
664
676
688
678
710
736
740
694
694
694
674
640
638
662
676
702
690
698
740
734
710
706
700
694
664
670
688
690
696
688
698
712
716
690
680
696
710
736
748
770
784
786
772
736
676
658
628
610
588
566
552
562
622
700
764
788
786
730
714
710
686
664
648
642
658
672
688
660
674
690
692
664
608
620
638
650
640
596
600
616
638
664
666
676
664
646
600
602
620
620
630
652
648
632
656
664
690
682
674
708
730
738
720
686
694
696
698
680
682
700
702
682
646
664
686
708
730
706
706
724
726
738
706
696
688
694
700
662
664
690
720
724
694
722
716
706
660
636
636
638
658
690
694
720
750
760
720
716
712
692
666
636
656
674
696
692
670
722
740
666
658
654
676
638
650
672
682
652
632
652
666
690
670
676
696
708
702
660
640
656
666
674
654
680
698
664
658
672
690
714
706
686
696
684
680
672
678
696
670
662
696
720
714
728
758
720
698
714
722
680
686
700
698
640
644
670
696
690
666
674
668
642
614
628
642
650
648
658
682
716
682
694
712
728
682
626
652
630
610
624
644
656
604
606
634
648
664
676
666
670
696
718
728
692
684
708
708
706
642
620
626
644
678
674
672
684
690
676
646
630
618
642
670
688
672
660
638
612
578
562
582
598
586
622
698
704
660
684
700
710
686
630
626
626
640
634
604
578
576
626
688
724
738
696
712
704
708
700
680
684
682
690
700
692
726
746
762
744
734
740
740
728
708
708
706
700
688
650
656
672
694
702
680
674
688
690
686
650
666
680
710
726
706
714
732
746
740
686
694
618
590
588
602
586
618
670
664
620
586
608
800
798
760
740
716
700
674
654
634
622
616
626
648
674
698
722
742
748
748
750
740
720
706
698
678
668
656
658
664
686
702
700
694
696
650
628
630
634
660
694
708
690
694
704
708
708
688
660
664
676
688
676
644
652
666
684
702
704
680
632
608
616
608
602
640
698
724
668
674
716
740
754
756
754
752
726
690
690
690
682
674
646
644
664
690
722
764
714
700
702
670
630
626
628
630
634
622
592
604
622
650
698
700
652
708
720
724
720
660
620
606
608
614
630
662
682
662
662
680
684
682
670
648
616
638
654
676
698
722
706
688
622
610
598
598
642
712
764
776
774
770
766
756
732
692
624
598
608
648
726
712
692
740
770
774
734
754
762
760
724
702
710
692
684
654
658
680
688
706
680
688
712
730
738
732
746
718
678
686
694
696
684
664
686
710
708
684
700
716
726
738
686
690
700
696
698
672
642
656
668
676
680
654
652
648
626
618
588
586
592
642
680
666
660
678
676
648
636
618
618
598
594
586
606
648
676
690
696
676
632
656
672
662
662
696
700
650
670
688
710
732
714
654
672
690
708
738
674
658
664
638
630
630
604
598
594
594
642
682
656
652
642
664
694
714
718
722
728
674
666
670
668
682
676
692
712
648
632
614
604
590
582
584
582
556
548
556
566
614
684
730
704
760
652
678
658
658
666
670
678
678
676
640
642
620
584
558
578
598
674
756
758
768
776
768
760
748
744
726
712
700
648
610
612
630
640
706
758
762
740
750
734
686
652
590
604
592
602
612
624
684
744
766
746
698
726
742
738
714
650
656
666
668
690
686
640
646
666
676
684
680
650
660
666
660
638
640
662
680
692
642
620
626
636
644
672
658
660
652
666
650
622
620
632
646
642
614
630
636
624
616
592
604
620
652
692
716
712
678
682
686
678
676
656
652
662
666
650
632
632
636
650
648
652
694
730
748
724
726
724
716
678
652
664
670
676
686
672
678
682
684
658
628
632
632
636
648
630
636
668
680
704
686
656
652
654
644
640
630
628
636
644
650
626
616
632
638
648
630
612
632
638
650
656
640
610
628
630
640
642
632
628
634
632
624
654
556
600
586
600
610
604
590
584
598
604
612
608
618
620
652
634
592
590
600
616
636
658
658
632
606
608
618
632
614
584
582
594
624
690
716
734
742
710
706
696
608
594
576
562
572
574
616
692
756
794
786
730
736
748
732
686
634
634
656
680
722
730
668
682
698
716
730
698
652
662
664
670
662
630
648
662
678
682
648
644
658
682
650
632
648
664
700
710
664
692
674
636
626
626
626
598
560
562
566
586
636
694
754
804
682
788
778
762
740
704
668
646
622
600
568
580
624
696
772
782
730
748
760
762
760
720
696
696
688
666
642
664
694
722
740
718
706
750
750
752
696
704
718
718
734
680
694
712
690
682
716
722
698
684
688
688
658
644
664
686
720
734
688
682
684
686
676
646
624
642
646
662
682
650
672
696
712
716
652
650
648
622
606
604
642
668
662
660
680
684
694
700
680
690
718
728
734
728
688
694
694
694
678
638
642
662
664
664
678
702
690
666
684
700
698
674
640
650
658
660
674
656
664
690
698
704
672
654
678
700
714
716
670
640
652
654
664
664
646
660
676
690
700
668
662
676
678
670
668
662
658
678
646
660
692
732
742
710
648
634
628
610
602
602
576
586
608
630
674
706
688
710
736
756
748
716
708
670
656
610
600
612
650
658
704
742
766
746
682
682
688
700
692
658
664
692
670
656
682
710
734
698
684
682
674
676
646
624
636
654
648
624
646
680
708
734
734
700
648
660
666
662
662
642
664
702
714
734
706
674
686
682
654
632
650
656
628
624
640
676
708
718
714
696
666
656
642
636
606
614
636
672
724
762
746
756
770
760
728
696
688
686
662
618
626
642
644
658
648
672
682
702
686
696
720
722
708
672
652
630
614
628
652
656
676
720
740
756
750
678
680
694
710
716
644
644
656
666
648
644
700
748
794
814
768
768
758
730
674
650
662
680
702
702
658
636
650
674
700
726
710
662
682
684
682
682
680
700
706
714
706
666
656
660
658
644
614
642
684
716
740
716
738
736
730
716
672
622
632
636
646
624
614
648
658
672
660
630
628
638
650
668
694
714
714
680
682
684
678
684
670
626
626
634
636
652
650
634
646
682
718
774
790
758
766
772
754
736
678
672
676
630
606
610
602
624
654
680
690
674
634
640
656
674
704
694
688
720
732
710
640
632
618
608
590
584
610
648
698
728
746
798
816
794
780
782
764
704
658
660
658
666
670
650
658
700
744
772
754
732
754
760
732
666
678
692
710
680
632
636
648
658
668
624
588
590
600
624
668
700
730
752
740
692
696
688
682
672
666
656
638
626
642
660
698
736
740
696
702
726
726
704
686
696
706
676
628
636
642
666
640
620
654
702
726
686
676
690
694
680
634
640
658
670
682
646
662
682
696
684
658
670
682
674
640
654
674
684
704
704
646
660
666
666
680
650
602
618
658
686
734
760
748
708
722
704
688
632
606
616
620
632
644
660
668
636
658
682
698
718
722
696
676
688
694
702
716
680
684
686
698
658
620
634
658
678
706
706
668
676
680
674
678
666
642
648
662
668
646
674
694
710
694
638
650
660
654
620
614
626
630
650
632
604
602
640
668
658
614
624
632
628
606
570
576
620
670
740
778
790
774
718
710
694
682
672
640
618
634
652
676
708
712
688
700
716
718
698
646
668
680
698
712
684
692
708
708
696
650
646
642
636
638
612
624
652
672
696
678
676
678
680
686
672
666
678
696
700
694
658
656
652
662
652
614
622
644
666
674
648
648
652
658
646
604
588
590
606
632
666
680
624
712
700
678
634
624
620
632
640
662
688
710
682
668
682
682
698
712
702
708
714
706
686
686
700
752
764
766
784
734
680
658
704
730
702
712
718
718
674
670
682
678
674
654
622
638
646
638
596
584
610
654
708
738
710
740
754
748
698
694
700
676
656
676
692
682
664
692
726
738
678
682
712
714
678
672
686
688
618
584
608
630
636
652
696
726
746
746
718
712
708
700
690
666
652
670
684
702
680
658
684
704
710
678
648
666
680
678
660
680
698
704
676
644
662
672
670
644
656
686
700
722
682
644
660
658
664
642
640
666
694
716
692
704
706
698
642
628
636
654
674
682
662
656
668
676
624
592
588
582
582
618
666
700
734
738
730
676
654
660
662
638
642
682
704
736
734
672
682
684
700
714
700
640
652
658
664
680
656
640
666
680
696
706
666
648
658
662
676
668
634
644
658
678
686
678
646
668
676
674
686
676
660
670
674
660
634
656
694
720
734
724
694
672
680
680
652
618
624
660
692
740
754
718
686
704
694
692
674
628
610
628
642
668
696
674
670
688
710
720
710
668
616
608
588
580
574
612
654
650
630
644
656
684
692
726
730
740
738
724
712
640
612
610
612
636
676
712
740
708
720
730
714
660
646
658
674
682
658
686
700
712
718
678
658
676
676
678
660
634
650
672
690
674
646
658
684
696
704
690
646
624
638
652
686
722
746
722
720
726
706
692
656
658
676
688
690
666
678
662
620
588
580
592
624
708
792
808
786
798
786
740
698
684
676
654
610
598
622
654
704
722
672
672
688
698
714
714
668
652
656
648
656
630
616
628
656
638
616
630
682
710
704
660
668
688
698
706
692
638
640
648
662
674
650
664
692
728
752
724
712
716
696
682
640
630
646
670
692
706
670
674
682
682
682
648
634
654
660
638
632
652
664
680
684
656
612
624
642
656
684
694
670
692
712
726
714
662
660
670
676
688
682
638
642
650
660
668
630
634
652
656
652
626
624
630
650
614
606
586
632
624
598
620
638
628
594
594
596
598
608
626
644
660
672
638
616
624
638
652
682
684
660
694
704
702
694
634
590
584
604
814
836
816
816
818
820
808
806
784
754
724
692
672
650
642
650
644
632
622
658
696
748
782
764
750
714
686
660
612
592
594
606
620
666
694
704
654
636
646
644
628
648
678
698
714
696
680
682
662
652
602
590
594
594
588
620
646
632
634
666
684
700
660
664
678
684
684
646
644
652
664
680
662
648
676
698
714
668
662
680
682
694
662
670
680
688
654
654
674
686
706
710
690
648
656
658
656
638
650
678
692
680
654
680
690
694
648
650
662
664
672
646
626
640
658
662
660
682
704
710
674
650
658
652
656
616
614
632
650
664
614
604
622
640
646
628
618
608
606
614
670
666
674
710
728
734
738
724
710
654
640
646
648
668
676
642
654
688
726
748
704
744
764
766
744
686
702
706
710
712
698
684
702
708
726
746
712
668
676
678
680
658
666
708
736
726
744
756
712
680
702
704
704
692
648
640
660
674
682
654
672
704
706
688
650
664
674
682
678
656
672
684
692
692
664
664
682
694
704
696
662
678
680
682
666
638
654
676
682
684
658
684
702
712
680
632
630
638
646
650
626
648
684
712
750
736
736
752
740
708
660
676
698
712
726
738
716
748
770
760
724
658
656
656
640
612
618
662
712
720
682
714
732
724
702
650
646
656
660
672
662
652
684
704
724
678
654
680
690
702
682
646
664
684
708
718
666
660
674
676
684
656
664
682
680
666
634
648
662
622
604
606
634
660
672
652
656
666
674
676
638
618
640
666
698
724
678
682
700
694
686
640
628
654
668
716
728
682
698
702
702
662
654
680
684
688
656
622
646
668
686
690
674
700
704
702
662
684
690
684
652
612
636
662
682
722
722
672
690
696
688
680
644
638
656
672
686
670
656
682
692
696
684
644
640
652
668
688
674
696
724
756
724
668
678
684
680
672
660
690
726
744
696
666
690
696
702
678
660
668
668
668
642
648
672
690
698
670
668
688
682
678
654
646
666
664
662
652
678
708
732
732
718
648
656
672
680
706
698
670
706
728
744
696
682
680
674
652
642
660
686
690
702
662
676
696
694
672
634
644
650
652
652
618
622
638
664
696
686
654
674
696
712
686
654
692
674
668
684
704
710
712
676
654
678
694
720
714
684
718
744
764
750
710
740
744
738
704
670
694
718
732
694
696
732
738
730
668
664
682
696
700
676
696
730
740
750
714
688
698
706
702
692
646
670
670
678
664
646
668
696
704
712
670
648
670
666
664
642
618
644
672
704
710
666
668
652
624
626
638
652
636
628
650
676
698
708
666
696
712
726
740
704
650
674
690
712
728
710
672
702
718
722
690
708
726
716
682
652
676
688
702
684
678
722
740
756
732
718
736
728
730
696
646
660
684
724
730
722
772
794
780
712
710
722
716
698
646
684
740
780
794
758
678
708
704
700
672
658
692
710
724
720
688
720
752
756
766
738
704
714
710
712
696
654
700
732
770
756
672
644
632
638
670
712
752
772
744
682
696
690
684
706
680
658
712
746
772
780
760
704
706
708
708
678
670
696
710
728
692
716
742
748
694
646
662
672
670
652
634
664
676
684
680
644
654
684
698
710
688
632
632
642
654
672
664
670
712
714
688
642
544
532
558
652
700
724
748
744
728
714
694
654
620
592
576
572
606
652
682
708
718
688
692
674
670
668
648
644
600
600
622
638
682
750
794
804
760
748
754
738
678
660
666
666
652
608
614
640
668
722
712
656
682
684
690
692
636
598
600
610
632
664
714
754
754
688
654
666
672
684
698
700
654
640
656
668
674
686
656
622
644
658
686
706
664
674
694
690
702
674
640
650
660
668
682
696
668
664
676
678
676
674
650
606
628
644
662
676
664
650
668
688
688
684
658
666
666
662
630
612
640
656
686
682
662
670
674
682
642
634
648
664
664
674
636
608
624
630
632
618
600
616
628
644
674
614
594
586
566
576
562
572
602
648
660
668
692
698
688
680
658
678
688
692
710
678
652
672
692
742
730
666
676
714
714
736
734
742
706
640
632
636
652
678
714
740
760
756
738
720
718
718
706
704
678
648
690
718
728
702
684
720
724
708
650
660
646
626
646
682
686
660
672
688
700
718
718
654
654
674
686
702
672
632
646
670
712
732
688
702
732
738
724
648
646
664
682
704
688
676
730
756
764
734
654
628
638
624
636
610
594
610
632
660
682
674
684
694
692
680
676
664
640
624
628
624
636
654
684
590
680
706
730
762
766
712
760
780
780
762
684
670
696
706
732
750
700
666
710
720
728
708
670
710
720
710
652
644
680
702
710
662
680
726
760
778
724
672
704
704
708
680
648
698
722
746
736
686
724
734
720
682
634
586
624
652
694
676
674
728
734
750
700
668
702
714
732
716
692
752
778
766
718
732
754
756
696
656
690
712
740
774
720
716
744
746
700
670
718
760
788
804
756
750
768
752
706
700
726
746
768
734
686
736
738
696
678
708
714
724
702
680
726
756
778
776
716
732
734
734
722
668
684
702
712
714
674
626
648
658
668
688
696
706
788
824
822
784
748
762
730
714
684
668
628
620
662
722
782
796
768
734
756
746
724
690
670
698
726
744
720
724
758
766
754
690
692
708
726
740
702
698
738
746
694
666
700
718
726
692
688
718
740
730
716
664
660
684
696
700
666
664
700
702
696
690
668
634
640
662
688
700
664
688
710
702
722
688
682
696
666
638
636
646
620
632
666
708
740
686
688
726
734
742
722
648
662
682
702
694
652
692
710
700
654
608
594
610
628
666
700
670
676
714
732
748
744
726
690
726
740
744
706
702
748
764
764
682
716
716
714
674
668
710
728
728
708
680
708
720
722
670
606
626
622
622
658
726
772
794
782
720
732
706
680
614
590
596
614
672
756
770
724
752
790
782
754
696
626
626
646
670
730
772
734
700
710
706
688
650
630
660
700
730
752
746
684
690
704
698
694
652
656
684
706
726
692
644
626
626
624
654
678
650
668
734
764
772
766
726
700
720
722
744
750
706
694
734
744
706
650
672
706
732
754
736
700
724
716
700
686
658
686
734
768
794
786
736
722
732
726
728
702
740
796
832
806
776
808
814
766
720
732
726
706
676
720
776
832
848
798
826
826
814
768
736
752
738
716
672
706
732
752
716
736
788
806
780
734
752
752
720
680
714
732
752
730
700
748
766
780
760
744
750
734
688
666
702
732
766
734
754
780
770
688
668
694
700
692
654
692
742
774
792
758
726
746
742
730
712
672
684
702
714
726
666
634
648
674
672
654
626
652
682
688
696
656
654
662
662
656
624
628
656
696
748
744
692
708
724
708
688
634
636
642
648
682
696
670
678
708
708
700
684
694
708
642
624
606
614
612
610
642
696
738
750
736
684
696
692
694
692
656
648
688
724
752
706
678
712
718
726
688
656
686
656
654
700
736
764
764
698
688
692
686
652
628
668
696
724
738
706
746
770
760
684
688
700
674
624
618
634
684
742
780
768
720
748
748
724
666
658
684
720
754
758
728
768
776
770
676
652
656
694
750
786
782
764
784
770
710
664
700
722
746
728
700
732
756
760
770
764
716
742
756
752
726
684
698
750
784
768
732
774
782
726
706
748
772
792
768
708
722
738
698
648
622
628
628
668
724
704
724
780
784
756
678
676
706
718
742
724
700
754
766
752
684
708
756
768
738
678
716
740
756
758
702
678
722
730
716
674
674
714
732
694
638
646
670
712
752
748
706
690
718
714
706
676
634
660
674
674
632
602
610
622
652
674
662
678
718
724
742
650
652
646
644
658
618
582
584
596
608
644
690
694
638
590
572
582
690
816
824
824
822
812
804
794
778
766
776
794
810
784
780
788
806
796
792
776
768
754
728
688
688
722
746
766
728
712
718
716
664
622
618
642
670
700
690
684
702
716
716
692
642
654
672
682
708
696
704
728
720
708
678
654
676
680
644
614
636
672
714
750
740
732
762
758
756
718
638
646
656
668
696
692
634
608
600
608
612
684
712
718
742
754
742
702
650
666
672
656
632
654
702
728
708
676
694
694
672
650
616
620
642
670
696
664
616
604
586
568
586
610
644
674
706
730
698
656
668
678
666
666
646
662
696
738
758
760
734
752
750
734
712
674
684
704
700
676
680
736
754
756
720
742
768
742
678
708
716
720
674
646
692
712
738
702
652
660
698
720
734
710
704
738
746
714
680
702
722
734
714
670
704
722
720
670
622
656
654
654
622
622
648
684
708
728
694
640
642
644
638
614
598
594
626
668
712
732
760
782
768
730
728
728
716
708
680
646
658
692
710
712
682
706
732
746
674
630
662
638
630
642
678
702
656
632
652
662
676
676
644
656
694
702
706
684
654
678
688
688
682
682
724
740
762
730
704
728
718
678
622
636
662
694
712
688
714
754
754
758
706
654
682
678
678
676
660
678
708
724
730
712
666
676
692
706
710
706
688
710
718
718
708
670
686
712
724
722
686
706
724
722
702
676
690
690
688
670
642
650
684
714
728
708
710
730
722
670
622
624
612
616
646
678
664
686
738
754
738
682
696
684
684
670
644
672
702
714
678
654
684
688
702
694
666
682
716
734
740
702
724
738
728
708
670
690
722
738
768
762
726
750
752
742
726
660
686
700
720
718
676
708
734
734
710
670
704
720
716
692
684
712
710
690
626
642
662
680
672
642
620
626
636
652
644
672
704
710
686
644
644
664
672
688
672
658
706
730
730
692
710
744
746
694
652
676
684
696
660
628
642
682
718
736
708
728
734
728
708
682
700
706
712
696
698
734
752
762
740
692
722
740
754
738
694
708
708
712
684
672
734
796
804
766
820
804
764
794
776
766
692
654
678
696
702
662
676
710
728
746
696
710
726
724
716
678
664
688
708
718
670
632
626
624
662
692
684
720
746
722
648
604
574
588
642
706
728
738
762
756
734
718
708
702
684
672
660
670
690
712
726
736
730
740
750
740
732
708
702
692
652
634
650
698
760
808
796
740
754
730
710
664
656
662
644
628
624
648
674
680
650
668
682
696
696
668
636
646
660
682
690
660
698
734
750
750
686
638
670
678
706
696
682
748
780
772
718
752
752
728
672
680
674
672
644
642
682
700
668
628
646
648
664
676
656
686
702
680
650
674
690
700
710
686
602
652
660
674
664
656
708
732
726
690
652
668
680
688
704
704
706
684
672
700
722
728
722
668
656
684
698
718
688
710
752
760
744
706
742
736
726
700
726
732
750
748
702
756
776
770
760
744
682
704
708
730
752
730
660
684
694
706
684
678
746
810
842
818
774
812
798
776
722
738
752
752
760
716
714
766
792
794
734
758
766
752
702
680
716
722
680
658
662
648
708
756
782
770
740
686
708
708
708
708
670
672
692
700
722
688
710
752
784
778
776
802
776
724
670
602
630
652
680
704
666
690
724
720
652
662
686
666
662
636
660
674
694
678
672
692
686
682
692
678
646
680
714
760
748
798
810
784
738
678
670
654
640
628
620
598
574
620
690
758
754
756
752
728
716
722
744
762
710
682
704
716
732
744
708
664
692
694
702
668
672
706
736
742
688
702
726
740
708
684
706
716
718
692
660
696
726
738
750
702
702
716
726
720
682
662
682
698
704
682
662
702
722
724
688
682
686
700
678
684
724
750
772
698
760
742
734
724
694
456
274
524
644
644
644
644
656
640
620
652
666
650
612
634
668
708
756
776
768
712
694
712
710
722
692
646
680
706
708
676
644
674
714
746
776
788
762
700
642
648
632
646
676
714
690
710
728
734
720
696
734
766
788
786
726
744
750
750
724
676
696
708
728
742
738
800
828
830
780
794
810
772
694
704
728
732
680
704
730
742
720
680
702
720
716
718
664
662
680
696
704
664
652
678
668
636
632
658
674
694
688
646
644
656
654
660
638
622
654
684
722
696
652
682
700
702
700
660
654
666
672
674
654
646
672
676
688
660
668
690
698
692
642
638
648
652
656
632
638
676
702
706
684
698
722
712
702
668
636
644
654
666
660
640
676
718
758
762
726
666
688
694
692
672
636
660
686
714
724
680
674
684
680
680
638
598
584
578
610
824
836
810
810
810
794
776
732
674
622
596
614
644
694
748
770
778
772
762
750
732
718
698
692
672
648
660
672
696
700
686
698
708
706
676
626
606
598
582
570
572
612
668
696
662
696
720
750
760
710
724
738
730
708
662
686
692
710
692
680
722
758
768
740
760
764
752
736
762
762
718
684
690
700
694
656
690
710
692
668
700
706
702
656
618
636
644
666
684
672
686
682
690
700
642
614
628
644
666
682
686
702
700
656
650
668
676
688
680
664
692
722
732
694
704
710
714
688
646
660
676
692
710
698
710
720
692
636
626
648
672
678
650
678
704
712
714
690
692
680
668
672
658
646
604
598
610
632
666
700
736
780
764
744
744
724
706
696
656
652
656
654
614
618
650
670
694
718
718
714
686
668
658
676
700
724
694
696
740
750
750
702
682
702
692
684
656
654
684
696
718
716
692
710
724
732
746
710
730
742
750
734
696
680
696
690
660
610
600
602
606
682
734
698
694
736
752
748
680
654
672
662
670
650
610
614
638
646
648
616
592
606
634
688
734
750
768
752
708
666
654
648
630
628
638
660
668
664
638
630
636
644
652
656
684
680
674
670
678
684
686
658
628
642
662
680
706
666
666
686
684
644
600
614
654
696
708
684
692
720
712
658
650
660
664
680
658
620
612
618
620
658
700
700
686
708
694
668
626
642
652
652
670
720
742
764
714
702
722
716
706
666
698
726
738
760
730
740
758
756
734
678
700
702
666
632
670
706
702
686
748
798
820
644
728
698
694
658
630
630
658
676
678
662
698
742
764
746
668
660
660
652
652
622
620
642
678
724
726
734
762
782
776
734
702
708
686
656
626
640
658
674
686
654
654
676
684
640
664
634
654
648
648
634
630
608
578
570
586
616
646
700
682
690
722
728
720
694
650
658
674
680
660
666
696
708
726
748
736
718
710
694
690
656
628
658
692
702
720
690
648
676
702
724
726
692
650
670
688
692
712
702
710
746
764
740
692
732
750
764
768
734
752
766
754
710
724
750
738
720
668
686
736
748
746
692
702
726
742
716
706
766
684
724
674
710
722
740
748
714
714
742
734
722
688
692
722
718
676
690
700
708
680
700
760
710
748
700
726
740
716
686
660
656
688
684
704
742
756
738
676
688
720
750
758
698
694
714
716
692
656
678
646
608
646
664
698
688
660
680
676
678
666
640
646
658
614
620
648
690
740
770
764
734
726
706
688
666
638
644
670
674
696
730
748
772
706
692
690
668
678
652
634
588
614
622
630
642
634
612
626
638
614
628
642
638
608
566
584
582
622
644
634
600
644
650
684
694
708
700
696
652
636
622
610
616
596
614
644
682
670
662
698
716
696
662
636
678
674
644
604
630
642
644
616
648
654
628
690
722
744
774
732
738
740
702
666
630
652
674
684
680
712
702
668
640
676
682
706
658
654
656
614
612
632
650
676
658
646
686
684
696
696
678
662
624
636
606
614
612
650
686
658
662
706
734
682
636
654
662
678
654
668
626
610
610
696
696
690
744
762
702
728
716
650
616
638
618
632
650
670
672
658
636
636
638
640
620
630
632
644
628
622
620
596
600
624
660
650
678
686
652
680
728
738
700
664
700
726
696
724
724
716
718
644
650
658
648
598
604
614
612
642
650
644
622
600
622
566
598
622
596
566
604
622
606
640
664
706
672
706
742
750
742
728
718
704
682
636
640
626
588
580
600
628
640
650
594
644
674
688
746
658
660
