619
606
617
654
650
616
612
628
647
649
742
737
660
733
882
846
861
698
913
877
824
791
790
786
830
785
830
4294902846
1100
737
879
830
829
762
887
799
830
781
834
786
781
789
704
902
758
736
835
816
760
785
699
917
786
699
878
828
699
873
786
752
820
680
764
454
282
749
751
734
697
669
733
699
655
741
755
375
363
778
753
735
830
699
707
734
789
754
900
792
698
906
884
795
694
829
830
873
795
865
885
865
874
698
917
874
877
786
742
917
786
830
786
835
4294902263
1116
826
742
916
285
531
684
783
736
750
491
243
743
754
866
830
873
731
899
860
790
786
743
742
737
704
799
735
873
786
746
897
1565
784
730
751
788
776
786
723
766
732
710
655
698
700
785
834
720
254
600
785
761
725
699
763
726
683
710
655
704
712
700
723
753
699
742
786
787
861
772
832
766
793
873
831
703
901
901
900
836
830
878
868
788
4294902496
1016
782
902
819
821
760
851
749
800
864
868
836
874
758
897
827
842
831
787
741
771
759
732
621
714
690
744
697
656
689
800
699
781
705
743
751
822
746
734
796
743
786
743
787
766
898
902
889
898
851
877
781
749
786
831
824
749
703
742
788
786
699
647
839
829
732
803
743
743
781
705
703
775
719
817
705
1498
821
782
742
706
743
4294902503
699
733
714
655
732
667
699
830
678
900
830
699
832
786
831
1402
830
744
737
661
613
635
636
612
611
613
622
646
699
657
877
796
821
810
896
787
742
747
700
612
700
698
700
847
862
874
733
902
900
876
844
733
787
830
787
831
912
840
831
729
888
612
805
762
786
807
735
787
874
875
769
896
831
871
875
789
830
791
787
786
832
829
783
4294902570
772
744
743
655
787
700
786
737
754
874
774
881
794
828
753
739
700
699
612
656
737
699
835
722
770
787
787
743
747
757
729
738
661
700
744
780
753
744
786
719
849
749
747
869
792
788
830
875
850
751
850
744
742
701
665
646
660
655
612
324
420
655
700
743
783
789
710
825
744
738
749
685
761
744
743
786
725
844
827
730
1499
757
744
787
729
760
700
4294902207
1084
830
787
911
301
586
830
839
735
788
786
791
782
875
788
300
535
831
729
893
787
699
919
832
749
801
815
830
755
732
744
743
741
662
781
662
660
652
693
662
659
689
710
733
797
701
874
835
787
744
737
705
787
795
826
870
744
879
787
734
893
907
845
867
831
830
787
829
705
832
797
777
897
903
827
673
858
700
683
716
805
729
908
884
4294902503
908
894
820
793
786
717
683
738
704
660
700
799
687
1487
743
751
638
801
699
787
710
777
722
772
734
705
743
786
709
657
794
704
725
700
743
795
780
703
787
743
757
729
744
796
863
750
787
786
869
744
748
753
781
700
606
705
656
700
620
781
745
876
2622
834
831
831
787
787
796
765
760
788
727
797
793
810
863
1653
783
792
758
4294902445
879
831
694
900
899
875
792
734
882
831
684
753
749
677
683
670
671
757
743
1400
700
702
656
694
618
738
678
683
703
650
618
569
612
481
344
854
888
847
869
695
754
704
669
638
625
647
612
656
620
599
655
619
1183
614
605
531
568
612
525
569
576
602
575
606
530
407
200
705
756
774
765
863
840
816
743
787
732
802
699
744
700
673
288
479
702
616
743
757
818
698
900
806
4294902595
699
744
802
816
742
689
758
743
700
717
682
831
672
818
656
700
656
611
700
612
700
659
757
631
799
700
790
695
754
694
743
786
700
744
743
729
673
744
743
663
737
743
743
747
782
661
656
699
694
744
647
769
648
831
699
744
276
380
700
746
700
738
749
699
743
724
714
664
657
612
611
695
748
700
878
919
873
788
742
836
695
703
670
700
642
788
655
787
724
897
4294902939
308
743
795
709
731
699
787
699
737
788
793
771
806
694
836
656
787
719
785
714
759
743
786
701
743
729
761
781
836
832
732
885
763
815
836
869
918
831
843
734
831
787
787
825
793
783
794
874
728
803
700
786
791
787
743
787
743
752
271
463
750
784
743
788
699
831
786
746
788
743
831
747
783
786
747
743
700
751
779
744
742
424
367
776
754
743
699
4294902379
125
742
744
716
730
743
721
721
743
810
724
743
699
694
705
699
657
702
743
787
744
820
709
300
491
709
777
699
781
705
782
749
772
733
858
787
743
874
782
708
657
699
698
831
765
896
834
875
874
699
918
787
811
723
737
749
694
748
743
744
746
874
743
781
793
731
785
712
800
735
743
725
725
735
704
276
466
694
749
1349
748
687
667
710
708
681
835
756
4294902534
699
791
781
765
683
743
751
739
751
735
830
795
692
868
491
305
787
743
787
743
787
699
707
827
673
856
364
380
787
786
703
874
781
749
757
729
782
751
744
737
837
742
263
480
698
749
743
742
760
770
733
748
665
787
743
655
875
743
699
688
714
700
684
758
743
901
895
905
886
825
689
885
735
760
744
743
699
699
787
743
704
743
742
782
705
743
748
742
743
4294902248
901
840
830
730
900
866
786
748
825
788
786
834
743
822
858
812
732
900
900
881
787
786
831
810
705
887
845
778
787
874
834
695
835
831
734
708
743
735
711
700
786
717
770
728
791
708
880
743
743
787
744
776
722
734
744
786
2244
1492
683
700
699
753
771
884
878
345
481
825
787
705
738
752
743
831
732
900
859
835
704
903
4294902495
299
549
875
772
806
900
892
853
769
738
747
787
744
830
840
898
871
813
822
787
781
727
852
850
815
782
880
830
825
748
879
743
781
793
723
283
568
649
885
874
830
700
874
826
834
748
831
787
810
808
832
745
916
351
489
780
780
880
709
738
700
655
744
787
742
645
835
662
830
671
385
435
680
764
790
782
661
782
705
742
700
785
749
787
754
383
431
4294902580
143
660
791
743
825
793
825
753
767
763
738
791
695
748
700
743
748
786
787
787
717
857
787
755
735
743
831
830
761
822
782
787
787
722
765
736
850
752
769
786
743
826
661
839
696
699
663
692
704
733
662
625
734
752
734
743
791
739
878
700
742
787
744
831
725
808
831
761
1500
800
787
747
743
787
830
704
827
838
734
880
787
733
841
787
774
4294902497
827
851
722
862
740
778
724
691
705
735
743
786
729
857
840
710
847
767
764
708
695
700
699
700
720
242
481
738
752
787
899
860
822
883
736
842
779
775
756
744
787
717
775
699
787
738
792
700
817
762
743
743
788
786
744
763
763
840
840
720
801
699
777
680
729
705
699
870
640
860
346
394
699
700
743
700
656
700
712
772
749
831
738
880
699
747
673
4294902530
743
714
730
743
792
699
751
779
743
773
300
510
690
878
789
732
841
787
773
843
749
808
897
831
699
773
699
718
656
722
764
739
879
1709
394
694
655
632
642
694
752
745
699
699
700
743
743
667
662
686
699
699
718
638
651
752
699
695
661
700
655
752
677
711
875
750
755
775
743
795
703
736
699
700
742
695
631
728
674
643
612
612
656
664
647
725
639
652
698
719
4294902485
699
744
698
705
699
656
642
600
666
671
762
899
902
895
903
846
791
751
780
786
830
744
656
716
738
764
890
1169
318
699
746
670
773
733
754
744
760
739
734
744
619
648
657
656
698
649
297
83
331
655
734
884
831
830
753
826
742
797
786
751
832
668
761
700
317
322
716
613
655
655
836
912
705
875
743
743
781
753
744
769
887
880
787
746
875
875
791
748
735
4294902562
819
788
830
831
742
788
700
704
748
782
777
835
826
740
876
760
874
788
781
721
798
701
807
694
296
584
831
875
712
866
787
699
744
660
652
692
837
933
1532
897
902
817
744
787
804
814
743
866
712
914
1491
795
779
724
767
787
874
875
884
724
888
875
786
745
812
804
790
789
787
824
837
876
786
800
821
787
744
743
787
831
835
4294902349
1027
768
807
743
765
686
740
699
665
297
438
693
672
737
655
656
613
656
612
606
618
658
702
687
886
831
875
874
733
889
743
700
699
657
655
758
776
1575
649
881
787
732
715
751
836
818
780
845
827
728
802
787
811
807
787
785
792
743
745
699
743
744
655
835
830
735
884
799
775
747
699
700
688
661
618
700
670
727
617
832
683
366
481
787
762
772
699
744
4294902385
817
700
743
698
705
788
787
762
856
786
748
910
838
805
813
832
833
788
786
826
678
1501
735
680
684
753
705
831
831
777
800
831
875
795
735
768
804
793
737
749
787
796
734
791
743
743
700
700
699
724
735
600
665
646
651
603
582
616
652
654
618
607
618
611
569
620
604
667
604
613
612
624
629
664
662
700
659
615
696
656
700
648
701
749
747
699
700
694
749
4294902415
656
670
646
656
699
656
656
699
612
693
699
754
743
831
787
785
766
734
735
744
787
732
815
685
806
692
821
683
803
695
749
747
831
787
781
705
656
744
747
700
699
700
708
779
766
813
743
782
749
700
700
743
709
651
715
685
787
788
743
795
784
832
782
709
739
875
856
855
768
895
904
845
656
793
791
757
778
737
766
770
830
832
744
743
744
744
771
4294902496
440
288
772
847
831
722
900
876
845
818
743
700
700
670
716
719
700
875
874
832
732
847
743
656
700
700
849
905
782
718
900
881
919
837
828
833
801
860
832
874
836
799
775
787
832
830
823
751
902
896
832
805
765
902
856
787
757
900
793
707
871
788
737
706
699
744
754
693
787
787
805
771
699
774
785
807
693
716
646
656
656
693
623
4294902417
655
700
734
797
700
835
668
687
700
699
700
782
632
815
685
808
689
602
283
480
657
664
734
706
743
743
789
786
748
768
850
787
743
744
743
704
753
734
700
699
744
782
772
703
633
909
841
656
787
797
781
743
788
831
438
431
706
757
733
782
705
788
699
708
738
691
704
700
696
709
665
690
705
787
743
700
699
657
620
678
674
666
690
817
889
830
853
726
901
804
4294902416
700
744
729
806
786
700
744
787
781
900
786
714
804
742
787
796
707
732
700
732
755
700
325
320
667
747
744
796
735
700
700
781
730
804
663
737
744
651
748
692
631
693
707
726
729
687
688
745
713
642
715
655
701
743
