826
810
824
882
866
856
830
832
836
822
812
822
734
766
770
774
786
782
734
700
708
726
786
842
874
864
912
840
800
818
794
772
762
718
616
756
698
730
786
830
864
838
864
898
874
830
896
810
792
838
828
832
830
774
830
840
818
784
780
896
872
794
860
676
998
738
762
854
856
804
802
856
614
368
662
804
854
822
752
788
774
742
678
658
728
706
734
782
816
782
736
694
714
712
688
714
730
792
768
734
782
732
700
678
706
732
734
782
694
730
792
834
850
864
836
766
734
700
730
748
802
846
844
816
802
778
788
772
804
768
724
716
776
778
802
724
702
644
686
644
684
688
676
734
718
706
694
750
768
794
800
800
770
706
678
724
704
756
716
780
700
694
416
306
738
696
764
782
816
868
874
862
876
546
328
824
794
814
786
814
826
832
542
326
722
754
840
842
864
818
498
360
854
848
826
814
840
838
834
832
806
810
848
818
746
708
428
348
736
748
746
704
714
706
818
758
698
588
432
404
738
754
770
742
776
810
840
810
848
790
814
798
882
838
810
822
830
504
332
756
562
886
794
842
808
484
346
802
808
592
356
660
730
798
822
612
368
688
774
824
796
784
720
434
324
754
778
740
530
320
758
766
776
688
664
702
692
714
722
756
772
802
800
806
610
368
658
766
756
770
762
776
772
730
772
756
804
774
820
814
696
786
710
562
404
350
656
600
644
386
280
620
386
256
638
618
654
520
708
620
618
434
260
626
584
604
596
594
648
688
734
850
700
1014
844
838
880
826
812
794
790
752
828
794
808
802
538
322
734
760
468
388
826
852
906
830
824
824
828
826
836
818
842
826
816
818
798
834
798
780
798
818
782
730
506
304
670
728
748
732
774
578
346
664
690
734
750
748
716
702
698
754
748
702
682
714
720
720
716
654
392
398
738
762
796
808
814
792
778
798
782
772
780
776
792
764
818
776
762
662
838
674
690
680
678
736
712
428
346
774
804
772
766
692
416
338
722
734
450
300
666
626
740
734
762
698
708
746
758
788
900
836
784
818
810
806
834
832
810
756
822
780
832
830
768
824
812
800
784
752
680
706
736
758
824
824
808
766
880
806
724
852
752
760
516
310
812
718
784
754
850
774
756
756
740
804
756
760
768
866
834
776
740
804
808
782
730
738
448
308
754
778
572
344
646
774
804
810
674
912
778
762
728
758
774
786
792
498
298
762
750
784
784
736
456
302
292
464
292
474
690
684
690
700
684
410
298
654
720
716
750
698
654
426
298
728
714
778
680
772
752
768
538
322
708
498
298
752
730
772
784
742
770
770
748
852
806
838
850
816
882
814
804
866
838
820
778
806
806
820
800
528
316
738
820
860
902
816
824
796
820
764
780
818
850
782
622
960
858
814
566
340
658
722
812
774
726
716
788
740
712
672
686
418
320
748
762
786
782
800
488
332
794
830
770
756
742
740
800
744
728
752
820
784
740
754
628
816
734
764
818
764
772
766
828
750
744
756
754
834
796
762
692
900
820
780
828
792
576
346
740
824
822
838
664
1036
816
814
836
596
358
798
780
836
830
812
796
662
930
836
804
580
350
646
756
740
740
716
748
782
804
806
750
894
816
816
794
660
434
398
748
750
718
698
768
734
716
434
338
756
628
900
740
732
732
758
742
704
728
724
836
820
784
754
718
688
702
722
784
792
740
932
838
820
766
782
800
810
798
814
796
804
786
766
714
676
756
770
726
752
788
728
706
786
812
864
836
900
848
840
836
814
778
822
788
828
776
788
824
836
860
828
866
870
832
842
810
798
774
774
848
800
754
780
736
760
708
702
732
766
784
784
750
786
790
810
816
780
798
768
768
786
778
786
760
740
772
752
728
676
708
712
766
806
796
794
774
788
762
798
722
724
724
788
774
770
772
844
828
758
804
796
780
772
780
710
728
724
770
782
744
776
564
338
724
772
802
816
778
804
752
792
740
812
810
806
802
770
780
768
774
756
772
738
804
800
776
736
760
756
788
784
744
724
772
466
320
758
736
728
756
752
808
788
756
756
756
466
316
746
658
724
734
764
802
832
754
752
452
332
350
428
764
756
822
784
804
824
820
884
836
838
884
580
350
854
802
788
742
740
708
788
772
724
708
738
746
558
334
694
652
754
598
700
702
692
704
680
688
730
766
812
804
786
580
1060
658
1518
910
342
252
252
256
254
252
266
402
252
532
320
312
252
568
340
572
344
270
252
260
256
258
258
1594
956
730
450
272
614
370
498
306
482
290
450
272
500
302
310
256
252
252
252
254
252
266
252
252
252
338
258
482
290
280
266
252
730
448
324
256
500
302
454
272
500
302
490
296
686
416
252
258
274
468
280
552
332
442
266
342
252
866
530
320
664
400
366
252
512
308
284
252
454
272
652
392
386
252
532
320
776
466
328
252
254
346
252
498
298
388
252
550
332
518
312
420
262
472
284
512
308
294
252
294
320
252
580
350
318
252
500
302
444
266
534
320
444
266
420
254
482
290
424
254
446
268
360
308
252
592
358
432
260
324
252
656
402
354
254
534
338
450
272
452
272
532
322
402
252
536
322
466
290
478
286
460
288
450
290
354
252
630
550
332
810
498
298
700
594
356
740
482
354
528
316
524
354
402
252
502
302
454
272
466
280
1246
750
896
788
806
484
390
252
660
702
856
802
872
824
776
736
444
452
770
602
362
598
358
456
274
526
316
490
296
468
280
456
274
538
406
432
260
572
344
476
286
442
266
568
558
512
316
736
694
698
702
678
678
748
752
796
804
770
484
290
792
762
832
816
800
832
818
836
816
800
758
724
802
834
850
878
804
820
810
838
730
770
748
768
744
750
770
802
798
850
818
822
870
870
884
870
866
646
1022
826
832
822
808
830
892
884
884
866
888
866
898
870
798
844
822
816
866
778
782
826
848
860
834
868
886
852
900
834
854
866
824
884
786
782
796
788
818
720
722
748
746
764
676
644
386
266
648
604
666
662
710
676
706
716
762
798
826
834
794
796
810
816
806
794
814
828
856
858
856
876
896
898
884
864
902
872
836
860
852
870
910
916
884
862
912
846
894
876
892
884
840
822
810
786
826
748
784
810
822
788
784
838
816
780
726
778
778
816
802
800
846
854
848
862
864
884
852
892
824
834
790
744
722
712
700
828
852
880
878
860
890
850
832
878
800
798
866
850
766
700
604
656
756
840
896
904
822
868
756
756
734
704
694
714
658
678
642
692
656
692
678
650
630
674
652
660
670
664
714
766
772
756
752
804
692
738
682
652
644
618
594
370
252
580
552
616
686
786
856
864
840
836
846
820
828
830
826
812
844
796
822
756
738
758
780
800
800
760
656
634
702
694
758
844
886
838
808
824
844
860
852
902
864
824
814
790
760
716
666
668
682
716
766
740
760
844
854
896
868
822
824
804
726
690
718
668
658
654
688
680
712
740
738
686
682
410
298
720
782
798
812
764
782
722
782
730
688
664
682
702
764
814
898
864
816
804
814
802
794
754
712
718
718
736
778
820
870
866
856
844
800
712
724
704
716
752
790
820
886
922
948
924
916
884
886
850
606
364
734
756
772
594
886
708
708
680
696
694
676
662
662
696
736
750
768
780
732
746
720
724
712
770
758
768
780
764
752
738
728
742
734
734
662
806
730
730
806
792
762
754
746
790
800
814
798
784
802
782
836
774
772
788
762
808
748
702
686
706
712
736
762
718
688
692
682
722
760
780
824
834
812
822
822
818
782
794
786
794
786
806
788
800
810
796
758
760
732
712
742
790
802
776
788
784
790
742
720
742
728
794
798
758
714
730
758
770
782
746
694
704
720
762
742
768
776
850
828
822
768
750
756
756
770
794
786
758
772
766
754
760
782
812
828
838
830
784
738
774
762
746
750
702
730
754
744
778
764
784
768
752
724
738
762
764
766
760
728
708
692
734
716
716
688
674
702
706
704
714
710
760
794
814
766
770
768
726
722
658
720
646
642
664
672
714
764
796
814
786
712
704
718
616
852
798
812
806
822
784
824
760
766
808
824
876
852
848
804
800
814
800
796
820
766
794
796
806
744
790
790
794
760
772
714
728
734
738
730
748
718
760
774
782
744
750
756
758
734
752
780
788
786
816
778
738
738
688
752
690
712
746
790
772
730
782
774
794
762
706
730
710
662
714
696
692
682
698
680
752
748
746
736
728
700
728
742
752
774
730
682
730
710
710
740
842
850
884
820
858
846
832
822
814
778
740
796
802
756
748
666
696
706
692
650
618
636
646
636
698
750
728
718
740
768
770
758
728
728
688
700
700
702
694
724
764
830
824
774
740
736
728
742
698
712
756
828
860
860
856
804
788
776
760
752
756
764
732
732
764
776
776
778
694
756
774
778
728
712
696
756
746
750
698
720
744
770
774
744
800
788
756
736
690
676
664
674
736
782
542
326
688
700
770
776
804
808
798
786
738
792
796
792
790
824
758
700
424
296
704
726
832
858
846
874
888
878
842
820
814
808
804
792
750
810
770
848
794
810
788
794
782
834
786
790
850
828
758
766
776
750
754
682
714
740
732
718
692
722
722
744
732
702
720
720
730
756
582
462
422
702
714
746
770
788
768
838
812
800
776
730
792
788
802
746
784
766
790
812
790
820
774
812
822
812
820
796
792
776
786
716
700
686
710
752
770
784
828
814
840
778
802
820
840
854
826
824
832
832
806
740
766
766
760
736
676
702
786
790
778
778
742
750
784
732
680
680
728
674
678
682
706
662
668
712
724
762
780
740
740
770
788
796
782
720
720
728
714
764
806
830
878
826
850
794
776
766
774
786
792
744
754
768
762
766
746
722
722
724
726
676
632
640
624
602
656
766
816
846
850
868
850
852
860
848
828
778
812
792
770
780
720
718
708
756
792
830
834
824
872
844
824
806
778
722
696
708
746
798
836
856
864
852
834
868
830
792
808
840
856
872
868
796
796
768
764
684
696
660
704
678
696
688
654
696
688
690
656
640
632
386
290
664
684
726
724
704
752
758
778
786
848
810
706
732
644
652
598
646
622
618
616
632
382
282
666
672
668
666
636
688
660
628
662
676
610
640
630
628
624
654
652
654
650
658
724
752
786
802
738
710
708
694
742
720
690
694
728
780
822
820
816
886
868
840
786
832
776
706
662
678
664
684
764
776
830
886
854
872
854
802
830
834
802
772
734
762
746
704
720
750
760
752
762
672
742
746
762
788
802
746
736
758
758
754
716
720
650
690
674
708
724
764
844
888
870
838
852
828
784
760
732
712
744
740
706
696
686
694
742
778
806
810
794
816
808
786
728
740
764
784
772
770
822
840
842
770
790
810
818
764
760
804
824
830
786
792
816
810
752
748
760
788
820
838
810
818
840
852
834
886
858
810
832
872
850
908
802
774
792
794
744
716
742
774
790
792
746
696
732
734
756
770
732
730
752
770
782
796
754
746
806
800
754
708
702
712
730
788
886
926
924
930
914
856
748
770
758
770
836
818
836
818
812
810
798
810
776
790
730
706
622
684
702
758
830
806
736
728
772
762
792
662
710
692
660
648
654
614
618
618
620
598
612
616
624
608
598
604
622
656
706
742
826
836
856
866
832
802
794
794
754
694
684
674
676
694
752
770
702
698
746
784
810
802
728
708
726
760
808
822
802
806
824
838
840
806
780
814
832
846
842
756
762
780
790
806
776
814
818
824
820
804
752
764
780
784
792
802
778
764
770
770
770
728
784
780
800
804
770
748
790
772
818
764
734
760
758
770
750
714
732
760
770
784
772
734
752
762
774
790
766
734
806
824
826
852
848
810
816
806
798
776
754
740
788
782
744
706
744
752
686
660
712
716
722
778
682
720
710
736
750
752
702
702
720
698
702
692
658
686
694
766
786
778
762
794
802
810
802
762
778
784
800
794
718
732
756
758
756
712
734
728
678
684
712
730
720
718
766
798
768
794
802
794
802
780
718
702
752
742
746
700
678
734
758
816
860
836
846
884
888
850
846
844
850
800
792
836
820
816
784
788
810
810
806
748
720
768
794
814
768
742
778
788
804
780
728
742
768
788
794
772
722
726
746
724
712
662
668
746
766
740
748
780
808
802
802
818
800
784
718
724
724
726
722
718
686
632
686
676
656
686
688
738
798
716
736
702
714
806
822
820
790
714
736
720
724
740
742
730
734
764
778
788
774
732
754
762
784
760
734
760
796
826
826
768
756
732
686
700
752
812
852
872
876
832
850
850
810
718
732
724
742
784
760
702
696
722
754
746
742
686
712
716
736
752
752
746
706
462
278
618
660
730
754
808
862
892
894
874
860
912
900
848
878
784
768
756
688
672
656
654
658
754
850
920
924
948
946
936
896
886
890
892
864
810
806
802
796
772
720
746
766
756
720
692
696
708
728
698
676
678
690
724
742
762
746
712
698
724
746
758
788
758
782
806
812
820
804
712
752
762
772
798
812
768
776
844
824
828
776
692
728
728
714
710
724
698
748
742
708
694
752
816
864
864
810
798
794
762
746
756
722
744
764
766
772
762
710
672
678
702
710
746
772
738
782
824
822
812
760
766
744
736
734
724
668
666
656
684
712
776
812
752
666
600
710
738
724
728
728
688
706
698
686
736
704
698
706
716
726
742
752
730
742
700
676
674
690
732
798
830
840
840
834
870
838
828
782
768
720
744
738
708
680
680
662
656
648
636
648
672
734
742
752
726
804
816
846
828
788
830
826
814
804
808
742
712
754
746
722
700
750
706
678
676
702
720
762
760
762
800
798
800
784
752
734
728
796
784
784
768
770
720
704
750
714
712
710
666
662
666
688
730
706
690
668
650
650
640
660
692
700
702
670
654
666
692
700
694
662
704
688
700
724
756
772
772
822
782
774
748
708
680
682
706
746
786
822
784
802
814
826
828
808
752
762
734
756
726
746
772
778
764
778
782
768
730
736
714
742
756
766
732
738
758
766
770
768
732
674
676
674
670
674
648
630
702
696
722
730
724
682
722
698
694
684
674
680
700
738
786
810
824
804
804
840
864
892
904
900
884
870
878
856
848
846
780
782
818
838
848
784
764
816
774
728
700
708
692
688
644
664
658
804
842
842
832
810
808
514
322
820
784
760
708
750
714
674
688
658
698
732
772
890
928
884
892
926
904
872
836
884
820
746
748
770
822
858
844
906
852
900
822
804
788
822
770
790
860
890
886
820
812
788
802
798
784
752
732
768
842
834
772
832
858
820
800
786
810
812
814
772
878
874
834
806
828
840
806
762
788
852
786
710
716
776
776
744
804
848
852
884
804
846
810
788
532
320
660
734
816
830
790
788
816
862
840
828
766
772
774
774
774
740
814
802
748
740
818
818
824
772
852
828
828
772
774
776
812
776
708
788
792
760
694
724
786
744
742
690
692
694
658
660
676
658
396
328
290
430
684
698
700
686
630
644
690
686
666
704
744
758
760
766
778
798
790
836
762
770
750
708
628
762
762
790
886
828
846
626
376
698
760
740
738
742
734
776
804
934
924
920
568
340
884
822
882
820
708
836
798
826
768
808
832
840
786
760
844
874
822
772
796
822
828
754
758
578
346
668
708
788
804
804
866
780
792
806
816
766
756
804
804
776
776
762
780
780
752
664
398
286
646
658
666
656
720
746
758
770
802
772
724
774
764
788
820
840
826
836
894
866
862
834
856
766
822
808
852
860
844
864
874
884
858
848
850
838
804
564
338
626
740
788
830
740
760
806
818
758
788
816
854
840
768
790
792
812
786
738
774
744
730
708
784
798
878
834
822
596
358
832
804
828
804
812
772
740
772
796
876
676
964
782
794
742
704
790
798
784
736
768
780
784
766
738
736
788
772
740
756
756
772
820
770
768
792
812
784
848
822
828
830
768
760
562
338
688
712
706
762
808
818
776
792
840
832
866
782
832
802
838
692
804
756
818
822
768
766
798
802
776
814
852
862
862
766
788
774
702
714
726
720
732
710
746
704
666
756
736
680
708
770
774
798
740
728
724
788
740
692
706
726
690
836
724
702
730
740
788
736
776
788
902
852
866
774
740
802
822
838
818
798
812
592
356
658
702
794
850
880
840
840
854
844
818
740
752
786
784
712
672
704
700
656
630
658
706
706
648
388
252
630
596
624
582
350
912
610
612
566
372
354
370
370
252
492
536
552
524
552
528
584
560
616
620
608
588
354
264
600
658
794
832
880
890
858
818
876
832
832
838
798
826
768
774
694
588
848
786
842
874
896
878
810
806
774
784
792
808
790
676
756
756
836
844
812
724
736
728
748
790
834
824
894
812
780
756
762
770
786
822
790
790
792
794
794
760
780
742
684
704
740
740
796
740
712
688
670
688
738
722
752
720
732
744
446
342
800
776
724
722
644
644
620
378
252
598
560
596
592
602
616
614
604
606
648
576
614
370
252
634
670
752
794
818
786
838
842
852
852
804
756
802
790
788
786
734
802
820
824
812
820
852
852
596
964
690
678
690
718
746
802
832
764
764
796
802
774
766
826
804
830
712
694
676
660
652
682
734
858
890
852
870
862
852
842
824
810
830
820
780
804
722
634
644
628
646
724
890
914
926
896
928
970
902
886
824
722
752
728
736
758
780
816
824
800
778
792
794
790
738
766
750
778
794
756
766
762
792
896
900
902
884
866
906
834
882
782
746
724
694
418
338
786
818
852
890
900
868
868
838
836
770
798
776
788
744
692
664
750
768
776
784
722
770
476
332
822
502
322
788
708
754
736
730
752
730
746
786
802
814
832
828
746
748
780
796
814
762
788
796
832
866
868
856
792
830
804
800
804
784
758
764
798
804
784
780
812
830
856
830
804
788
768
764
706
688
706
726
710
670
690
742
776
808
814
798
754
728
778
740
688
732
704
752
794
794
764
768
762
794
764
720
750
690
716
712
700
706
712
732
756
740
680
650
686
670
698
714
728
732
704
658
672
692
692
790
774
756
766
778
830
742
660
692
714
760
810
816
776
776
798
790
764
800
788
818
834
810
744
746
742
806
770
678
666
650
718
724
734
764
792
804
814
806
780
764
774
776
784
788
790
800
806
814
800
786
800
802
798
798
822
836
774
776
786
750
754
788
788
760
798
836
832
846
792
782
774
816
766
800
800
812
822
798
796
838
772
812
826
822
788
776
806
806
782
752
800
730
690
702
722
664
668
686
712
722
698
698
710
756
728
694
718
720
706
728
730
790
814
832
756
708
688
690
672
688
712
712
766
818
840
848
872
832
832
852
804
778
718
666
708
730
782
856
898
890
854
858
862
854
844
800
804
816
806
700
700
708
698
670
630
664
668
750
866
916
894
898
906
898
826
752
790
776
792
798
800
814
812
780
716
738
786
822
862
800
760
770
834
836
824
794
856
840
856
810
828
802
800
816
822
810
874
860
876
880
836
836
834
820
818
832
834
846
828
848
854
856
824
750
756
788
792
762
754
824
824
804
790
794
784
742
720
756
768
824
748
754
766
764
746
752
798
838
852
842
860
866
798
504
340
826
772
766
772
766
766
752
808
756
746
772
774
542
326
740
752
812
852
860
862
846
836
854
860
850
818
830
816
866
818
814
806
790
750
758
804
820
792
728
816
800
862
828
772
816
776
820
746
730
716
694
686
672
768
728
776
808
828
832
504
302
722
732
772
804
820
792
818
838
830
838
798
818
826
812
812
810
818
812
788
814
772
854
780
836
744
740
756
758
792
708
684
730
730
728
692
690
626
618
370
270
604
638
666
716
768
792
804
802
866
836
822
746
738
722
710
668
652
710
690
742
708
764
682
658
726
686
746
696
670
688
752
758
752
728
720
712
712
670
688
