
288
832
557
565
561
552
578
551
544
560
589
568
576
557
587
585
249
900
291
309
596
592
560
577
599
569
570
560
586
582
592
556
561
585
561
548
544
571
547
558
537
532
557
546
578
588
597
548
603
600
600
600
592
582
563
594
576
552
4294902338
523
589
548
591
550
582
581
535
1199
575
588
565
571
557
562
559
545
560
560
570
557
554
535
543
550
535
540
514
544
538
521
531
561
565
566
587
560
533
562
584
555
577
574
576
574
564
558
551
567
568
544
566
520
584
552
539
540
586
566
564
549
541
530
573
519
548
537
548
527
531
546
535
500
593
549
576
576
571
565
539
559
576
551
579
580
541
573
563
550
560
580
563
576
557
558
571
575
580
568
554
573
547
582
547
546
540
566
529
554
536
554
568
566
542
578
4294902285
653
626
586
535
600
600
576
568
541
559
573
573
547
549
567
552
575
584
589
584
575
551
237
300
584
559
537
564
532
547
558
540
536
523
539
534
557
564
554
545
527
300
300
560
585
565
556
528
552
1063
527
539
535
555
555
561
585
602
646
609
585
607
598
624
565
550
585
567
571
581
544
572
591
582
588
581
558
579
568
576
579
563
558
560
542
586
552
574
545
246
299
542
580
571
567
580
554
572
580
596
559
591
558
563
583
563
529
559
564
559
621
610
600
667
650
664
4294902337
1167
598
549
567
545
580
565
564
564
557
550
563
531
560
532
549
533
549
546
585
627
671
670
656
1200
599
670
586
598
547
600
578
550
565
555
542
573
581
556
579
577
565
560
570
591
598
601
580
607
563
596
557
558
552
546
548
562
565
525
585
582
564
588
591
564
582
568
614
586
582
561
580
253
292
589
545
555
547
556
540
555
552
526
537
549
558
599
600
594
573
584
599
586
592
548
566
536
542
540
548
561
574
589
596
609
624
583
620
600
619
589
590
4294902294
66
497
553
558
558
581
566
560
656
649
689
682
608
617
600
600
637
587
576
589
571
563
571
560
569
548
573
556
595
578
579
573
578
557
558
562
533
548
548
569
553
531
538
549
570
583
588
581
566
594
570
582
583
563
564
550
550
561
565
579
563
239
298
596
598
565
572
598
576
604
602
583
586
571
558
577
563
1077
516
558
519
517
515
545
521
536
554
569
592
597
609
627
630
595
622
557
599
573
568
579
580
560
523
581
564
574
567
635
611
579
612
600
624
592
4294902272
677
624
581
583
562
581
562
561
571
541
568
567
552
569
558
555
542
573
565
569
583
556
600
587
569
558
545
579
529
559
550
556
543
573
571
583
569
529
600
600
584
574
570
582
546
569
559
516
600
566
556
592
578
558
599
551
559
543
1112
570
565
1651
1071
551
534
550
1074
565
586
620
620
643
613
593
582
573
581
588
559
582
566
549
570
546
552
512
567
556
539
566
536
547
541
556
545
538
545
564
578
1142
600
587
586
566
535
552
561
549
571
4294902189
192
471
534
593
565
571
587
582
606
566
553
549
562
583
526
576
516
537
543
543
533
534
535
527
550
571
569
551
2194
559
541
542
565
524
529
503
572
546
575
571
528
581
559
579
555
543
560
606
564
568
570
567
1067
512
534
561
535
549
532
525
534
527
576
563
571
533
562
569
557
1140
561
537
555
569
520
531
549
531
548
526
1089
505
546
502
533
521
513
538
516
512
541
504
530
1019
551
493
551
544
487
526
519
546
533
546
1035
591
543
553
536
548
529
600
4294902196
723
556
536
547
516
573
549
596
555
1149
1123
538
541
549
554
531
533
542
540
549
567
1109
581
563
581
587
548
555
560
549
526
569
567
538
588
603
608
600
599
581
573
606
572
581
590
548
555
551
569
576
593
607
593
1203
570
588
560
554
567
559
540
538
529
529
527
543
577
564
570
593
615
575
564
590
576
551
594
558
573
524
545
575
571
585
574
580
546
581
594
568
538
570
546
560
546
538
543
520
538
500
550
517
1089
551
537
554
552
563
544
547
536
4294902317
497
534
466
587
507
1006
1232
578
552
567
554
580
586
563
608
567
618
580
574
566
575
568
568
545
554
550
515
541
511
517
534
538
505
544
536
555
569
541
548
608
596
580
607
596
563
589
566
602
554
573
574
574
604
590
551
592
553
610
546
551
565
539
561
544
472
568
523
515
533
496
542
504
525
560
531
547
558
553
546
600
527
540
592
547
534
564
569
550
551
559
563
1098
565
528
547
552
555
517
579
555
549
549
510
581
557
547
558
549
1043
528
521
536
521
4294902255
600
569
539
567
560
553
569
534
556
568
539
523
546
520
521
545
491
569
521
518
537
499
535
491
533
493
535
591
595
1083
568
559
564
563
567
537
542
524
566
530
524
516
554
578
605
600
607
614
603
608
574
586
606
571
588
546
567
533
550
540
527
547
554
577
589
588
612
576
599
589
587
598
570
545
573
1079
527
529
524
544
505
538
530
521
598
635
699
665
613
613
582
580
604
594
1179
574
584
573
1088
1168
522
547
541
530
536
539
526
530
545
544
551
4294902317
562
561
550
531
539
254
283
530
503
538
521
538
521
540
530
596
596
1808
600
597
573
547
573
522
544
513
553
548
546
585
586
625
624
614
599
581
586
573
570
575
603
563
563
556
554
509
547
561
553
574
571
566
599
628
612
618
574
596
555
540
588
540
574
552
532
548
524
563
533
611
572
572
583
564
590
1076
559
533
552
525
522
499
1590
493
483
553
505
569
528
577
574
591
546
574
586
537
579
560
526
564
529
572
546
552
538
541
551
579
556
568
568
562
574
4294902346
558
575
562
541
544
545
553
559
569
1680
531
579
534
561
514
592
505
567
536
554
1132
1073
552
538
537
539
510
532
544
557
513
545
561
1091
1623
545
558
567
566
554
568
556
513
565
535
532
517
532
559
569
547
577
557
1057
558
546
551
542
526
559
537
592
576
565
611
593
595
589
599
555
582
557
593
567
577
562
544
546
550
554
520
590
584
581
610
610
611
573
615
584
557
568
556
551
533
539
577
582
563
543
592
614
611
635
593
585
590
576
4294902368
613
598
596
569
576
598
605
647
668
764
665
658
613
674
667
621
628
568
1192
575
580
572
542
557
545
503
552
565
527
533
535
510
535
568
572
606
599
620
580
559
580
594
556
591
538
570
573
599
601
587
612
593
594
547
563
582
596
591
560
1088
595
538
547
554
550
529
585
562
559
569
567
595
598
577
573
549
558
537
561
543
569
534
535
586
542
599
611
678
600
736
643
664
628
611
567
614
587
584
590
570
573
527
589
546
571
573
546
577
536
4294902325
554
579
567
571
1068
561
551
559
542
569
529
560
575
582
561
586
554
571
531
569
564
577
569
578
559
570
547
563
531
546
542
549
564
541
1171
579
586
575
577
557
549
581
505
555
522
533
563
547
1200
598
602
593
563
580
530
594
562
579
569
593
550
580
533
556
559
549
561
565
1164
580
590
578
593
549
571
580
606
549
570
576
578
581
558
573
559
570
581
524
591
550
574
568
549
568
563
559
1106
569
533
553
555
516
558
534
509
550
556
543
579
549
4294902318
544
583
534
559
515
585
560
526
570
545
568
511
582
553
547
535
499
550
534
546
574
554
526
600
560
552
573
566
525
571
543
535
523
516
549
496
510
513
568
550
534
582
578
562
1094
564
576
509
555
1086
547
540
540
527
511
525
558
519
529
519
535
549
567
544
541
559
530
560
551
608
581
570
572
574
569
578
577
562
581
547
570
570
600
600
600
600
679
1121
613
557
541
565
572
505
568
562
561
527
555
551
536
566
578
563
586
567
556
544
586
556
552
574
558
589
4294902308
646
554
629
571
600
584
613
573
558
544
561
533
585
564
548
563
579
589
568
560
584
590
1148
589
567
614
616
562
578
575
580
584
564
569
525
584
543
591
581
577
592
571
546
556
557
535
1196
574
584
601
601
564
575
533
565
543
564
592
594
577
555
554
578
612
555
593
633
1187
627
635
596
574
597
539
569
573
560
571
570
579
564
565
540
557
605
549
599
577
536
556
535
545
524
501
542
564
582
539
600
600
1200
586
585
553
601
591
602
595
611
4294902272
690
571
592
588
576
582
601
600
600
600
597
572
574
606
602
583
610
540
586
593
566
592
570
571
538
574
558
541
569
548
553
594
560
547
535
571
541
594
552
636
527
586
555
590
570
522
593
561
523
547
572
560
537
1084
538
550
533
611
578
608
575
1097
562
542
525
538
569
554
620
600
692
655
647
635
616
618
607
607
611
583
603
572
562
572
598
549
574
554
568
558
577
582
543
545
549
525
574
571
558
553
545
568
557
542
600
563
559
566
576
567
499
600
4294902321
554
521
564
567
558
574
552
561
1124
597
541
531
571
550
519
591
583
582
544
559
551
597
550
606
1126
598
587
596
611
572
611
549
577
561
563
590
544
613
530
1787
1183
568
563
549
572
575
518
581
554
520
559
550
568
569
572
605
582
562
587
564
547
584
559
522
593
545
1112
541
506
529
513
525
527
510
543
527
529
600
598
575
532
533
612
559
564
558
543
552
551
571
562
567
613
1107
590
570
581
559
537
548
564
562
574
555
586
588
566
581
4294902320
548
565
545
575
579
570
557
551
583
574
581
594
608
601
584
633
559
550
577
558
565
570
549
597
586
598
592
627
619
592
573
569
583
564
611
522
591
583
568
566
584
617
594
606
1306
618
597
565
584
601
582
570
569
602
550
560
574
561
565
565
598
533
599
568
581
578
583
559
605
587
538
1096
575
563
565
600
589
567
569
580
596
587
600
588
526
599
586
591
584
600
562
574
598
547
588
573
577
542
577
587
561
587
550
572
568
549
592
587
547
592
4294902343
590
577
566
606
553
571
593
569
603
556
554
581
560
594
594
565
532
599
556
582
600
543
582
546
577
541
550
531
591
533
607
558
566
586
537
610
576
551
570
593
568
572
583
626
561
568
584
584
567
597
576
545
573
575
568
600
589
580
545
561
602
575
582
563
561
571
584
581
553
587
534
598
602
600
596
572
577
606
582
622
607
561
600
570
623
555
616
564
583
602
568
581
561
554
590
609
555
583
578
575
569
585
538
573
533
601
544
563
534
597
591
1082
4294902392
597
560
608
566
586
599
562
575
610
539
575
582
564
572
573
572
568
598
560
622
559
557
600
590
561
582
587
565
555
633
598
595
586
555
570
563
560
557
576
582
586
557
618
595
621
599
549
619
588
582
566
578
580
545
570
595
575
566
597
593
593
584
535
648
582
604
572
590
599
589
616
573
582
598
607
623
574
609
573
600
608
610
590
572
567
608
600
599
600
601
566
613
590
586
540
593
568
558
543
543
568
547
557
578
571
569
573
575
560
602
640
557
4294902363
584
579
589
572
579
585
548
600
599
574
554
577
529
514
561
530
560
551
550
1101
2099
540
530
497
1014
503
444
510
491
482
449
939
447
458
499
474
535
581
560
547
574
558
540
562
572
561
594
540
593
560
578
587
584
590
570
539
569
589
568
563
571
569
590
583
565
613
602
590
632
588
569
603
596
579
588
573
580
598
570
548
603
600
578
584
563
578
591
576
555
544
559
561
584
587
595
595
567
597
601
592
603
606
604
613
611
591
566
552
577
504
4294902354
566
622
640
607
626
627
615
605
600
634
602
579
598
587
596
576
581
603
596
586
602
592
603
596
602
619
600
591
607
606
606
601
597
583
585
640
621
578
627
604
602
594
603
583
575
594
565
552
587
558
615
573
583
548
606
564
600
597
591
571
598
594
568
576
578
573
591
583
539
594
550
584
557
577
555
608
580
626
596
623
614
596
581
601
607
568
585
571
597
595
568
570
596
591
598
629
618
614
651
586
609
593
621
587
585
541
566
586
550
4294902213
770
587
587
606
591
656
621
598
584
566
622
592
567
586
547
601
585
534
600
579
565
580
579
568
551
556
607
608
1107
600
597
588
615
597
585
618
600
599
688
611
620
627
560
606
558
577
575
541
557
560
561
572
553
589
1134
2366
619
619
608
600
598
601
597
597
607
583
586
590
640
601
662
676
694
666
693
641
652
667
625
624
626
612
562
595
587
589
581
586
602
616
642
602
1414
623
674
598
587
628
618
592
562
601
4294902367
582
619
574
582
575
560
560
579
589
580
563
570
577
608
583
565
580
565
590
598
584
608
594
1223
1170
558
615
585
553
557
564
575
585
582
571
607
2302
573
579
578
559
565
551
551
534
557
532
626
581
597
607
553
580
587
560
598
607
605
1120
584
553
567
595
629
619
652
596
601
578
581
555
618
559
640
626
568
635
590
554
538
594
539
594
556
590
589
600
654
700
681
649
1816
593
623
601
591
579
612
581
549
573
575
553
4294902328
553
569
587
568
568
566
559
573
558
586
587
585
595
605
556
594
579
579
581
559
581
550
573
590
553
572
572
554
591
602
605
606
619
589
594
600
602
597
585
593
567
578
571
587
600
600
600
600
2465
566
591
606
572
600
577
586
603
574
630
584
578
566
614
601
593
575
581
602
623
606
577
593
577
594
595
590
572
571
622
587
602
578
573
590
586
597
574
574
588
552
590
590
590
596
556
592
580
581
587
546
607
580
618
588
583
562
581
551
4294902316
575
599
589
629
601
571
576
543
575
541
547
520
578
544
562
575
1089
602
553
604
554
574
594
582
570
577
535
599
552
571
572
540
580
544
569
546
561
617
586
557
632
592
615
579
580
569
582
582
573
576
572
582
569
561
597
602
565
595
574
581
557
622
593
590
602
594
591
597
598
607
612
574
633
583
591
604
595
572
590
594
590
565
609
575
582
620
544
602
600
597
602
550
576
573
562
588
605
599
600
604
623
623
551
604
579
581
557
593
594
538
591
4294902373
592
593
574
627
583
617
593
579
595
610
593
603
576
597
561
598
559
583
599
574
575
574
558
539
542
566
566
530
581
557
541
592
578
601
578
607
590
611
578
563
599
573
578
583
566
602
569
615
600
584
586
601
618
603
626
589
602
562
564
591
591
581
623
589
596
603
604
639
630
648
619
641
622
596
607
600
600
581
618
601
598
602
695
628
605
616
657
628
608
573
629
582
605
587
575
599
569
610
599
603
562
605
605
600
574
587
624
618
652
4294902301
1835
565
604
565
581
548
592
595
618
628
662
596
611
628
604
668
584
632
594
633
606
636
621
615
589
639
639
599
609
611
593
643
621
628
584
609
602
620
615
608
591
590
612
610
606
608
593
606
592
609
569
598
562
588
621
539
576
600
590
572
592
563
545
610
534
577
517
598
543
539
556
512
534
516
525
531
540
542
524
574
534
579
581
572
600
590
609
601
598
598
595
590
566
617
601
595
601
619
620
696
658
647
651
648
599
601
652
4294902363
615
593
604
566
582
572
563
564
557
565
599
601
599
601
595
605
598
663
622
597
615
606
636
635
606
617
601
630
622
607
643
602
596
604
652
612
620
592
602
614
606
567
595
590
583
613
605
595
554
653
611
607
601
602
593
609
601
607
598
612
593
606
617
600
584
604
576
591
576
586
573
600
588
569
532
567
600
592
583
551
602
585
591
585
555
598
600
602
590
564
541
577
546
568
588
613
618
589
603
623
601
605
599
617
602
590
580
622
597
4294902356
558
602
602
606
634
605
600
689
627
602
634
586
590
580
617
618
620
559
575
587
595
609
631
608
623
592
612
601
628
663
631
615
608
586
672
611
609
588
591
606
603
633
652
611
603
629
630
614
604
587
597
632
590
605
586
585
625
595
618
595
602
606
587
595
589
586
629
618
599
591
568
620
614
580
577
589
582
591
586
566
546
578
598
546
600
576
587
637
575
624
565
605
577
624
593
560
579
564
578
611
586
594
585
581
631
586
598
589
4294902359
621
585
600
593
607
593
618
582
633
600
600
597
677
631
606
616
613
597
577
605
604
596
574
585
591
595
589
547
595
589
593
588
568
569
566
554
563
564
580
1163
607
589
606
589
554
595
576
579
601
629
575
584
587
607
609
615
645
596
623
626
616
632
665
607
611
586
600
634
591
568
590
614
616
623
636
582
581
638
615
620
583
558
597
564
612
559
554
564
566
592
589
582
585
632
629
625
616
584
639
618
614
618
581
581
609
599
603
577
4294902334
589
581
592
579
605
588
602
606
604
595
592
574
619
598
613
611
590
606
601
623
613
632
616
638
594
611
580
610
602
608
626
597
606
591
593
609
593
575
560
596
599
667
638
601
593
668
634
613
574
576
601
611
606
610
578
583
582
571
1789
576
582
649
604
600
600
600
648
619
621
583
593
612
596
614
587
581
571
616
606
581
625
543
635
618
592
598
609
599
640
627
671
638
609
1224
568
568
572
540
594
567
584
551
570
611
617
4294902198
750
565
609
616
628
640
610
589
645
625
609
612
601
600
631
649
621
611
601
596
625
612
620
585
628
594
633
615
592
553
626
590
643
614
558
614
584
605
629
590
626
614
613
617
610
594
608
600
599
693
708
692
703
679
655
662
658
684
661
663
643
600
738
629
660
651
622
666
643
558
618
616
614
620
595
592
638
622
579
617
597
613
593
627
615
642
635
597
598
664
613
618
569
591
624
639
612
609
617
638
651
654
606
600
4294902395
635
649
601
633
583
600
572
552
538
559
562
586
676
664
686
1356
703
646
751
650
652
647
680
675
671
619
621
602
618
614
697
677
696
630
677
645
661
630
610
608
613
635
587
634
691
613
615
603
610
672
615
651
624
602
685
614
702
608
644
618
633
615
585
600
600
597
679
656
660
629
633
633
613
596
589
588
547
582
575
621
604
586
595
605
632
637
596
598
610
635
602
642
616
585
559
634
645
626
614
627
642
644
618
4294902387
640
645
670
601
698
624
599
649
624
633
631
607
623
588
626
592
669
615
630
621
669
644
619
597
639
595
702
633
602
638
623
651
658
604
696
641
642
633
604
599
584
594
645
613
601
596
622
618
570
586
586
626
598
590
603
601
596
617
639
600
600
641
629
629
600
612
590
615
621
641
603
610
575
597
603
593
586
591
584
590
593
587
576
614
626
615
652
603
627
667
624
604
602
642
618
611
617
619
611
590
619
639
635
665
634
4294902196
866
634
598
692
656
622
641
623
637
631
719
688
652
640
600
680
621
695
648
629
607
633
588
600
585
614
1133
545
532
572
573
683
683
680
1930
649
584
586
575
589
554
608
596
576
553
599
601
2549
624
623
632
610
616
609
597
591
618
537
552
593
594
739
737
721
658
715
676
609
677
623
645
605
649
635
646
653
663
604
709
666
684
628
680
623
642
640
623
606
620
597
635
618
575
566
636
598
620
4294902351
634
577
567
587
614
587
612
580
611
631
624
638
617
615
616
603
632
601
616
609
608
599
648
617
620
599
634
635
637
606
585
586
632
600
568
617
609
625
634
599
590
601
618
600
590
582
608
618
639
604
662
647
654
703
634
724
677
632
626
625
615
655
639
628
568
578
594
588
551
600
590
590
601
590
567
623
576
597
565
568
609
585
617
588
621
582
615
645
648
623
638
584
628
633
614
588
593
588
647
646
587
623
610
615
638
610
4294902359
598
605
598
635
589
616
587
652
617
620
594
631
645
602
606
600
632
628
631
627
599
615
633
646
633
607
609
606
608
604
622
578
621
598
715
639
641
622
619
655
607
668
613
584
608
587
588
625
569
563
649
611
618
595
603
645
639
582
595
582
621
594
614
579
605
608
629
606
646
577
629
610
625
580
590
626
609
632
599
602
652
639
627
629
592
624
611
621
602
602
619
639
643
596
677
597
610
637
630
617
595
570
555
583
547
565
4294902318
553
1146
1176
566
621
538
592
559
596
583
603
572
556
546
578
572
605
581
584
593
586
668
625
596
604
643
633
611
565
628
598
610
1184
528
597
603
600
598
602
600
600
720
616
652
620
628
661
670
664
722
631
596
671
645
664
642
623
672
621
686
672
648
643
633
600
766
665
593
628
629
604
612
575
595
599
634
711
652
593
683
659
680
662
670
655
635
600
659
590
608
594
633
659
651
627
608
670
659
651
654
602
630
4294902416
625
590
594
614
619
631
622
622
628
637
685
607
602
630
652
639
678
610
1285
660
639
606
611
627
603
640
603
623
603
664
624
660
605
639
618
656
631
603
595
569
584
539
534
555
620
651
714
632
1925
1216
603
582
567
614
610
608
582
613
610
634
642
600
619
598
641
586
592
550
625
592
599
605
594
629
633
637
600
600
601
553
579
538
555
525
579
571
721
754
625
830
662
597
684
645
651
664
619
642
691
666
4294902429
670
633
663
650
600
718
603
586
611
632
650
628
591
592
626
613
614
610
571
604
600
609
618
623
586
615
600
670
651
598
642
619
602
632
627
626
630
603
703
640
630
614
645
649
619
596
604
640
600
603
556
601
595
601
601
582
554
589
567
553
590
589
578
592
630
607
631
601
575
609
610
619
625
648
652
602
610
628
620
617
630
603
597
585
644
669
618
594
625
643
617
622
631
587
637
636
607
698
608
623
636
614
694
632
648
4294902418
640
642
615
607
582
603
603
651
623
597
617
625
655
1226
617
615
624
563
611
610
617
623
641
613
620
652
613
645
624
617
622
615
620
611
610
655
601
667
613
600
666
593
599
576
589
578
618
598
581
602
593
648
1256
571
648
645
657
648
631
602
601
633
619
629
580
573
617
642
662
691
654
1334
634
655
622
653
602
600
600
599
647
554
600
656
612
623
606
1187
597
598
602
612
566
540
652
590
559
600
598
598
587
587
4294902226
652
595
607
610
615
608
614
618
612
600
625
585
624
629
622
655
629
682
634
582
573
589
561
579
600
584
592
603
620
652
1291
633
633
613
627
613
590
627
622
600
660
578
562
590
587
597
576
599
618
623
607
1198
577
582
579
619
612
614
622
600
700
623
641
608
646
651
630
662
642
637
644
616
624
641
630
604
674
606
615
613
674
666
653
594
1300
592
570
572
602
629
596
631
620
676
703
614
720
640
651
631
636
588
4294902231
756
580
574
562
599
636
619
643
657
654
620
599
601
613
663
641
646
625
648
611
631
622
600
656
638
624
607
624
645
613
588
580
626
616
608
612
619
644
600
678
655
650
658
631
669
661
627
644
625
610
577
598
616
643
658
600
600
707
648
658
633
623
631
638
639
624
591
569
604
582
631
635
600
604
648
632
658
622
599
615
609
641
615
588
607
589
601
625
576
602
622
606
620
621
568
640
590
621
556
620
577
592
618
600
568
4294902336
605
591
588
602
589
596
594
622
591
596
573
620
639
611
571
572
601
567
581
584
606
576
599
594
625
588
628
597
608
593
615
619
588
613
620
608
621
622
600
596
612
638
604
568
586
603
612
589
599
610
645
622
648
588
686
632
641
636
624
639
598
566
630
609
602
600
601
600
600
681
591
562
621
646
645
674
615
624
638
603
687
590
614
576
610
612
590
582
566
565
602
586
614
602
578
617
609
600
617
583
600
647
609
612
579
550
4294902432
570
658
623
581
585
541
597
594
655
654
609
1200
586
558
563
575
558
557
561
573
549
580
546
617
591
615
639
627
604
682
599
593
608
599
585
584
551
617
568
615
563
615
574
599
616
589
597
599
573
589
591
590
580
575
576
566
618
1163
600
590
668
663
684
620
601
632
653
637
617
609
597
653
631
610
626
595
608
633
598
621
621
615
635
647
590
610
593
598
623
617
582
625
627
630
597
619
620
632
599
679
619
615
613
625
619
584
4294902341
641
664
666
692
621
618
695
645
634
596
618
603
607
617
661
619
598
589
613
598
600
566
597
561
585
582
586
549
576
598
579
528
600
600
594
586
562
584
557
603
583
593
572
553
581
576
578
576
570
563
579
540
568
578
570
566
587
581
655
616
616
601
591
639
615
578
623
586
602
622
612
658
624
618
644
600
711
625
604
668
663
629
693
694
618
609
612
624
624
595
590
619
600
596
616
610
596
679
619
612
609
583
605
641
590
597
601
4294902363
601
600
600
600
656
610
600
585
570
608
592
616
597
612
594
628
629
597
620
632
642
628
578
578
607
615
619
588
573
601
608
637
624
595
607
620
597
594
608
574
579
619
607
613
585
616
628
614
600
600
600
647
620
606
572
617
584
598
645
595
601
665
654
646
608
606
626
610
625
575
599
601
626
637
623
585
624
623
598
588
592
581
595
570
558
600
600
600
597
602
601
641
613
607
598
605
567
665
620
601
607
610
605
647
627
592
629
4294902262
690
612
605
591
601
611
620
629
611
633
619
651
623
601
667
622
655
637
651
597
617
611
606
592
605
616
559
630
599
601
612
604
621
1291
623
613
626
614
566
584
581
623
593
586
605
598
601
579
574
610
527
607
594
589
592
625
600
598
672
645
651
631
631
600
623
619
591
633
606
599
601
599
601
635
629
596
1218
608
610
612
572
591
582
593
554
600
567
582
553
586
542
587
574
576
601
607
612
636
634
645
683
615
600
648
610
4294902365
589
614
625
620
625
600
1291
638
631
591
606
595
615
587
613
591
557
592
580
607
606
575
525
606
595
590
608
601
594
606
599
719
637
622
645
643
632
603
652
631
628
666
659
631
622
611
727
635
617
628
632
661
710
731
659
764
647
597
646
644
599
703
654
583
636
616
619
567
582
600
589
581
637
603
642
632
613
622
622
602
646
627
573
600
579
612
562
664
603
681
663
626
631
581
625
595
600
598
566
570
597
597
576
4294902310
611
583
600
597
578
553
645
598
590
588
549
602
557
608
569
563
558
568
570
564
591
584
571
561
581
597
566
611
612
611
647
648
600
640
595
626
564
622
573
611
588
637
617
610
600
676
631
1228
578
602
582
569
560
559
583
554
540
577
1061
1149
545
558
571
569
562
579
549
586
593
552
574
569
564
606
582
592
597
628
619
647
630
593
621
622
621
572
600
610
582
576
576
612
588
608
638
590
659
601
592
549
622
583
597
585
598
582
597
4294902330
1097
572
581
595
606
622
660
638
751
730
618
664
636
618
614
604
595
574
594
615
608
625
608
627
615
652
639
613
623
577
627
618
649
640
646
608
633
615
603
620
640
669
625
581
635
611
657
642
627
639
614
637
682
636
643
611
586
618
631
646
611
1200
686
629
637
619
598
616
605
635
602
618
592
630
620
610
603
1925
614
642
618
602
576
600
587
595
592
592
566
610
635
633
634
595
611
605
617
637
596
597
596
4294902359
626
575
577
621
604
621
575
609
596
577
601
623
610
586
563
588
624
611
568
587
567
553
572
562
571
584
571
648
641
643
590
590
582
586
610
586
613
584
597
586
586
602
593
609
639
655
597
664
642
627
624
642
608
624
606
597
614
637
611
607
600
600
600
598
602
696
609
602
638
600
645
614
583
606
584
610
572
572
597
589
611
600
670
649
592
626
585
605
576
552
550
571
537
559
593
568
581
589
596
589
583
576
546
539
598
550
573
613
566
4294902232
725
606
646
587
643
602
598
580
600
606
613
607
624
667
600
2016
629
639
639
635
607
607
609
625
632
623
586
596
565
606
614
597
630
634
636
643
602
594
595
606
632
603
693
672
679
608
636
609
599
594
610
573
569
580
599
614
590
573
605
617
610
641
629
600
671
647
651
646
664
621
600
598
641
609
614
613
616
639
671
699
726
708
637
586
596
606
644
619
645
629
597
604
612
659
667
665
664
1292
659
628
576
4294902277
641
560
570
629
770
718
751
665
684
606
701
657
682
626
634
628
664
640
612
614
588
607
582
567
596
593
577
629
612
658
628
656
616
604
622
585
624
593
598
613
588
612
600
600
599
601
598
620
582
677
630
648
647
642
598
595
626
630
606
668
645
611
623
628
684
642
1291
605
617
617
598
609
586
625
654
634
627
593
567
621
631
625
627
615
612
630
632
631
588
596
625
611
629
615
609
615
595
633
636
601
621
631
597
4294902390
616
569
609
587
567
620
627
631
615
614
602
684
615
637
607
604
637
672
615
617
612
600
1254
1239
629
629
650
623
628
632
657
634
642
609
635
614
641
661
623
593
691
635
617
601
625
634
640
614
614
628
608
600
700
596
634
602
604
612
595
601
600
606
603
604
652
654
637
