Connecting
Connecting
688
746
720
696
750
790
704
684
760
750
684
710
760
716
680
726
794
688
720
802
758
698
754
784
700
704
756
754
702
780
814
728
694
720
674
638
592
580
704
792
786
770
758
668
672
696
686
638
662
728
798
708
730
756
784
712
672
716
730
724
708
758
766
716
692
726
728
724
686
690
750
820
802
738
744
756
700
660
662
702
702
658
766
828
816
714
712
752
774
738
726
826
880
886
734
696
680
662
606
638
624
606
610
618
636
616
630
650
628
630
638
606
644
590
560
616
606
614
572
572
598
572
592
594
616
652
618
650
692
692
666
684
756
812
712
686
760
796
772
726
776
820
786
752
794
850
820
750
732
760
728
686
706
744
706
710
732
824
794
730
736
726
710
698
780
712
694
664
632
724
792
756
758
844
824
710
694
728
714
664
648
680
722
664
674
726
734
706
746
796
774
712
744
758
746
738
808
904
866
752
736
778
762
730
788
920
916
850
864
856
760
750
806
842
770
752
772
794
752
750
800
772
730
720
784
916
876
786
782
786
762
706
700
746
768
734
708
758
804
774
742
728
728
740
708
710
736
752
746
714
730
764
804
788
754
778
788
818
778
784
820
814
764
750
784
798
684
670
670
704
704
692
712
760
772
724
740
778
780
752
780
812
786
746
782
814
818
752
730
780
790
742
710
740
736
702
686
714
748
748
706
708
758
802
762
740
772
794
746
698
738
768
762
722
734
782
766
724
724
766
786
730
704
784
810
772
738
766
804
780
740
736
780
796
766
726
764
794
802
780
804
862
828
730
724
748
764
762
756
838
838
804
746
728
770
770
778
744
716
690
698
726
756
712
670
668
674
728
712
676
726
748
756
720
728
766
764
708
678
702
734
780
734
712
760
790
782
728
742
770
782
726
712
762
802
768
732
774
798
798
740
726
756
774
746
748
798
776
738
748
794
796
756
762
824
838
778
746
766
758
726
740
812
884
844
782
816
810
746
712
736
790
830
792
774
826
866
822
798
820
818
774
736
770
820
848
786
758
782
806
786
760
828
794
768
692
686
698
712
738
708
680
696
714
712
678
662
668
704
720
712
692
720
732
742
714
706
722
744
746
710
718
764
784
794
756
802
822
814
774
758
804
820
786
730
730
746
772
746
728
756
790
750
730
764
806
778
726
752
778
744
724
778
820
774
736
776
800
762
728
770
794
746
704
712
740
722
710
726
774
790
748
728
760
776
730
708
728
726
690
694
708
706
654
644
636
698
764
762
730
750
792
806
756
714
736
744
752
724
726
760
796
782
740
762
782
786
744
730
768
802
764
738
782
838
832
790
808
820
794
752
786
808
768
736
780
806
788
754
758
792
784
738
730
766
778
740
748
800
846
800
734
754
774
778
746
746
776
768
740
728
774
794
754
760
802
796
744
742
768
786
742
720
766
792
754
734
776
806
778
748
766
788
768
728
732
768
792
766
730
768
800
806
750
728
746
752
742
696
684
718
756
762
728
726
742
764
740
690
702
734
790
778
742
766
810
804
756
742
756
784
772
660
726
696
736
710
686
712
744
780
740
728
746
756
732
694
730
758
746
740
804
834
820
758
754
766
776
756
760
782
792
756
750
766
790
752
716
734
750
740
706
708
748
796
736
702
736
738
734
738
704
674
682
666
674
660
642
644
626
620
628
652
672
680
722
788
796
754
728
744
746
730
692
684
712
750
742
720
754
816
834
784
752
770
776
728
688
730
762
752
728
758
798
800
748
730
756
774
746
724
742
768
756
726
710
726
746
718
708
760
834
898
812
760
780
772
716
686
724
762
770
778
866
866
828
774
762
776
790
746
742
812
896
904
836
800
816
820
762
724
758
796
852
826
846
876
848
770
750
778
780
744
718
752
732
704
676
702
740
798
818
754
728
738
762
760
728
704
732
768
768
724
710
716
724
698
676
696
712
718
686
636
646
676
702
704
686
704
722
728
728
712
728
752
744
708
708
744
754
736
722
750
804
796
758
744
772
758
714
684
722
772
788
764
734
764
764
722
684
686
730
746
730
754
800
812
770
710
696
706
704
690
680
720
774
776
746
734
774
776
714
696
678
656
684
702
710
760
820
826
764
752
794
786
738
720
758
786
782
742
748
786
794
732
748
750
768
772
740
738
768
788
780
734
722
732
746
748
718
768
814
820
754
724
736
744
740
750
738
704
696
734
732
734
742
740
706
682
706
696
660
638
650
682
706
732
724
772
822
836
792
736
768
784
790
740
730
778
818
800
748
778
794
798
758
742
774
792
760
714
740
760
788
760
736
754
772
772
770
730
714
756
784
750
718
734
762
776
762
734
786
850
858
856
882
856
800
722
744
780
804
796
754
716
706
742
788
824
792
772
812
822
750
710
718
706
740
768
804
766
800
796
778
732
716
736
758
784
768
704
688
746
780
732
702
740
816
800
740
670
614
652
696
740
742
730
686
672
692
684
704
754
794
778
754
772
778
764
722
730
742
734
694
726
768
814
794
792
814
828
804
742
754
768
760
746
772
786
788
766
738
736
730
728
706
718
748
766
752
726
740
730
726
708
696
730
742
724
730
766
800
778
734
738
752
732
698
694
734
750
714
702
720
750
724
700
728
746
738
718
724
760
780
2114
1300
782
682
662
682
722
822
796
764
724
720
696
676
662
644
686
670
742
768
728
694
770
782
810
738
682
672
690
706
754
826
770
754
774
804
802
740
714
744
736
738
712
682
686
710
698
660
640
650
654
674
660
640
632
672
658
694
678
696
696
722
720
720
652
754
668
678
716
728
692
700
736
734
698
684
738
738
754
728
712
760
786
806
816
776
798
840
844
824
778
820
844
920
890
910
914
900
868
804
808
832
814
754
728
766
776
750
716
746
782
834
810
780
840
850
824
746
762
786
830
812
752
806
828
806
736
762
800
814
766
760
816
836
810
756
784
776
748
728
786
886
916
886
912
920
924
858
806
774
768
732
694
746
762
788
808
756
764
812
844
820
752
758
798
820
806
752
770
780
800
784
778
826
826
766
732
758
784
804
750
764
808
812
792
728
742
754
764
754
730
770
794
776
748
748
796
818
770
724
698
660
650
656
656
692
788
914
836
828
754
740
770
768
784
790
764
784
726
770
804
812
754
712
754
804
820
796
752
716
738
656
646
634
636
676
714
696
724
742
768
776
726
688
694
706
716
722
686
656
678
672
658
620
586
620
642
644
634
624
642
650
672
710
600
650
632
646
664
666
650
636
660
676
672
640
660
686
704
728
748
708
686
712
750
814
796
778
820
852
842
766
716
752
774
788
746
740
780
770
764
722
688
704
736
752
756
718
696
732
762
800
754
716
774
826
828
794
776
800
784
744
716
772
838
854
826
852
858
804
742
754
776
776
770
806
806
786
738
748
778
770
728
734
776
790
726
694
696
712
738
754
720
720
676
696
662
752
788
732
712
736
754
770
740
724
746
774
748
706
694
760
756
742
718
716
734
756
786
740
758
776
760
714
728
720
734
768
768
504
766
610
672
640
638
638
636
644
642
670
716
766
774
740
754
772
764
716
698
740
788
816
830
804
864
896
836
762
792
810
814
754
816
888
896
810
792
816
820
766
752
782
806
798
766
814
902
910
840
788
814
846
846
822
848
858
842
796
726
724
756
786
802
764
742
784
816
794
744
766
780
782
744
740
792
804
768
726
754
772
766
738
776
844
882
828
790
824
834
828
772
774
798
772
734
758
820
864
842
800
858
892
852
788
794
804
802
780
754
800
824
782
770
798
804
770
730
738
774
806
788
714
644
642
650
648
630
680
756
844
858
874
872
820
758
696
702
732
764
772
756
780
816
800
758
758
768
764
736
704
720
776
822
834
790
816
830
810
762
788
802
798
756
752
778
794
776
732
760
768
758
744
762
810
874
878
840
862
838
790
730
760
786
832
794
738
758
588
678
744
736
712
732
754
830
758
714
712
750
524
724
740
736
692
688
704
726
712
738
690
720
718
688
688
712
736
726
732
764
776
768
718
712
726
746
710
666
670
648
634
636
662
694
698
742
792
758
710
758
792
768
730
706
732
752
760
748
796
848
824
802
840
868
754
734
772
804
794
748
782
810
804
762
782
806
802
766
832
822
828
734
774
756
750
738
716
698
750
768
790
790
736
748
770
794
780
736
738
766
812
800
738
734
762
662
756
770
722
756
798
840
816
794
750
774
804
798
704
694
624
736
660
674
754
672
702
724
804
844
818
724
748
776
780
780
772
740
780
810
818
794
752
772
802
802
796
782
732
760
786
798
784
736
736
762
780
762
724
748
784
822
806
758
720
758
778
802
806
762
808
842
838
808
790
814
832
824
764
750
780
808
810
766
770
806
860
840
782
774
810
816
760
726
760
802
804
760
794
824
814
758
774
776
848
804
752
744
784
810
776
718
732
766
786
788
744
756
776
776
734
706
736
754
744
720
724
772
804
786
740
752
770
772
732
706
716
784
794
784
756
778
818
834
792
744
768
794
802
770
730
756
766
788
756
766
816
840
822
758
778
810
818
804
806
848
830
806
754
768
812
834
798
746
790
822
838
814
782
824
814
774
730
742
778
802
792
780
842
888
874
810
798
816
802
754
712
736
768
794
766
772
818
822
780
704
684
664
648
654
658
648
656
692
740
760
722
746
754
752
720
708
672
688
680
676
660
676
718
712
680
648
670
678
662
630
656
694
722
708
704
730
748
756
726
734
720
712
662
640
630
678
730
778
790
792
732
664
712
608
570
682
802
790
784
702
718
700
698
712
710
698
698
714
748
764
778
784
772
776
788
812
814
832
830
882
898
898
892
902
888
882
854
798
802
800
814
772
758
818
844
856
816
798
832
828
798
730
698
704
694
666
672
718
776
856
874
802
774
828
834
818
772
778
820
830
800
1498
898
564
736
724
754
714
804
794
818
778
746
760
764
758
722
702
734
754
770
722
708
700
714
742
760
774
818
852
812
752
690
702
710
718
692
686
716
712
730
728
750
782
772
726
716
740
746
736
714
762
788
786
754
738
758
760
738
712
752
780
762
738
774
770
704
584
608
670
768
712
690
736
786
834
810
810
790
836
810
756
744
722
698
696
698
734
732
692
688
674
658
662
650
672
704
776
838
872
898
846
788
726
712
756
762
766
776
806
864
876
828
740
734
722
712
706
702
770
848
794
690
696
696
756
734
710
722
750
742
710
674
660
668
672
652
644
628
650
654
650
672
708
738
716
704
714
728
732
700
684
712
750
764
768
746
702
722
734
728
704
742
802
808
778
728
738
730
736
728
732
778
832
866
816
778
798
826
830
780
764
784
802
786
738
784
816
818
762
764
786
808
812
742
758
762
762
744
698
748
770
788
750
764
800
820
774
748
774
776
774
738
768
812
838
804
772
804
850
828
760
768
782
782
746
774
828
890
854
774
798
816
786
736
756
762
758
738
746
840
864
864
840
886
890
828
784
786
778
750
718
746
762
770
754
760
794
806
768
752
786
806
802
760
772
792
762
726
764
794
778
750
776
790
772
728
732
754
762
738
734
750
762
740
700
728
750
756
742
732
762
772
752
732
756
758
754
728
724
744
766
740
696
738
760
798
776
762
772
774
736
700
742
780
850
828
786
814
832
814
752
750
762
766
746
718
728
762
820
852
796
748
774
790
762
736
756
780
792
766
786
822
832
774
740
780
796
780
754
790
818
790
742
756
778
766
738
762
800
776
738
770
762
740
748
742
768
760
726
726
742
754
728
698
774
806
802
756
776
774
770
732
714
750
768
734
720
774
798
760
744
764
774
740
710
738
760
746
728
738
774
790
752
722
738
748
740
742
792
794
794
746
732
746
764
764
762
798
824
794
770
784
790
754
718
734
748
680
662
650
688
738
746
744
780
784
784
740
740
766
778
770
736
754
780
782
750
728
760
782
776
740
766
798
784
750
780
804
782
732
774
786
816
768
794
798
770
724
748
788
836
838
880
876
832
768
788
810
786
750
796
830
832
834
852
852
804
762
804
804
794
750
766
788
788
770
768
806
830
786
754
786
798
778
744
736
760
788
792
766
768
794
782
794
734
788
820
802
836
876
856
838
780
748
746
744
726
758
854
876
796
816
838
830
770
800
840
790
736
742
764
804
764
710
734
754
774
750
750
808
844
832
776
750
790
796
768
744
750
782
754
674
658
676
734
786
756
696
686
662
674
682
696
674
660
678
690
704
738
732
706
736
754
768
748
708
696
694
688
690
680
662
694
736
758
760
788
734
770
792
776
708
680
690
684
666
646
636
622
630
656
706
744
716
726
782
786
768
722
722
738
744
738
664
648
598
578
680
684
712
724
712
702
710
726
756
716
678
712
740
744
754
754
766
762
756
734
734
778
820
846
856
824
768
756
736
736
714
768
852
864
872
820
760
782
784
770
722
724
744
764
750
716
730
740
762
732
722
742
744
758
722
710
712
700
708
696
710
764
818
800
754
772
774
764
710
712
736
734
702
738
752
770
768
726
742
762
776
772
734
744
758
750
736
692
712
736
754
790
772
762
804
816
784
768
766
764
744
718
730
736
748
730
712
714
738
736
726
710
722
726
712
696
718
754
796
764
740
762
774
744
718
734
762
772
720
714
724
732
724
728
780
818
816
776
796
802
766
724
740
760
764
726
744
772
806
796
748
744
782
800
842
782
820
842
840
788
766
774
772
782
770
772
840
898
890
824
792
796
790
796
782
764
786
818
836
808
798
832
854
854
826
786
792
788
770
752
764
794
852
836
772
784
828
852
794
752
778
774
742
726
760
786
758
722
750
784
790
742
726
746
756
750
706
724
748
766
744
730
736
746
748
722
724
778
832
798
782
820
826
788
780
804
808
760
674
656
648
644
640
618
668
690
758
620
662
616
556
602
588
618
620
614
598
592
588
598
580
572
556
574
578
578
594
616
650
718
752
780
802
816
828
792
738
740
770
802
810
800
752
734
844
944
906
814
774
828
850
796
770
838
870
878
780
734
774
850
896
848
788
818
858
812
784
828
854
814
788
864
882
858
790
790
846
876
830
782
854
910
894
778
772
794
820
782
792
876
920
832
814
876
876
812
808
874
878
796
776
806
852
886
868
790
786
844
792
754
706
734
738
792
780
782
894
958
934
792
772
716
828
782
734
714
744
740
716
720
768
838
864
816
724
716
720
732
722
712
716
726
728
736
776
828
832
796
760
734
738
742
718
696
720
764
808
746
786
792
830
794
804
860
862
824
844
878
848
778
778
808
824
782
736
740
692
668
684
732
774
756
788
794
806
772
722
742
770
802
782
756
804
858
852
800
792
828
860
810
778
810
824
828
780
774
778
844
776
732
754
800
844
802
820
870
850
798
792
852
874
856
834
848
834
788
776
814
838
842
794
834
860
826
760
776
810
818
804
880
940
898
854
882
866
808
774
806
830
800
822
866
882
842
810
866
906
872
816
816
814
790
780
814
852
836
810
788
820
854
836
796
788
834
838
824
828
920
932
846
832
846
852
800
810
848
830
786
792
816
800
768
778
800
826
806
774
810
874
888
836
832
840
832
774
738
750
716
702
666
642
646
640
670
664
656
684
754
788
754
710
740
748
750
718
708
738
764
772
736
726
752
760
756
724
786
820
842
818
780
796
824
826
800
772
790
828
862
850
810
838
854
842
802
804
784
796
812
788
790
850
884
882
812
822
842
810
770
790
890
920
828
778
806
806
776
782
798
838
820
764
796
844
876
828
802
850
854
806
844
910
902
832
776
808
846
820
780
834
854
818
756
784
800
796
764
746
786
802
786
740
764
800
836
854
808
792
816
824
792
752
768
794
812
776
750
786
826
866
836
850
894
906
872
780
814
826
800
766
822
868
900
830
762
810
846
862
794
770
818
890
918
894
808
872
874
824
774
802
836
814
796
832
862
802
772
810
844
806
766
796
818
812
776
746
780
812
796
760
798
826
818
780
792
866
882
876
822
774
794
782
752
720
736
794
822
786
738
752
728
694
662
678
696
714
704
688
696
728
730
658
626
610
642
674
690
708
694
698
712
696
708
708
700
674
672
640
630
616
618
614
586
580
572
564
566
574
554
572
572
566
576
584
608
642
676
698
692
704
740
750
740
738
696
706
740
784
788
774
866
880
864
770
724
704
672
664
716
772
768
726
740
864
960
874
810
840
854
812
770
794
796
746
714
720
760
766
810
888
934
884
910
896
838
786
802
806
822
780
744
784
808
814
768
786
804
826
826
776
736
756
748
718
696
696
698
720
732
764
876
914
870
818
810
808
758
718
742
766
806
780
754
824
854
800
744
760
768
750
722
708
756
812
806
780
830
818
774
712
728
744
752
754
718
774
784
822
784
736
748
782
760
718
700
738
832
826
816
808
864
870
810
766
756
714
684
654
654
646
640
626
634
644
654
674
674
704
706
726
744
710
728
802
794
762
718
744
766
748
724
776
808
782
750
818
850
788
770
792
812
748
718
754
794
768
734
764
804
762
718
742
770
766
758
778
794
782
746
776
814
788
722
742
782
822
818
766
762
792
814
768
750
806
840
768
740
762
786
774
764
820
858
824
772
790
794
770
760
794
802
778
772
810
856
854
802
816
822
808
736
722
746
718
686
660
670
686
722
702
658
654
684
706
734
728
708
704
684
662
664
636
638
650
658
656
652
622
642
624
622
614
602
612
616
634
636
612
630
644
666
694
728
720
690
698
706
716
710
688
678
720
750
778
790
754
740
774
816
818
756
710
748
764
784
768
744
790
908
926
858
812
822
852
830
776
720
732
756
796
816
754
740
726
712
680
626
754
680
720
796
814
820
794
750
682
662
658
696
848
936
886
878
870
822
748
754
766
806
922
930
930
916
906
904
898
892
888
876
854
834
802
806
816
800
768
740
782
748
704
686
718
730
732
714
768
848
788
754
808
826
822
766
804
834
846
796
766
814
838
784
762
852
862
834
778
810
802
778
722
714
722
680
670
684
712
692
686
690
748
780
798
796
864
872
864
778
756
760
764
794
774
826
852
884
868
862
820
830
774
770
768
682
676
680
706
706
678
720
768
876
876
880
822
792
806
772
750
680
686
670
714
754
798
774
810
768
704
666
646
686
686
682
700
746
774
756
772
830
776
730
734
760
776
762
728
744
808
834
802
760
786
804
802
788
762
796
808
800
742
670
666
666
680
682
700
680
656
698
688
630
710
730
768
750
778
804
842
774
700
728
722
698
680
666
702
664
652
640
628
614
600
586
596
676
826
858
876
892
904
886
844
858
834
790
740
738
818
888
830
758
738
762
782
764
838
914
914
824
756
774
776
764
698
678
684
672
668
680
664
660
644
622
610
606
674
664
682
768
708
702
768
888
916
922
936
916
856
782
782
884
958
964
972
964
952
920
890
890
884
854
786
754
802
910
912
892
870
854
862
864
878
852
830
852
874
874
812
808
818
834
806
774
790
834
864
852
900
874
770
748
784
808
776
754
782
826
830
762
816
912
928
860
874
890
866
790
758
772
774
734
692
744
826
960
978
928
808
770
762
770
752
812
950
972
896
856
884
872
772
710
726
766
782
764
736
818
882
834
774
728
740
732
736
758
754
766
780
794
766
702
686
674
662
680
774
844
840
856
872
854
774
694
652
660
634
624
622
616
612
602
590
572
582
610
598
644
716
766
776
800
766
730
792
858
870
840
804
814
812
830
818
774
786
770
680
658
646
626
672
700
790
856
852
888
864
838
780
760
802
804
774
820
910
916
894
824
842
872
888
884
902
918
882
810
854
876
810
760
788
792
800
788
854
884
840
790
814
836
814
772
814
832
786
744
790
824
812
774
828
834
770
702
716
722
714
694
730
772
802
770
794
840
880
850
818
838
802
736
690
686
692
722
772
776
778
858
896
838
782
814
832
810
764
758
784
808
802
798
826
824
802
784
792
796
772
724
782
760
720
686
680
670
652
642
636
608
608
610
630
730
762
736
754
842
910
914
910
836
840
856
806
722
708
764
812
776
818
884
904
856
802
804
804
776
750
802
848
826
762
792
818
782
720
726
752
746
728
768
812
788
744
802
864
824
782
802
774
730
744
790
798
772
800
844
794
732
768
786
736
732
800
880
884
828
872
892
862
796
798
770
726
696
676
746
838
898
868
882
908
882
802
762
790
796
786
740
734
730
750
762
752
728
740
734
710
680
668
656
606
610
620
624
698
796
830
762
842
910
936
944
944
950
936
922
916
910
920
924
848
792
762
752
744
736
744
780
900
896
832
812
838
854
838
794
790
788
806
844
870
842
824
800
778
744
750
786
828
814
812
822
754
676
678
680
664
658
664
714
718
710
750
798
758
710
748
770
768
716
688
698
708
708
698
694
722
726
726
702
752
770
778
744
716
750
764
754
746
744
760
764
724
698
740
802
854
760
748
742
750
738
732
792
812
794
738
754
794
840
800
800
820
816
770
748
774
800
804
780
840
870
828
770
750
792
838
822
778
856
910
896
774
778
786
762
716
710
732
782
844
844
864
832
790
828
836
786
804
820
866
814
838
856
836
788
786
798
778
730
678
700
704
714
718
716
680
658
664
668
652
654
658
676
676
662
642
634
632
626
624
614
602
618
650
790
870
852
812
756
780
778
736
712
694
696
692
672
664
714
852
824
818
870
882
832
816
858
856
792
760
778
816
830
780
810
850
844
764
738
740
732
712
674
734
786
842
854
774
774
762
726
706
744
664
650
664
690
682
672
702
722
702
706
736
702
620
660
656
620
632
626
642
604
638
594
588
570
588
560
558
590
610
606
600
592
594
576
568
570
566
586
564
574
588
642
680
732
768
790
772
756
760
786
808
824
842
816
850
888
834
778
798
796
766
736
810
874
866
810
838
866
850
784
842
824
796
760
790
788
760
756
748
692
666
738
776
812
754
764
772
748
700
678
690
696
684
684
732
826
864
808
740
724
698
670
654
694
772
910
896
888
896
856
754
726
732
728
770
812
854
824
810
834
818
754
776
784
776
734
748
786
800
766
756
760
768
722
720
740
760
744
756
782
836
776
758
738
722
694
670
710
730
718
746
760
780
746
752
776
758
710
688
662
656
640
624
626
628
662
752
830
776
712
742
746
736
706
718
738
772
752
710
742
748
722
708
752
770
744
712
718
714
726
650
638
612
600
626
658
700
734
726
688
694
712
718
702
682
718
752
778
762
714
758
768
776
760
730
760
774
736
686
662
684
694
666
674
684
682
686
666
644
672
654
632
586
588
600
602
624
640
676
714
768
770
804
838
774
700
668
690
652
616
652
672
704
730
718
718
744
770
758
810
864
856
812
748
770
812
848
870
802
822
858
874
828
788
796
818
832
798
846
844
820
820
880
892
818
730
754
720
696
676
714
768
816
806
866
930
860
782
784
794
774
744
780
768
706
654
674
688
736
728
718
816
818
778
722
752
804
810
794
732
804
754
682
688
650
718
672
676
700
670
662
718
780
802
774
568
596
656
630
636
642
622
590
660
544
614
614
624
616
632
618
624
642
662
666
684
698
734
764
758
744
708
690
710
720
738
794
752
774
810
818
770
706
726
736
744
754
746
808
870
874
802
776
826
850
786
704
730
732
760
744
736
852
902
898
814
872
874
812
738
764
764
782
728
762
784
790
742
750
784
788
740
698
706
716
686
672
672
684
720
728
698
680
690
708
728
818
870
876
788
774
790
802
766
754
860
872
878
800
844
850
806
734
724
734
742
748
728
774
846
916
862
776
782
792
764
748
792
850
864
818
850
838
770
708
726
728
754
746
732
772
814
790
766
752
806
818
818
770
810
826
834
788
764
802
802
790
748
768
800
810
774
790
812
820
782
740
792
804
792
748
760
764
770
774
728
734
736
724
706
730
764
780
752
764
788
790
776
752
790
828
846
808
774
816
822
838
814
786
812
818
810
768
766
814
860
860
820
774
840
846
816
776
812
842
830
782
802
816
798
786
758
808
848
840
778
788
814
832
782
772
798
814
796
746
742
750
764
756
722
766
814
844
788
782
808
824
790
758
796
806
796
762
794
814
802
752
758
784
790
790
790
830
838
794
784
788
786
756
718
702
738
792
738
748
786
814
758
696
696
756
796
834
744
700
682
674
656
646
646
654
636
624
618
638
648
648
642
684
752
824
812
744
750
784
778
736
728
776
852
844
806
872
894
850
782
792
828
844
800
772
838
856
786
772
800
812
788
766
816
826
774
750
816
856
814
786
832
836
792
750
768
806
852
822
812
882
906
856
808
830
832
792
758
790
804
820
784
762
792
836
820
784
828
860
862
846
796
808
844
866
862
806
760
812
864
872
802
808
834
834
800
800
844
850
812
836
850
818
784
838
858
798
796
842
840
786
764
784
806
770
760
810
838
798
792
818
886
862
822
866
866
802
772
818
866
822
740
718
726
720
708
732
800
858
838
828
858
824
734
698
704
712
736
712
666
700
708
670
700
710
706
702
680
674
700
734
774
774
742
764
782
788
766
730
748
772
790
774
732
740
764
798
798
770
794
828
810
780
754
780
794
786
752
772
804
822
778
754
772
782
770
744
784
782
734
702
682
704
718
686
670
660
688
758
848
890
838
800
828
838
834
784
750
732
690
686
734
838
826
772
828
882
888
810
780
804
824
814
774
798
848
874
814
750
788
818
840
816
842
904
956
940
884
850
852
850
826
816
880
910
864
816
862
898
892
820
784
836
870
868
866
854
914
916
866
832
880
906
904
832
852
904
936
896
876
924
908
884
814
822
840
832
770
766
812
834
796
782
830
852
844
798
808
840
834
778
768
806
834
824
776
816
840
826
786
750
788
834
856
848
796
784
784
730
680
682
698
716
702
700
732
786
812
798
780
830
852
816
764
796
832
828
786
788
826
828
790
790
812
812
770
750
786
808
802
778
786
822
828
782
776
824
828
780
762
804
836
806
724
700
702
704
708
694
682
714
784
842
814
816
870
904
840
800
816
814
796
760
796
834
842
798
814
842
810
756
782
816
814
780
760
824
854
818
770
800
828
818
768
764
770
756
724
706
754
796
786
754
782
796
786
730
732
748
764
730
734
764
810
810
770
794
816
808
792
780
818
850
828
774
786
802
824
804
770
852
852
844
788
816
830
834
788
816
872
884
816
758
786
760
720
764
804
804
762
774
806
812
782
740
776
786
794
754
742
776
804
774
714
688
692
686
662
654
644
650
662
716
818
826
806
850
896
898
840
794
818
818
764
762
796
834
834
756
748
782
804
812
756
782
812
816
790
802
786
848
910
896
862
880
892
888
822
798
820
856
858
854
914
908
876
828
854
880
882
826
796
846
828
788
846
906
900
826
840
884
916
840
822
842
846
816
782
820
860
834
768
760
806
836
874
836
800
832
850
854
800
792
840
858
806
772
828
826
782
740
774
806
804
762
726
712
700
710
704
682
718
776
724
698
716
678
652
678
710
726
730
726
788
820
830
792
760
786
794
782
738
784
812
818
804
764
800
812
770
744
786
802
784
740
756
788
776
732
692
738
756
760
726
744
778
770
720
738
772
784
744
702
754
804
830
786
764
814
854
830
792
814
808
774
728
736
766
800
824
790
778
808
838
820
756
750
750
746
748
734
768
798
764
804
908
916
884
862
886
894
872
842
848
864
846
796
782
792
822
788
754
778
814
842
818
782
812
812
780
732
774
840
848
822
798
846
858
818
772
804
832
816
778
774
808
808
754
702
732
758
730
684
718
746
782
762
740
782
820
796
770
748
762
690
658
706
782
888
876
860
870
902
834
790
806
788
764
742
780
830
858
822
764
772
704
636
628
648
634
592
614
600
624
596
606
618
606
624
646
666
668
642
620
606
600
602
586
596
580
598
624
646
726
710
704
708
710
720
722
756
736
700
716
728
730
746
736
742
722
688
670
662
698
694
678
648
634
680
654
674
688
660
666
684
686
682
658
680
698
704
686
720
762
770
764
706
706
718
714
658
660
642
638
644
648
640
688
730
738
722
812
832
802
726
730
746
752
