354
648
672
704
712
716
650
690
662
702
678
646
658
668
682
680
636
626
630
630
648
622
658
694
736
740
724
718
742
724
716
682
698
644
692
516
322
322
652
642
692
716
684
660
666
692
818
824
828
814
802
748
722
692
696
690
674
662
708
756
788
788
740
722
746
770
776
748
686
650
664
664
722
730
740
702
742
758
742
714
724
770
732
694
710
718
714
696
674
754
754
748
676
646
644
640
620
612
644
524
648
644
736
818
766
730
694
690
696
712
718
710
748
776
772
792
794
768
738
662
606
612
640
682
782
812
756
798
784
748
694
696
686
680
660
676
680
664
682
676
638
648
644
724
686
704
722
734
794
686
724
678
672
622
676
676
696
740
674
752
740
708
656
668
684
682
692
642
644
686
664
636
628
656
664
680
660
644
726
712
726
682
690
700
712
692
656
642
676
680
662
692
692
690
708
660
644
642
718
716
714
714
758
718
696
644
612
680
680
706
716
718
714
716
670
660
688
686
668
644
646
716
708
640
576
646
606
620
638
660
646
660
668
712
676
646
662
654
684
646
634
660
670
676
642
664
684
696
688
674
648
636
652
598
624
614
628
660
698
696
690
712
700
650
608
676
666
686
676
684
700
678
660
650
668
676
644
718
706
700
690
692
746
680
656
626
628
634
610
610
636
650
648
602
636
612
666
636
602
612
642
686
710
680
668
684
682
690
636
594
618
590
580
588
622
642
668
752
756
820
788
734
682
660
640
638
588
588
610
642
700
716
788
764
756
814
754
694
698
698
684
696
688
642
654
672
698
748
748
716
718
724
722
660
678
636
660
676
678
636
694
708
700
702
696
708
698
654
626
690
654
636
640
668
676
652
660
684
704
730
720
700
708
734
746
722
628
688
672
678
656
634
386
290
686
644
686
732
756
746
652
614
610
630
666
696
714
758
768
762
744
750
718
674
660
692
692
774
738
692
744
726
712
626
628
652
650
688
662
650
684
678
688
674
668
676
672
680
642
608
632
644
656
646
620
630
676
686
682
678
662
714
694
664
650
654
654
638
610
606
364
288
636
634
668
706
754
756
726
708
700
668
670
626
602
618
624
630
644
666
658
650
630
636
636
652
650
632
632
664
670
580
786
668
672
720
750
712
706
706
718
654
620
662
664
672
648
670
678
646
666
642
684
720
668
666
680
670
636
610
628
632
596
598
608
628
664
640
646
672
682
672
696
698
712
690
676
676
666
642
668
644
648
644
646
642
640
630
628
610
608
618
582
596
582
590
584
580
608
640
640
630
608
626
636
658
640
668
682
664
698
716
664
626
654
670
670
688
670
616
622
644
664
636
620
620
646
630
640
652
670
674
672
640
696
696
694
672
670
686
656
634
642
640
650
650
686
704
694
682
686
674
612
620
604
634
652
682
664
632
642
652
668
656
678
658
672
682
690
674
630
648
654
658
662
642
704
732
704
722
734
716
690
692
612
594
356
268
582
576
572
580
602
598
608
594
646
724
758
820
738
696
702
688
686
688
602
624
634
674
676
628
662
694
720
760
756
674
668
656
662
626
614
648
672
688
642
676
708
724
662
740
736
748
732
724
620
626
684
658
666
632
606
632
656
672
704
720
694
686
752
720
718
638
648
652
696
710
716
714
672
694
680
668
630
608
644
656
684
624
686
692
696
644
668
676
652
712
640
574
612
590
662
684
694
706
692
676
666
402
260
622
622
614
614
614
630
632
638
704
672
644
632
656
728
696
716
710
694
698
672
654
652
636
638
630
672
678
694
676
714
732
758
750
684
646
676
662
622
636
672
708
734
730
746
758
714
718
712
708
684
690
706
704
752
690
716
692
752
680
646
666
654
684
656
694
726
738
728
726
722
724
686
650
670
674
634
610
618
640
682
736
726
682
688
684
694
652
620
602
602
616
630
712
760
766
732
710
704
680
664
630
624
648
648
668
670
654
666
682
680
678
654
666
666
676
690
646
658
654
644
652
634
660
706
744
760
716
732
760
754
690
680
672
652
670
634
656
688
708
680
674
708
728
708
680
672
736
742
692
632
642
626
638
612
632
700
772
808
822
790
810
782
726
642
660
658
672
668
638
702
690
724
704
684
704
718
708
658
688
678
674
630
380
274
684
716
682
646
602
616
628
650
612
602
630
634
628
616
590
598
610
632
670
646
664
694
696
706
630
614
638
668
710
756
770
746
746
748
792
752
714
710
702
704
668
674
694
676
726
670
618
626
624
624
608
588
620
666
668
742
776
796
744
752
756
756
726
690
688
668
662
706
728
750
760
686
688
712
704
748
690
628
618
660
660
684
736
772
752
746
772
762
744
682
692
736
726
700
700
724
708
716
636
658
702
672
640
650
674
682
654
650
692
652
710
644
660
662
656
668
646
642
702
696
670
644
638
690
680
688
702
736
750
712
684
732
706
684
644
656
654
658
700
644
652
674
670
678
620
656
626
708
692
656
670
684
658
620
616
598
608
598
644
644
630
398
284
696
716
676
668
692
670
674
692
714
728
704
724
670
722
730
754
686
744
734
810
744
746
704
688
670
660
634
682
740
796
874
844
840
824
744
642
656
608
610
620
652
752
844
816
792
764
718
666
592
642
642
638
616
596
600
634
656
658
638
668
690
708
702
696
662
650
706
694
720
730
714
690
692
750
734
744
738
666
688
698
670
724
746
780
860
784
782
782
770
694
666
652
650
692
642
686
718
730
686
714
708
704
710
668
648
674
686
722
726
702
704
720
730
704
708
718
710
714
704
642
600
590
612
640
662
702
748
782
778
758
770
772
760
730
670
652
704
698
680
656
686
704
728
752
754
706
702
706
692
648
638
666
682
720
660
654
690
728
742
680
734
718
704
700
644
680
666
664
686
622
622
574
610
604
624
642
658
696
740
746
738
658
678
668
698
716
752
746
670
710
696
706
676
708
704
728
728
688
682
712
732
762
740
692
748
728
724
700
668
710
680
766
692
698
724
750
694
630
600
648
612
616
624
676
628
660
678
680
654
624
700
670
676
722
656
660
702
702
718
676
694
704
740
778
780
732
718
728
730
758
764
786
790
786
762
806
776
750
780
760
766
758
756
738
732
730
694
728
706
736
736
686
672
638
632
612
556
594
582
600
642
672
720
654
644
642
634
636
646
646
668
582
350
260
626
618
652
694
708
644
692
670
700
646
624
638
734
766
766
744
616
466
280
646
646
690
736
706
676
644
386
252
638
616
636
648
680
704
724
746
742
752
712
710
698
686
650
628
708
690
692
692
734
726
744
732
790
738
704
716
692
690
642
680
704
664
704
692
716
692
664
674
700
674
728
710
732
716
668
674
706
700
654
648
702
672
654
700
686
718
708
658
688
692
702
620
374
264
322
308
620
632
624
568
340
264
544
684
410
310
706
686
670
680
414
306
746
758
726
788
760
762
716
750
698
692
702
680
646
706
688
688
690
696
696
676
720
636
610
630
640
648
668
648
628
590
586
352
264
582
612
620
660
642
626
634
624
624
612
652
392
270
644
630
634
656
620
634
608
676
618
626
628
630
380
316
648
680
682
638
612
596
596
586
568
566
574
606
656
624
658
590
620
634
642
642
638
578
636
608
586
616
642
658
772
738
722
766
638
690
670
666
652
618
678
676
776
642
726
716
700
670
652
626
580
360
252
582
624
634
654
622
578
622
638
648
644
658
728
710
748
734
714
694
676
638
632
386
258
612
616
620
648
694
714
708
736
762
782
772
716
698
684
750
664
672
696
696
700
650
670
688
726
744
706
754
732
740
710
648
664
676
682
700
644
666
674
662
742
732
760
744
756
762
752
720
700
680
700
642
630
640
664
690
690
694
748
788
796
770
814
776
758
708
688
688
680
660
612
662
644
692
658
640
670
694
770
756
732
724
748
710
632
706
662
656
686
646
648
682
740
754
734
708
722
726
724
690
628
648
712
724
714
692
706
758
698
694
646
696
724
734
734
702
708
684
728
656
408
252
660
648
674
666
694
724
728
664
622
656
636
670
650
622
670
652
626
620
574
608
610
628
612
616
618
600
370
252
614
626
640
694
706
714
690
644
682
412
252
640
602
656
600
616
650
672
726
736
680
720
788
844
784
828
808
796
784
718
732
736
726
726
666
632
702
648
668
666
696
726
710
736
760
724
786
694
684
684
688
722
776
794
774
748
740
730
646
678
630
608
626
614
594
598
612
368
308
720
752
764
702
656
690
686
668
668
610
660
674
698
686
700
716
738
728
706
674
740
732
732
706
706
680
690
770
738
728
696
682
712
740
740
696
656
682
672
718
606
638
600
670
656
646
672
696
740
756
820
758
738
724
434
308
674
670
626
640
636
644
654
634
606
364
258
636
664
730
730
746
698
662
400
252
602
600
622
610
584
602
578
586
670
678
674
662
684
728
760
760
694
694
704
718
700
684
628
658
624
670
696
706
698
708
776
778
728
724
702
694
654
634
652
660
678
704
680
758
768
762
596
860
728
664
740
662
640
724
724
724
702
642
650
628
738
734
746
708
734
690
698
704
690
674
694
690
698
642
688
702
720
730
684
680
724
712
682
644
626
688
696
724
684
676
692
694
672
660
664
686
706
724
690
634
644
646
628
608
606
636
612
604
568
644
656
666
688
692
626
660
402
258
636
654
634
632
636
666
726
724
724
658
676
676
684
690
696
632
640
646
662
676
684
722
718
750
756
706
664
720
688
672
650
648
642
644
724
684
722
762
762
718
740
750
756
758
736
694
694
680
690
666
624
696
678
662
634
634
662
660
634
676
670
714
732
744
710
594
852
708
690
706
676
676
662
692
654
680
686
742
722
720
728
726
710
660
708
716
728
700
704
722
708
724
708
690
660
706
656
646
662
686
684
654
692
694
676
748
700
702
698
702
684
638
386
290
652
658
650
592
592
602
638
