754
712
638
638
660
670
682
636
632
662
704
768
784
798
750
684
652
702
716
764
780
790
778
750
698
652
600
614
634
672
696
734
736
718
652
634
644
656
680
670
666
632
634
634
648
644
658
668
684
694
650
592
610
634
682
718
758
764
744
700
702
700
700
686
694
650
636
636
650
662
682
702
700
706
720
742
732
680
660
676
672
694
672
664
684
698
702
656
678
682
688
618
612
504
500
698
628
610
658
688
680
672
662
668
706
718
728
722
710
698
686
684
684
688
696
688
696
720
746
764
750
728
710
694
656
666
680
680
670
634
658
664
644
620
614
586
594
620
636
618
630
668
686
642
650
668
682
686
652
616
636
660
676
698
710
722
722
724
734
732
732
710
720
726
722
696
652
680
704
714
700
650
652
678
698
720
700
682
688
712
706
710
700
654
662
672
696
708
698
700
714
732
734
686
694
700
704
700
698
666
656
680
684
686
646
632
650
686
704
694
648
656
700
732
724
714
676
668
674
690
676
676
646
656
664
674
684
682
668
678
710
698
678
668
668
676
652
604
608
610
630
650
650
604
618
660
686
716
720
716
700
662
656
670
682
664
632
634
652
684
698
698
682
688
668
634
650
668
708
720
702
706
724
720
718
680
668
670
666
632
600
586
612
620
616
642
690
716
734
736
738
730
714
688
682
678
654
656
676
696
718
720
718
668
658
674
682
700
674
630
634
646
662
668
672
668
680
688
666
672
698
730
734
734
722
710
700
694
702
692
698
688
700
710
732
738
728
656
700
714
732
686
628
606
628
602
608
798
798
752
702
700
662
666
652
664
672
684
694
702
698
716
704
722
710
702
656
640
666
692
740
758
752
700
676
682
688
682
684
668
666
646
634
644
646
676
680
692
672
622
616
620
636
648
652
654
624
632
652
684
686
714
702
694
684
668
638
644
650
654
672
668
644
652
676
672
648
664
670
696
660
664
678
690
682
630
632
636
660
642
654
668
680
660
640
662
666
674
644
664
664
682
674
640
652
662
686
694
670
668
668
680
644
634
636
660
670
636
622
644
652
684
702
696
672
696
692
698
678
666
668
668
662
626
628
650
666
686
694
666
622
630
636
656
670
694
660
622
628
606
614
568
604
624
636
688
734
764
742
740
670
660
664
660
662
658
642
616
622
678
704
682
700
716
724
712
672
626
618
638
662
666
684
698
686
652
630
634
648
654
664
640
630
644
654
666
640
650
660
618
606
626
632
642
662
670
650
660
660
660
618
598
616
620
632
648
666
672
670
676
700
732
750
686
668
682
696
686
686
682
666
674
676
672
682
666
656
656
652
678
670
648
656
682
710
690
682
652
662
664
666
656
634
662
656
662
650
614
620
648
668
668
626
656
670
696
686
640
642
650
664
668
634
618
630
636
650
664
652
660
672
684
686
662
666
658
678
668
648
630
636
646
654
656
626
636
652
676
656
664
668
696
666
620
630
634
656
660
638
614
632
634
666
680
644
656
670
704
676
656
666
664
666
632
636
648
668
648
646
654
666
664
638
646
666
680
672
648
656
660
684
686
644
622
632
620
596
588
580
582
616
648
652
654
614
598
598
358
262
562
542
614
562
570
610
584
584
608
646
634
616
614
598
604
616
620
626
632
622
646
634
620
610
588
614
632
686
768
848
836
860
822
828
770
716
654
660
650
666
686
732
752
714
672
680
664
648
654
666
666
650
650
636
612
618
664
732
800
818
816
730
724
764
780
704
710
702
700
632
588
594
586
628
624
630
618
652
684
728
750
752
750
694
654
668
684
702
712
680
684
704
748
748
766
752
764
718
714
706
728
702
716
704
712
698
666
668
686
702
728
668
684
682
728
720
684
666
668
700
682
650
666
680
702
652
648
666
670
702
726
668
648
600
602
566
616
752
814
818
816
812
786
750
734
730
698
684
654
664
666
666
666
650
668
668
678
686
670
680
682
682
670
680
668
670
664
664
650
664
670
668
650
648
630
616
602
634
666
696
654
682
666
666
652
646
636
630
602
600
630
636
668
682
684
714
684
652
682
696
670
698
652
666
668
682
666
646
654
664
670
650
644
636
646
652
636
616
614
634
634
650
646
638
650
666
662
666
684
670
648
652
678
684
684
634
634
648
684
684
666
666
688
696
696
654
664
650
652
680
634
662
652
682
684
682
668
652
630
634
618
632
632
634
664
654
630
602
632
680
704
730
736
718
712
690
678
680
652
652
650
662
670
684
664
616
652
712
772
830
820
766
750
746
750
720
714
670
676
684
706
728
736
746
722
730
718
732
720
700
662
682
704
732
734
698
698
700
686
680
668
666
666
650
618
632
646
636
602
598
602
598
634
666
684
650
664
684
704
700
698
682
670
678
670
682
704
696
714
718
734
750
700
716
702
684
668
676
656
664
668
664
654
678
702
702
648
616
584
600
616
620
630
652
666
700
718
700
684
632
602
366
282
268
362
270
382
284
368
266
400
266
434
268
448
284
432
684
718
686
712
718
682
654
648
668
680
702
716
746
720
716
700
700
716
716
720
716
714
668
714
720
748
720
712
652
672
728
716
686
664
668
682
700
652
650
680
668
668
650
648
636
662
638
618
634
648
720
748
714
652
646
652
664
652
650
618
632
656
678
682
686
700
648
634
638
664
680
684
686
666
684
682
714
650
670
680
684
654
680
684
702
682
700
682
684
652
682
654
678
652
648
618
616
618
648
634
620
630
652
666
666
650
716
752
798
768
716
750
766
768
764
684
648
636
652
664
650
634
634
684
682
700
750
766
768
768
718
730
734
734
720
696
700
720
716
684
696
686
684
684
682
716
766
720
716
734
730
702
686
664
638
630
616
634
582
610
622
680
704
716
682
700
686
682
666
666
656
680
684
616
652
662
680
686
670
632
618
646
674
694
698
668
648
604
536
330
318
284
484
290
572
354
496
302
530
320
502
316
496
302
500
302
514
316
470
284
482
296
454
282
448
286
414
666
702
670
680
632
620
604
610
618
650
682
686
682
700
686
684
678
654
648
648
634
634
638
680
700
718
664
682
688
696
670
632
668
684
700
668
666
684
698
716
688
700
702
710
704
680
654
680
714
718
734
714
716
718
736
750
702
716
722
728
718
664
670
688
710
704
684
680
684
716
718
700
700
702
734
716
668
682
686
696
702
668
632
650
670
680
654
636
594
598
606
600
614
614
590
586
580
598
582
602
602
598
602
630
632
636
680
688
702
716
702
680
620
634
648
664
666
670
668
686
732
766
770
776
704
700
732
754
780
752
734
718
698
668
652
652
666
650
632
680
718
768
782
786
716
718
732
748
722
730
666
620
662
668
716
734
684
670
712
736
734
734
716
672
694
686
700
684
666
664
636
650
668
698
702
748
686
694
700
724
730
754
714
734
716
700
700
700
668
700
730
736
750
732
702
684
696
690
712
668
684
716
752
746
670
686
716
766
752
734
664
670
682
698
698
668
668
698
702
702
684
700
734
746
720
716
700
718
714
704
680
684
682
718
702
716
698
652
668
698
698
688
696
706
710
700
700
668
682
686
684
686
632
646
638
666
670
710
686
666
664
676
692
670
634
650
682
704
728
716
668
686
712
718
700
686
680
680
670
668
636
664
686
734
682
618
632
648
634
634
684
714
702
690
664
694
700
700
720
668
712
686
716
720
682
634
664
688
700
650
632
632
668
746
784
788
782
748
700
716
686
702
680
668
668
668
646
652
682
720
782
784
700
682
668
670
630
652
616
614
570
566
546
334
268
302
348
302
414
286
448
684
700
682
674
678
636
646
650
666
670
680
654
650
698
714
754
782
800
750
750
720
716
714
700
706
696
714
700
704
714
732
732
720
652
664
666
682
686
680
650
668
700
700
700
632
632
654
670
710
650
636
682
716
766
752
716
650
650
654
678
670
662
620
628
624
646
618
644
654
700
682
684
700
734
730
768
750
702
688
676
684
656
660
666
652
650
648
672
696
688
714
700
702
696
700
680
622
644
650
656
630
654
710
720
716
652
678
686
700
650
648
672
710
716
702
664
684
702
716
732
718
650
668
662
670
684
680
650
690
710
768
750
716
704
710
686
696
638
664
666
700
682
650
602
602
634
628
636
634
618
616
614
618
598
600
618
616
600
598
370
264
284
320
264
350
266
350
252
332
252
346
252
368
262
400
286
414
252
484
298
418
282
400
254
444
268
434
266
432
266
470
284
480
290
432
264
466
282
466
284
436
264
454
280
450
282
400
252
382
266
414
252
450
272
446
268
464
282
418
252
416
266
432
268
448
268
464
284
434
266
400
252
382
252
412
252
416
252
432
268
382
266
348
252
384
252
446
268
482
302
448
268
466
282
468
280
486
298
516
310
492
300
418
298
418
268
452
280
448
268
398
302
380
254
434
266
446
270
466
282
482
290
464
282
468
282
398
252
432
264
436
266
436
264
416
252
382
252
382
252
430
268
450
282
450
284
482
300
450
284
368
252
430
264
420
264
416
252
400
268
348
252
346
252
332
252
332
268
282
268
464
282
534
320
530
784
866
816
802
750
750
718
714
684
686
684
700
712
684
700
702
700
698
704
696
684
698
702
714
718
716
734
732
702
698
688
696
686
698
682
650
652
666
650
632
602
634
650
682
682
650
650
650
636
600
614
618
616
602
598
600
584
602
632
586
602
596
584
352
262
534
588
362
252
254
344
252
366
252
414
266
382
286
354
262
400
252
382
268
314
252
334
282
320
264
382
268
434
284
480
304
430
268
466
282
484
290
498
298
514
308
494
298
500
302
466
282
438
282
430
268
434
266
432
268
366
252
366
268
364
266
352
252
396
270
380
270
398
302
382
266
368
282
352
252
398
252
430
266
432
268
434
266
422
262
418
266
434
266
450
272
448
268
432
264
430
270
368
282
380
252
400
268
398
268
400
252
432
264
420
264
452
272
460
284
432
268
448
268
368
252
428
256
448
268
450
278
436
266
452
280
418
268
432
266
470
284
464
284
450
284
432
266
406
262
418
252
448
268
448
268
482
298
386
266
416
252
466
282
436
266
482
302
364
252
432
266
434
268
420
280
432
266
404
266
386
264
414
252
448
268
436
266
432
266
416
268
416
252
466
280
434
268
432
268
450
284
368
266
414
252
432
266
402
268
350
266
382
252
416
252
464
284
398
252
416
252
432
266
366
268
382
252
416
252
382
252
380
252
364
252
348
252
364
286
382
284
384
264
402
268
418
262
450
272
428
268
368
252
412
252
400
252
366
646
654
684
694
706
698
652
680
666
636
598
616
634
616
600
620
654
694
718
736
702
728
736
764
752
718
668
714
734
752
680
700
716
734
688
714
620
632
654
644
636
646
604
662
686
750
788
750
748
782
800
752
734
698
652
648
618
616
600
634
650
686
668
662
670
632
600
634
618
650
664
650
618
634
622
628
600
652
598
616
650
668
702
750
750
650
682
684
670
666
632
634
650
666
650
652
634
666
616
634
636
650
682
668
632
632
636
666
684
720
762
720
716
684
716
686
680
666
652
666
666
670
718
684
730
734
718
700
702
682
684
648
620
632
648
668
650
634
648
638
632
638
650
630
632
666
700
718
684
688
712
750
766
700
670
668
698
682
668
618
664
702
768
820
814
814
784
772
728
700
668
634
652
666
680
684
650
700
720
750
748
686
716
716
716
700
706
678
682
684
702
704
728
716
686
734
734
764
736
732
700
716
734
734
732
716
672
696
686
716
698
654
632
598
606
364
414
252
584
800
832
766
768
718
686
696
652
680
648
656
662
668
684
700
718
764
736
768
766
750
748
716
718
718
718
686
680
680
652
666
668
684
698
668
684
682
700
684
698
656
680
698
670
648
632
654
680
668
680
654
684
698
684
682
650
666
684
716
670
682
668
680
652
688
680
668
678
686
704
696
652
682
702
714
682
668
670
702
712
668
634
664
650
668
666
636
666
684
714
686
680
688
712
686
682
684
686
716
682
680
670
716
702
680
668
670
680
714
688
666
682
666
700
702
680
684
686
714
698
668
684
732
734
734
700
682
686
696
702
668
664
668
684
688
682
680
714
702
714
686
666
668
714
716
686
682
684
716
700
668
682
668
714
686
682
684
714
702
668
664
670
698
716
670
696
670
714
686
700
648
668
682
702
730
684
682
704
748
718
698
684
700
716
716
686
668
698
684
716
668
700
684
714
702
682
684
700
700
700
686
712
702
748
732
684
700
702
732
702
682
682
686
684
680
636
650
664
668
666
668
696
686
702
648
616
636
630
636
666
652
664
716
720
714
666
684
684
700
716
700
682
668
700
688
714
682
734
734
748
684
618
650
634
664
624
594
586
598
600
616
584
604
614
618
598
368
252
548
570
644
702
752
764
786
766
784
766
766
734
718
730
668
684
650
638
676
668
652
682
686
730
704
696
636
702
748
768
782
718
732
734
750
748
684
702
718
716
718
666
698
700
718
716
666
684
714
740
746
704
716
716
734
732
716
698
738
732
752
748
734
748
752
750
732
716
718
734
730
702
702
650
682
686
716
730
684
668
704
696
682
652
648
654
696
686
684
702
712
720
716
686
694
704
746
720
734
716
732
732
718
684
702
700
714
716
718
682
686
700
714
700
668
652
648
632
600
598
570
584
582
552
582
630
688
716
686
730
732
734
750
700
684
714
718
714
702
652
614
634
666
732
768
818
782
798
786
816
796
770
716
718
716
730
686
684
684
700
716
732
700
684
700
714
734
716
670
696
702
684
666
648
650
654
710
700
718
686
712
704
750
716
686
680
700
682
700
668
700
700
730
700
702
700
716
714
668
666
684
684
684
664
668
698
718
734
702
680
702
732
714
704
680
650
684
680
650
636
680
684
700
686
682
700
716
730
702
688
694
668
684
682
682
650
668
714
718
682
718
748
784
768
718
700
698
750
732
716
684
680
670
682
670
682
652
698
734
734
716
682
718
766
768
780
716
720
734
732
734
680
684
686
714
700
650
634
616
586
598
600
698
770
798
718
700
698
734
666
666
632
386
316
252
416
266
432
268
434
266
446
288
400
264
404
264
450
272
460
284
484
298
486
294
504
302
450
282
488
296
484
296
468
282
500
302
434
266
468
282
402
252
432
264
432
270
436
264
480
290
410
252
420
262
466
286
482
296
506
304
428
266
468
280
436
266
482
290
362
266
348
252
300
300
316
252
464
280
438
284
434
266
400
266
350
252
378
252
368
264
352
252
364
268
384
302
362
270
382
300
348
266
334
288
316
280
330
270
350
316
300
298
412
340
416
654
696
688
684
714
732
762
720
716
686
670
662
650
648
654
650
662
670
696
682
718
716
738
730
702
686
712
672
696
704
714
730
730
658
664
682
682
636
650
666
706
726
672
678
684
704
652
660
666
652
640
642
652
664
664
688
700
712
706
666
666
682
690
694
664
684
682
702
686
664
638
662
686
716
716
736
730
738
736
744
716
704
678
686
718
700
684
666
698
714
722
702
682
696
718
698
640
666
678
702
722
710
686
666
682
700
674
662
664
684
638
618
628
650
666
656
678
698
736
732
702
652
666
684
700
698
632
650
650
670
730
736
668
638
682
730
766
782
704
732
728
738
718
702
698
698
700
700
686
682
670
726
690
732
734
714
716
722
746
720
684
634
618
630
634
650
654
680
704
716
714
700
684
670
680
684
666
654
702
698
714
718
702
712
718
700
686
698
684
700
714
688
664
636
666
682
716
686
700
648
654
664
618
600
584
600
586
630
650
750
768
804
796
816
768
766
652
636
696
656
676
652
622
646
632
654
698
716
752
766
734
748
734
736
732
684
698
704
700
716
700
666
648
654
632
618
616
634
668
666
664
668
718
716
750
686
700
700
702
716
652
678
670
700
684
700
650
684
714
718
748
720
734
736
746
732
668
668
682
700
688
694
634
668
682
684
702
698
684
714
720
750
750
716
718
732
718
716
682
670
686
664
636
596
582
566
566
574
574
550
570
582
574
612
604
660
638
650
680
636
650
616
634
632
664
652
682
684
700
686
698
666
698
688
732
716
716
648
654
632
618
616
596
556
596
584
684
768
798
750
718
650
616
370
262
268
314
252
362
254
382
318
350
266
486
784
848
770
762
786
732
632
652
400
262
338
312
270
362
618
586
614
668
716
736
764
702
666
650
616
632
650
634
652
650
678
650
650
682
700
736
718
732
702
718
712
702
702
646
668
632
650
666
636
598
582
568
582
556
578
602
600
614
602
620
628
650
636
648
616
602
614
584
582
554
552
562
548
554
530
514
518
554
462
504
548
700
716
756
466
280
254
266
252
260
288
252
266
282
252
582
350
350
260
356
264
386
262
288
262
388
262
338
262
354
268
332
268
332
262
388
262
484
700
716
654
732
718
746
752
680
654
682
702
746
764
686
636
634
680
650
666
600
650
634
686
710
690
664
666
666
682
670
664
618
620
646
652
682
684
684
682
686
650
646
636
638
674
622
648
648
636
680
638
648
582
588
598
584
350
268
600
646
636
666
666
670
666
634
680
620
378
288
300
314
284
334
272
344
252
364
270
350
252
346
586
648
666
722
762
768
750
666
664
652
686
698
696
720
734
734
702
700
698
670
632
632
650
618
616
634
668
698
718
716
700
718
716
716
706
696
666
616
572
350
294
270
346
254
396
268
416
252
436
262
470
284
500
316
464
284
468
284
418
266
380
254
420
260
434
266
418
252
430
272
418
616
632
624
656
678
700
684
698
646
618
640
642
648
604
620
618
644
652
664
680
546
590
586
612
590
464
566
616
664
638
628
614
592
614
650
648
650
618
626
654
644
594
614
626
638
656
668
668
624
648
626
636
606
610
610
604
636
612
582
630
684
762
794
798
798
760
740
670
668
656
640
650
590
546
548
612
678
784
800
824
826
812
790
762
732
706
698
692
682
682
672
650
642
630
638
654
662
682
612
660
654
664
672
656
642
634
620
586
594
604
644
684
702
724
720
648
662
666
706
698
712
716
702
684
654
670
644
658
646
648
672
628
608
594
594
598
622
704
738
708
606
606
596
668
730
780
766
734
704
652
696
612
622
624
588
592
590
582
590
592
614
592
672
668
696
696
700
692
686
696
688
670
670
590
602
610
634
668
680
720
710
730
712
662
690
702
694
730
674
724
746
778
778
718
656
642
654
660
684
672
658
656
648
632
614
596
614
626
652
662
630
654
678
676
652
656
680
706
718
726
720
676
620
628
626
670
666
708
644
632
618
668
706
768
786
766
754
704
674
646
630
382
252
618
630
640
650
676
658
626
606
634
588
572
592
570
360
252
580
624
636
654
674
718
736
744
732
706
708
678
632
618
640
664
698
734
732
710
692
654
652
642
616
602
594
630
674
726
754
766
740
688
652
668
664
680
682
682
634
678
708
722
694
654
628
682
722
770
762
686
624
670
670
692
634
644
658
656
674
658
642
622
594
606
622
650
680
686
700
690
704
746
748
724
698
638
622
614
628
644
634
654
674
632
610
636
656
566
558
334
252
586
678
792
812
802
768
726
700
670
634
648
602
590
578
548
554
586
654
808
826
838
782
710
730
776
838
842
836
792
718
662
648
686
672
670
648
604
602
614
628
632
642
680
644
648
682
666
660
616
598
600
598
616
646
672
674
700
660
624
628
642
658
684
670
622
626
646
650
662
678
652
644
612
620
624
636
620
622
640
648
656
668
626
646
646
656
664
646
678
730
648
668
668
662
658
624
632
492
598
588
602
612
564
554
610
650
650
688
712
688
688
648
618
624
590
602
614
648
692
718
728
730
694
634
636
666
698
694
696
712
764
642
602
626
616
580
554
496
512
560
576
570
610
580
590
610
632
654
626
574
568
588
614
616
620
628
616
612
612
596
584
564
602
630
706
754
786
794
750
752
738
714
698
660
670
684
690
682
684
634
616
658
722
800
790
808
746
634
684
686
700
710
676
622
654
676
682
676
610
606
608
600
594
586
590
628
560
594
606
590
544
592
546
562
562
574
550
556
554
514
554
510
522
542
468
488
518
500
496
504
502
514
518
548
568
584
584
550
566
552
566
598
640
596
618
652
680
614
602
616
618
616
566
552
568
582
612
552
554
600
634
662
616
618
618
632
600
554
582
580
570
562
586
602
664
634
620
646
682
652
634
648
636
596
552
566
550
566
540
582
612
570
582
598
602
598
554
332
280
270
314
286
318
280
334
252
332
252
368
264
384
300
362
288
330
552
616
618
634
614
588
632
616
632
602
648
650
686
618
616
612
602
534
532
550
550
554
564
582
584
584
568
584
596
554
614
602
634
632
618
616
650
550
552
580
604
634
646
636
518
566
566
582
584
566
568
518
564
568
554
548
330
252
484
498
550
488
522
526
504
534
536
562
596
602
598
632
662
690
668
614
618
584
616
600
568
552
564
568
584
564
564
540
548
550
532
536
554
550
578
602
546
570
582
538
578
350
252
564
586
632
650
682
686
714
700
690
694
686
650
664
402
280
254
382
252
430
264
438
264
470
300
416
266
416
252
450
666
716
718
714
686
714
650
652
648
666
700
706
698
730
684
650
634
618
634
630
618
616
600
602
614
652
666
634
648
634
648
634
604
600
612
602
618
648
650
668
650
670
682
714
700
698
652
666
654
662
634
650
634
630
568
570
596
614
588
614
600
622
598
570
562
584
616
648
620
684
514
316
284
252
298
252
266
252
296
252
304
266
362
304
378
602
614
566
620
600
636
598
584
564
338
312
252
350
252
364
566
568
562
538
548
568
548
570
582
600
634
634
634
664
816
884
920
882
834
834
760
742
688
634
622
638
656
638
588
612
684
762
796
826
806
804
776
720
696
648
652
652
642
646
644
624
798
824
798
724
660
632
608
618
610
588
586
590
574
578
590
596
598
624
612
682
730
742
830
728
732
654
584
582
544
544
518
532
512
524
510
516
526
522
538
554
568
558
560
580
554
578
594
582
588
588
558
534
544
526
516
510
504
520
512
514
526
504
520
522
516
544
516
534
518
526
496
534
540
542
530
540
540
540
514
516
552
582
596
566
520
530
564
442
266
566
630
574
538
556
584
350
466
294
470
626
618
578
634
668
588
568
640
650
636
606
578
614
610
624
626
610
596
610
582
576
604
584
594
580
570
580
586
580
572
574
528
532
576
546
580
600
584
612
590
612
576
614
588
598
586
604
586
592
596
598
572
584
574
576
590
600
604
606
616
588
618
560
576
584
598
588
598
586
588
580
590
584
624
608
610
604
608
582
590
572
582
590
596
606
610
614
608
614
612
604
604
608
610
622
640
622
604
580
562
570
622
632
650
604
614
618
650
630
592
596
580
574
596
530
572
512
524
528
316
252
512
562
618
630
618
602
634
664
712
738
738
744
740
720
688
670
640
620
614
596
578
566
556
568
610
668
690
680
682
642
654
644
612
598
602
586
596
602
612
622
640
658
666
674
676
666
676
662
642
634
632
628
644
628
636
650
660
662
660
666
670
642
656
636
654
648
652
674
672
672
684
682
684
672
628
624
618
628
654
626
604
592
598
594
610
644
670
682
662
624
616
582
616
604
596
620
614
624
606
618
612
616
576
578
590
566
594
610
608
642
640
620
612
602
610
618
622
626
618
626
588
588
602
624
640
686
728
716
706
692
664
656
600
572
612
630
646
652
656
650
652
626
632
648
648
642
652
648
648
618
600
584
610
628
668
700
662
638
644
634
602
624
616
646
658
654
610
620
660
612
618
672
700
758
744
676
694
672
704
710
664
634
640
658
686
690
692
640
640
650
698
716
692
698
704
646
686
666
650
626
618
570
556
546
530
526
514
542
560
640
668
704
658
638
638
622
646
656
664
642
628
598
614
594
588
584
608
616
614
618
624
668
662
646
660
634
570
600
642
750
776
790
754
680
682
728
726
736
756
748
678
696
694
702
702
672
660
692
696
696
708
648
668
712
718
720
672
656
630
622
610
584
554
574
612
700
754
778
782
764
764
700
700
672
668
652
666
632
628
672
700
738
730
646
604
632
650
698
666
684
710
746
734
684
724
752
766
750
740
706
698
682
706
708
742
744
714
718
716
704
656
658
686
718
736
694
670
646
664
648
718
740
738
698
664
692
714
726
740
776
770
788
726
700
698
756
764
756
702
740
776
808
782
716
706
706
702
700
696
696
710
732
730
720
732
738
758
748
728
744
736
714
696
642
682
716
768
730
698
732
770
762
706
748
744
738
690
652
672
680
666
684
646
668
696
688
644
684
686
714
730
728
716
676
700
710
732
730
758
730
772
786
806
820
774
726
756
774
790
766
734
660
638
672
718
774
768
778
806
812
788
714
706
712
732
728
740
706
732
716
712
658
664
664
624
626
614
672
730
732
770
730
738
748
736
712
682
636
650
696
748
780
746
676
708
738
784
808
768
710
688
674
692
696
718
738
756
786
768
788
722
696
728
794
776
804
718
728
764
750
700
624
596
530
598
616
690
746
748
722
716
706
708
706
708
710
722
728
746
756
750
768
740
752
754
742
720
718
686
736
710
734
730
726
748
720
752
724
736
716
702
642
654
672
700
646
620
666
668
662
612
618
634
690
698
694
714
706
694
682
650
654
654
662
656
628
630
690
714
736
748
726
640
628
636
638
658
694
706
690
670
670
702
696
668
678
676
662
676
638
658
688
728
750
774
776
770
704
662
652
676
678
668
696
734
732
728
666
622
630
612
628
632
640
636
618
600
620
614
608
602
596
594
606
610
592
582
608
642
678
702
710
680
644
668
684
722
730
698
702
710
716
712
670
684
718
744
680
688
730
758
774
692
670
694
724
736
728
726
692
712
742
760
776
730
698
736
764
770
772
776
722
738
750
760
714
678
718
732
782
808
748
766
774
754
712
732
730
700
654
690
708
728
696
660
652
622
642
618
616
620
626
606
612
600
612
584
566
574
568
562
592
554
610
646
628
656
630
626
620
612
650
680
690
660
642
640
628
626
622
660
692
718
732
702
642
704
728
712
704
646
618
660
686
758
806
792
776
782
786
760
736
684
648
664
696
806
802
836
778
704
692
730
744
730
718
662
630
612
622
630
654
684
710
736
750
708
678
680
648
622
626
644
694
710
724
704
704
638
656
678
740
756
726
672
700
734
768
768
758
700
708
714
742
746
718
716
740
794
798
780
714
656
648
686
722
748
730
700
718
740
736
722
710
706
730
756
762
728
706
730
768
788
774
722
748
758
786
786
758
732
686
680
644
648
714
784
836
806
772
798
812
770
682
638
622
622
646
680
688
678
678
662
638
618
618
574
344
326
614
648
662
668
668
682
680
686
668
666
602
612
664
698
742
760
772
776
760
760
752
780
758
766
732
678
720
764
794
816
752
678
666
742
772
770
710
658
702
746
760
776
766
720
748
766
780
770
772
726
686
730
770
832
828
772
662
710
722
750
742
742
796
800
702
660
670
688
678
658
636
624
624
626
592
568
590
600
614
642
678
682
694
644
650
644
620
600
596
610
620
612
614
614
622
624
652
620
614
632
628
598
600
586
596
604
586
626
656
674
698
700
704
704
680
638
630
646
628
518
558
556
570
556
586
570
590
644
658
654
686
720
732
726
684
652
626
588
592
602
624
598
574
574
570
538
612
740
768
772
750
706
682
634
600
574
570
570
622
726
784
788
780
784
786
766
732
708
674
642
618
648
666
696
738
768
766
714
640
640
636
632
650
672
688
690
688
682
694
684
678
680
660
610
584
594
614
632
632
644
690
712
730
690
632
650
646
690
688
692
678
690
700
682
700
706
682
692
688
656
664
694
730
738
712
646
644
662
688
696
666
664
724
708
694
662
676
718
708
712
666
594
630
626
604
584
558
596
590
588
588
556
546
556
548
578
624
656
696
702
702
690
680
658
630
632
610
638
634
648
656
710
732
726
712
666
648
616
632
630
616
628
626
626
622
624
600
604
640
680
718
750
746
682
680
684
680
672
678
682
664
646
674
712
760
782
800
792
738
686
624
622
674
744
794
814
784
718
734
744
728
732
744
726
666
678
712
734
724
664
638
636
660
714
732
776
780
730
730
728
714
692
692
676
714
728
744
760
726
694
726
746
744
744
706
666
666
710
712
624
594
608
610
624
636
682
690
670
640
602
620
604
618
638
604
590
582
596
592
618
702
702
706
696
668
612
666
712
690
672
660
618
614
608
606
618
638
686
688
640
712
784
790
788
706
692
696
698
676
640
632
660
650
672
680
720
712
688
660
660
618
616
602
626
618
604
582
574
578
644
682
658
660
670
666
658
640
636
606
612
572
556
580
612
656
756
788
784
674
706
724
770
704
684
648
636
582
586
590
568
612
670
650
658
652
576
612
628
624
604
600
618
610
566
606
600
612
650
704
686
632
580
584
602
646
612
622
616
630
666
728
690
756
776
764
702
678
724
746
758
768
754
698
736
750
814
820
754
690
672
688
668
664
646
660
662
636
652
698
706
742
732
720
684
702
688
678
644
622
646
684
730
766
706
640
606
628
652
688
744
684
648
634
670
618
672
624
532
560
566
576
594
650
720
774
746
730
686
624
634
632
688
764
828
788
734
702
638
616
598
570
546
572
604
636
724
704
670
714
742
752
750
728
704
706
672
628
620
634
644
706
772
778
792
730
738
748
774
748
678
652
630
662
610
604
626
650
632
674
738
776
780
692
694
726
658
676
640
622
608
604
612
620
624
616
620
626
604
624
608
574
586
630
624
606
678
676
642
640
628
594
582
590
614
576
592
604
628
642
678
726
756
772
750
684
658
690
710
716
724
722
652
684
672
706
656
662
716
776
794
718
714
738
752
742
666
616
610
608
644
688
676
618
512
570
624
696
690
716
710
710
640
630
600
610
576
582
558
564
594
658
742
762
768
724
728
740
722
732
734
728
698
714
714
734
732
722
728
738
718
676
674
676
700
724
728
680
676
686
698
698
640
628
604
620
648
728
742
742
738
750
752
722
684
666
658
664
696
700
698
648
634
642
680
702
736
736
728
712
664
628
608
596
576
576
594
618
612
598
614
680
714
726
726
680
646
658
668
650
700
718
734
730
682
686
646
628
628
644
662
678
656
640
612
626
602
594
588
540
554
560
550
538
516
528
550
590
612
588
594
594
596
584
602
602
600
580
544
598
646
662
712
744
684
638
560
558
552
578
540
554
532
592
606
676
738
764
734
738
758
752
740
732
696
650
626
650
686
716
652
604
608
602
604
600
592
624
604
632
640
656
672
634
632
590
626
640
644
640
632
606
568
558
534
546
540
556
592
578
572
590
610
638
636
636
636
628
586
600
590
586
572
586
524
548
556
616
654
636
604
648
714
724
654
664
686
706
668
638
640
648
604
604
608
578
554
584
572
570
584
564
556
338
260
556
622
650
692
714
734
724
724
696
636
616
614
634
706
748
764
746
662
620
588
616
654
684
654
620
636
616
652
664
672
690
608
614
628
640
666
682
672
678
692
708
722
700
692
666
632
636
660
694
670
652
634
618
586
578
598
606
632
642
606
554
590
616
650
702
734
738
668
662
670
670
608
622
622
650
630
626
634
646
682
696
678
634
646
670
662
642
648
650
644
652
620
644
682
716
738
732
710
684
668
656
664
650
670
670
662
714
748
746
744
730
726
706
638
570
546
580
676
748
798
808
784
758
754
722
704
672
664
680
714
730
728
740
722
698
678
630
632
606
592
572
546
552
550
578
600
598
608
654
654
640
608
596
596
570
608
634
646
680
644
602
604
578
590
598
630
672
710
718
720
702
710
704
698
700
680
694
670
656
634
622
634
678
690
704
696
674
644
612
604
568
566
570
574
608
654
696
696
692
694
690
702
686
700
682
680
660
658
628
630
614
620
638
652
702
708
768
800
744
726
702
674
662
626
626
640
662
658
684
672
674
648
654
686
672
644
644
644
624
636
630
646
662
678
656
654
716
762
774
730
664
600
624
654
696
774
760
710
636
584
534
564
588
608
660
678
716
704
690
754
736
700
616
578
592
656
682
684
678
642
598
570
572
584
596
656
696
692
678
642
620
600
568
568
592
634
678
744
748
772
794
798
818
726
702
698
680
648
636
662
690
718
726
682
704
730
726
718
698
716
726
736
670
652
616
646
664
678
704
688
648
624
636
680
734
730
738
736
696
674
654
654
646
638
638
644
658
630
702
710
678
678
704
696
668
648
654
684
708
732
722
718
656
670
692
696
722
690
678
700
738
788
802
776
716
672
666
698
712
662
626
572
570
610
686
748
736
726
672
668
642
614
598
594
568
586
602
620
620
636
