1334
800
612
470
284
582
586
636
402
258
252
390
252
390
252
1118
670
632
380
286
616
600
368
314
252
402
642
708
750
664
402
318
252
412
252
440
266
406
282
386
252
1704
1078
816
696
418
268
644
710
678
708
434
350
648
466
280
666
674
454
290
700
714
586
352
352
252
380
334
258
708
564
338
476
682
410
346
718
758
724
680
688
412
264
710
728
670
486
292
636
698
716
672
666
682
718
568
340
476
286
400
260
380
708
620
380
316
304
312
258
432
330
330
252
440
266
362
362
272
266
450
274
398
252
396
252
444
636
668
666
678
520
314
618
698
644
386
338
650
622
660
650
598
672
602
362
342
344
252
634
380
270
618
664
634
634
648
688
706
424
270
728
690
564
338
414
252
438
278
352
660
698
702
486
292
636
656
394
272
264
396
254
390
664
736
442
266
674
700
734
676
638
396
362
252
436
262
476
286
386
252
366
252
1870
1158
708
640
600
418
252
612
426
256
598
408
252
578
346
310
662
406
252
596
380
252
616
552
616
644
608
582
354
344
558
642
620
636
414
252
664
398
302
300
360
598
368
306
252
404
332
260
306
404
600
618
614
634
380
340
564
550
332
416
256
400
258
398
700
668
700
682
424
326
272
462
294
306
252
422
276
354
382
302
682
628
376
282
700
600
712
484
290
1332
1176
748
668
610
676
692
652
618
618
654
674
628
686
616
370
306
262
380
596
628
386
288
660
644
692
650
690
638
602
716
430
260
694
570
472
284
524
658
658
644
634
436
262
716
660
756
622
762
690
676
612
702
504
302
582
364
264
700
634
386
268
264
450
370
300
252
544
334
368
266
400
270
350
252
492
306
382
254
464
282
366
618
642
660
714
732
752
552
834
678
708
780
700
434
260
622
656
746
652
700
714
718
702
734
446
286
680
610
660
708
644
416
264
734
520
314
550
386
270
380
350
252
500
312
438
264
398
452
272
712
460
288
716
644
386
306
664
654
646
650
620
720
666
400
338
610
660
708
434
260
736
732
634
654
680
704
664
702
682
736
616
694
638
584
354
364
650
456
274
732
614
668
748
712
712
596
678
688
618
724
580
788
692
718
666
718
632
380
296
624
616
370
280
380
252
662
598
674
668
618
370
352
256
504
724
722
742
560
774
644
386
932
564
690
566
648
664
598
600
362
272
604
672
676
406
252
672
604
386
348
656
396
256
628
402
274
602
636
564
338
520
680
692
728
616
706
640
682
666
658
684
668
680
728
704
432
260
660
612
688
692
658
696
614
368
318
600
612
666
678
682
418
364
662
568
842
708
686
484
290
562
370
252
720
666
752
710
712
676
708
730
638
498
298
514
664
724
680
686
696
726
692
816
708
640
698
642
644
650
608
626
636
644
656
702
688
632
658
736
758
892
770
710
740
784
760
724
730
726
748
676
978
858
734
712
810
756
722
706
698
662
696
736
768
776
788
768
700
708
612
370
254
616
598
654
710
708
748
792
808
802
758
748
668
666
752
724
760
742
722
672
716
480
290
796
720
712
734
758
744
730
712
666
700
676
704
654
434
260
620
610
684
736
740
676
706
760
794
790
714
672
718
780
798
762
704
778
772
774
714
678
624
636
652
690
638
682
676
784
840
766
684
794
816
786
730
760
678
680
700
640
674
672
684
626
638
622
642
716
614
644
712
708
780
774
762
714
716
700
672
714
704
704
690
684
742
800
862
854
818
840
506
304
748
628
614
632
606
708
806
748
752
822
862
744
696
706
738
742
722
684
666
402
312
328
374
640
662
402
306
322
306
290
368
644
448
268
700
632
694
728
774
774
708
726
738
740
748
740
680
696
678
704
596
686
648
640
664
724
436
262
636
596
432
276
720
672
634
666
716
730
760
732
730
666
404
338
270
438
272
436
656
630
506
304
578
660
688
660
656
646
714
716
662
642
660
622
608
642
672
670
694
686
676
420
280
328
404
304
444
274
462
646
658
704
740
764
476
344
832
746
614
882
756
742
516
310
668
716
748
848
802
714
436
296
282
432
694
418
300
632
636
684
676
738
684
638
406
414
760
550
332
530
320
440
266
442
266
460
288
344
670
406
302
304
398
762
660
404
264
672
656
630
634
668
698
686
668
658
522
314
586
688
704
732
754
712
732
772
752
764
636
876
762
726
680
734
744
726
742
772
818
912
848
792
480
290
714
708
768
724
434
346
694
650
646
688
660
610
450
272
560
602
646
636
664
638
382
284
318
364
316
386
252
496
298
454
284
434
264
418
252
414
252
432
266
454
280
480
704
732
736
448
268
700
516
314
596
358
480
302
518
314
520
334
502
302
550
332
446
268
434
262
454
280
468
768
850
850
780
740
448
268
700
434
314
252
400
252
480
290
478
286
498
298
534
320
480
298
402
252
466
280
434
266
484
290
460
284
402
316
334
252
430
266
450
284
418
266
400
252
430
636
382
282
634
386
348
366
400
350
334
252
482
290
508
772
464
316
666
700
732
768
718
670
714
782
802
716
636
382
282
666
682
690
644
724
466
280
666
404
252
660
668
732
754
618
370
362
298
336
268
392
306
266
252
432
304
378
652
698
668
684
680
670
654
392
300
656
404
252
612
566
646
654
682
676
776
752
702
680
716
730
756
732
652
448
268
636
648
736
448
302
730
686
680
740
714
734
718
714
652
666
656
630
638
618
626
422
254
724
676
580
766
750
768
466
328
690
614
700
688
416
280
702
680
638
666
732
728
660
708
674
716
718
702
634
418
280
716
692
678
434
260
676
640
708
702
616
416
252
680
616
676
408
284
622
600
416
276
702
692
698
666
406
278
616
666
688
636
714
652
610
674
614
668
650
684
702
570
346
588
642
738
750
742
542
882
734
748
706
732
750
764
800
722
694
726
558
456
306
706
680
764
728
700
724
434
274
708
724
702
656
450
272
578
614
724
742
786
580
350
646
480
290
806
756
456
274
714
744
740
736
734
718
430
342
778
748
652
400
270
612
706
738
788
842
802
710
712
748
748
712
458
274
742
684
748
694
696
688
632
694
642
386
844
636
644
674
672
744
772
820
736
720
752
788
798
756
750
738
748
754
718
706
738
742
732
676
684
716
466
290
708
692
728
760
764
698
652
620
646
656
682
708
742
658
804
804
804
580
350
602
686
726
666
686
608
656
656
588
600
648
646
632
380
262
640
648
402
256
664
610
652
678
726
772
756
772
676
690
646
676
692
682
756
730
692
728
738
708
754
686
682
676
736
720
700
704
768
778
702
678
686
718
724
734
728
754
740
660
648
676
714
750
772
710
754
466
316
738
662
678
598
608
624
598
680
702
754
770
758
714
660
722
734
716
682
644
668
678
732
688
682
682
634
686
688
676
698
662
678
638
672
670
644
608
620
602
646
662
628
674
626
710
710
688
670
620
656
672
686
694
650
622
652
656
638
594
634
386
514
846
834
798
762
774
750
730
714
708
660
398
324
700
706
742
776
804
818
802
718
734
746
728
446
290
736
728
706
438
298
740
712
740
736
680
718
608
378
274
288
364
626
618
628
606
634
626
608
652
676
732
730
656
658
734
710
726
676
610
630
676
652
708
634
386
284
712
738
756
758
676
670
724
726
726
692
686
696
704
730
708
716
730
788
812
810
710
692
734
724
726
654
652
692
736
758
694
708
706
708
704
664
690
706
738
696
612
702
712
516
310
702
676
716
684
732
714
658
612
660
660
400
288
720
686
668
720
748
696
682
616
660
714
698
658
710
734
708
786
704
770
690
608
670
636
626
626
598
606
644
712
706
692
700
726
704
774
712
630
734
714
702
692
696
706
726
724
698
750
612
800
728
740
450
316
746
740
690
660
668
708
728
726
692
418
332
762
772
814
730
772
740
804
772
704
626
678
690
692
716
650
646
712
706
676
652
698
724
732
684
692
416
324
732
706
636
386
322
274
460
714
724
692
652
680
662
398
278
652
602
638
658
676
710
650
698
744
760
740
660
676
620
676
674
642
674
666
704
674
654
684
682
676
680
682
682
660
656
468
280
654
686
728
644
738
754
760
724
686
694
704
714
434
306
690
596
666
668
692
692
678
728
778
780
558
334
596
656
712
708
628
692
688
738
724
672
736
744
732
642
676
644
386
260
634
646
706
738
700
642
706
708
710
696
636
676
712
750
754
708
726
438
348
794
788
766
746
628
704
692
726
748
646
694
724
744
740
756
650
660
696
744
722
676
642
662
664
702
720
674
692
666
676
418
306
700
658
684
718
730
692
702
664
722
734
732
676
700
686
704
708
684
650
700
744
750
716
672
706
740
752
736
700
636
634
660
666
716
726
630
672
682
692
666
694
656
714
728
756
700
780
768
770
768
718
620
738
712
760
764
742
698
724
756
748
698
640
704
696
720
682
410
330
306
458
298
480
756
708
710
748
748
766
678
662
670
678
406
252
648
538
664
630
596
612
644
644
626
644
634
588
386
252
638
386
252
572
