616
646
606
634
662
698
686
504
362
252
580
552
332
286
448
632
384
252
574
526
568
562
602
622
598
600
668
598
668
616
550
366
252
566
584
630
634
600
606
592
554
570
596
536
602
496
524
526
318
268
306
258
590
660
650
636
648
602
566
354
252
528
552
580
586
632
630
634
698
562
350
292
552
584
350
252
564
534
516
318
252
564
716
730
560
338
676
544
476
440
470
284
1268
1088
652
456
548
522
534
548
566
580
552
334
252
582
632
616
620
632
682
702
752
764
750
704
648
602
596
604
616
698
650
634
622
628
668
632
632
636
598
588
580
584
586
598
600
614
652
616
650
616
588
580
588
594
602
616
634
634
582
604
532
334
252
300
252
252
310
282
300
252
350
266
300
252
346
252
352
272
358
252
350
252
396
268
364
252
350
252
334
284
314
252
300
252
328
254
302
252
326
252
300
266
300
252
314
252
318
266
266
252
348
252
314
252
300
280
268
318
252
514
558
576
352
252
548
614
692
778
748
782
652
650
398
252
616
618
666
652
666
634
600
590
624
570
702
678
702
702
668
402
252
562
550
616
668
716
732
700
654
614
632
634
618
600
602
364
266
568
582
370
262
622
716
696
702
652
632
558
344
252
514
338
252
276
300
286
316
664
750
690
662
618
390
276
252
398
252
364
252
350
252
330
252
330
252
316
252
316
252
330
252
350
252
366
252
400
282
380
252
416
252
398
252
348
252
398
252
430
266
420
254
464
282
368
252
380
252
414
252
416
258
386
258
400
252
382
266
336
266
332
252
398
284
348
252
382
268
382
252
350
252
348
252
396
252
400
254
396
252
398
252
332
252
348
252
350
264
366
268
352
264
352
252
362
252
374
258
386
266
418
252
432
264
386
266
384
252
404
256
422
254
410
252
380
252
368
252
398
266
386
252
378
286
316
252
366
252
362
252
332
258
326
252
348
252
334
264
318
252
316
252
344
252
350
252
356
256
386
252
382
252
334
266
334
252
264
252
448
268
348
252
348
252
348
252
330
252
300
252
330
252
282
252
346
256
346
252
364
252
384
252
348
252
316
256
344
252
398
252
464
282
436
262
370
270
330
252
346
254
332
268
316
252
300
252
328
252
316
252
272
256
302
252
268
252
298
252
328
252
398
252
504
312
434
634
682
720
434
382
252
516
310
454
272
428
256
442
268
416
252
434
282
398
274
380
252
364
268
334
266
368
252
378
252
366
266
316
284
300
252
334
266
314
252
332
258
400
258
468
280
420
268
368
266
400
252
398
264
436
262
404
266
416
252
406
258
348
254
332
252
386
252
394
266
338
262
348
252
386
252
448
268
480
298
354
252
396
252
430
268
384
252
414
252
434
264
384
268
400
252
398
252
412
252
416
252
384
264
336
264
352
252
396
252
398
252
366
252
348
252
334
266
316
252
346
256
348
264
348
552
582
566
576
622
590
662
636
600
598
602
598
600
602
602
600
564
536
332
252
550
632
684
718
698
636
614
606
612
368
252
582
550
578
568
568
550
584
568
584
352
252
530
564
568
574
356
270
266
302
252
296
252
348
252
366
318
414
252
252
252
252
464
304
252
298
252
296
252
266
252
252
278
252
300
284
264
286
268
266
280
252
284
252
296
252
300
300
252
252
312
252
314
252
316
252
314
252
332
252
314
252
364
252
332
252
364
252
390
260
384
252
380
266
354
264
366
252
356
260
350
252
330
252
316
252
348
252
314
252
332
252
298
268
364
270
332
260
324
252
314
252
352
252
358
254
334
252
348
252
364
252
338
258
334
252
316
252
302
262
332
252
338
256
352
258
364
564
584
556
582
586
626
624
626
592
610
584
350
252
264
334
252
350
264
350
268
332
268
334
278
338
272
314
572
594
590
596
614
608
624
596
610
592
644
614
598
596
614
584
584
594
588
568
564
564
584
586
590
590
586
612
640
630
644
590
576
564
582
582
566
568
560
524
542
562
568
636
634
666
690
680
654
660
656
600
592
580
598
620
642
616
584
588
606
666
658
620
606
622
654
672
662
618
582
568
560
578
612
632
640
656
656
648
654
622
608
574
582
602
634
642
656
658
648
614
606
596
590
594
594
624
616
618
632
620
558
590
576
620
616
672
622
598
588
606
626
622
584
586
612
626
650
634
624
590
614
606
618
622
614
614
616
622
626
634
600
564
586
586
608
608
650
606
570
592
618
632
650
644
600
580
584
596
564
566
562
562
576
570
574
610
612
604
602
596
588
610
610
630
618
628
590
594
612
630
644
650
654
618
604
594
610
614
626
628
642
662
688
692
654
616
624
632
676
640
654
650
668
660
612
618
612
642
644
612
612
604
618
590
570
560
584
594
656
608
620
598
636
656
630
604
598
610
618
636
636
650
620
632
604
604
612
586
580
538
570
588
646
726
776
774
710
702
702
678
660
642
642
588
588
576
584
578
578
578
632
696
702
724
680
650
624
606
616
588
584
584
618
590
598
598
672
678
694
640
642
636
662
632
618
618
650
652
596
610
626
636
658
610
634
636
656
628
636
638
680
664
640
650
632
626
626
616
614
564
574
576
570
596
602
654
700
712
700
682
676
648
634
618
628
622
624
608
626
630
608
548
556
534
568
694
766
794
798
760
730
694
662
642
626
616
606
602
614
628
634
642
650
672
672
696
702
680
670
642
618
610
582
586
562
568
586
586
626
638
644
632
590
572
588
648
728
770
746
674
650
644
650
650
614
606
610
638
628
620
620
620
620
640
650
634
640
614
622
638
634
648
610
598
602
614
626
628
644
644
612
624
618
612
590
592
574
578
608
638
646
632
594
612
638
682
662
674
616
616
628
644
644
654
632
614
626
652
674
620
644
654
682
670
628
598
606
614
622
644
556
616
594
642
598
634
616
594
598
606
634
650
666
650
618
600
616
610
648
638
674
662
616
592
588
606
604
598
590
618
660
668
676
666
660
638
602
590
604
608
616
624
620
626
604
580
612
650
708
708
682
686
658
642
618
624
612
618
630
646
656
676
656
662
658
666
680
622
610
620
658
694
700
644
648
666
662
636
620
624
638
654
630
626
646
680
686
648
658
658
670
660
632
618
618
634
636
610
626
654
698
672
654
650
650
672
644
656
630
632
620
628
628
666
646
644
616
630
652
648
614
632
670
694
704
662
654
642
654
640
624
632
660
666
706
664
686
670
722
722
718
684
680
672
680
618
626
636
646
636
620
624
642
664
636
632
646
670
700
688
642
648
656
650
618
604
610
628
640
608
622
640
668
700
682
666
662
678
660
614
622
640
656
652
636
616
634
646
628
620
620
584
592
572
584
598
598
626
630
666
664
630
650
618
670
664
634
626
664
666
628
620
610
654
664
626
648
670
678
648
626
642
644
640
610
612
614
626
646
650
590
624
626
658
628
614
624
654
668
644
652
636
670
674
632
624
614
620
644
624
594
624
648
672
656
650
652
660
660
608
614
616
622
618
586
596
630
676
616
652
634
662
688
668
668
660
670
672
652
604
626
628
652
644
650
648
668
652
650
612
628
658
682
710
718
694
720
720
720
674
664
686
682
682
682
670
632
636
642
638
668
648
648
676
720
688
650
682
682
702
664
650
666
668
670
654
602
578
604
642
670
684
662
680
716
744
732
682
666
652
652
666
650
630
632
642
660
672
634
644
666
680
670
638
638
642
644
618
590
586
620
638
638
614
612
588
636
624
624
594
616
658
646
642
596
596
594
590
560
552
552
552
554
642
700
728
670
652
642
638
636
612
578
612
620
666
682
698
692
650
670
668
686
666
634
642
624
638
630
636
610
628
656
704
712
638
608
602
634
610
602
576
578
606
586
608
578
600
612
664
638
664
642
614
594
628
638
662
654
618
612
632
646
644
656
634
630
646
686
674
694
620
638
622
664
650
646
618
626
648
668
686
684
614
672
650
700
684
618
632
636
680
668
720
664
684
696
672
616
618
640
642
420
254
628
646
644
716
692
684
692
680
710
670
650
650
652
632
634
616
600
614
672
716
732
716
668
650
684
650
614
606
646
636
636
638
658
650
650
618
618
582
568
602
620
630
618
564
340
252
508
342
274
270
446
268
500
304
492
750
762
686
612
604
568
568
554
564
566
578
574
608
594
630
626
612
624
610
620
594
642
696
696
658
662
646
616
642
642
626
662
660
662
652
654
638
614
598
590
590
604
612
604
604
616
652
688
634
608
628
632
598
578
572
586
586
622
628
658
634
648
648
652
702
732
702
684
666
622
628
590
558
578
608
600
622
630
662
666
610
620
604
618
642
616
620
612
632
624
616
604
626
648
682
682
682
642
622
618
626
622
600
582
590
592
638
622
644
608
584
616
616
648
612
618
620
640
628
618
600
630
628
632
618
610
652
604
648
606
652
600
646
620
616
610
638
666
678
632
628
650
656
578
588
610
570
572
574
580
614
590
596
608
624
616
596
578
580
612
610
646
606
622
636
676
696
682
648
656
682
654
636
628
632
646
648
630
632
646
650
636
612
620
632
648
648
584
598
588
616
608
642
660
744
722
662
680
682
660
636
654
626
640
632
596
594
586
598
586
558
560
572
586
598
608
648
700
668
658
684
708
700
658
652
662
656
622
630
634
644
654
622
608
642
632
658
620
634
640
668
636
616
610
638
678
632
600
622
662
638
654
658
648
608
596
598
358
280
270
354
298
346
256
362
296
316
586
624
636
662
688
678
632
578
598
620
610
624
666
638
628
632
632
634
654
650
618
638
634
616
604
602
606
638
662
598
648
582
664
630
648
618
614
624
634
638
640
602
610
616
614
614
582
574
574
564
588
602
592
572
614
624
622
592
584
600
612
630
650
598
626
640
670
648
618
616
630
644
638
664
604
618
622
620
646
620
604
646
618
716
636
624
612
632
622
564
624
576
596
590
586
574
574
586
574
592
612
642
624
606
618
644
662
672
618
606
606
618
608
606
604
626
644
658
626
618
630
648
674
664
610
608
610
648
668
632
648
688
696
658
600
366
262
318
318
618
648
616
644
664
684
644
628
640
676
694
668
660
672
680
672
658
670
614
640
634
648
630
620
588
596
630
640
662
642
624
618
632
646
632
626
642
616
678
628
630
616
626
642
664
654
634
700
692
674
688
644
636
638
648
396
254
648
646
652
642
644
676
684
638
606
648
640
652
618
596
590
598
620
612
596
572
596
616
574
578
582
608
650
694
746
748
730
678
652
658
634
650
634
614
636
622
654
612
648
628
644
682
698
694
716
704
712
666
642
640
622
662
634
622
604
600
622
618
618
614
628
688
696
686
676
674
672
628
618
634
638
644
602
622
628
652
596
634
384
270
634
646
632
634
648
638
612
606
632
616
640
628
620
628
632
638
678
616
652
650
630
600
600
602
634
652
650
650
644
608
562
556
630
796
814
788
780
756
728
684
642
608
602
608
590
596
594
608
602
614
646
684
822
872
876
818
806
780
748
672
602
584
578
592
588
604
596
600
584
600
598
590
600
586
584
596
578
574
572
552
554
552
550
532
536
542
538
586
624
636
616
634
608
606
588
604
574
568
582
566
586
592
580
604
610
614
604
638
596
584
542
326
298
268
312
256
364
264
372
268
346
270
342
260
374
618
652
644
618
582
594
614
602
592
558
540
570
594
634
638
616
600
614
584
628
640
652
646
644
640
602
564
584
598
618
646
666
678
684
654
644
602
620
622
618
630
628
626
634
670
654
644
608
628
630
638
626
584
630
628
642
640
634
628
652
628
596
598
604
626
624
614
588
618
614
626
592
574
598
616
612
604
598
626
636
660
608
580
590
582
592
594
620
632
602
532
532
556
568
554
578
574
554
510
530
532
556
568
596
574
578
636
616
614
598
600
592
598
592
614
652
674
700
688
694
644
644
630
584
596
564
572
556
554
574
582
616
664
648
612
368
252
564
552
530
320
380
252
448
268
430
260
450
294
416
252
464
284
432
270
412
268
388
282
364
252
316
252
330
252
334
252
330
252
330
252
300
252
312
252
316
266
332
270
412
254
482
290
494
298
502
302
482
290
478
286
478
286
482
296
454
282
482
290
460
302
418
298
408
274
380
276
360
302
310
590
578
566
574
586
638
700
724
724
702
680
638
640
660
606
544
576
560
570
576
634
662
660
638
622
650
622
576
602
600
620
724
760
770
752
714
654
656
636
610
636
592
608
586
576
578
582
596
586
612
648
690
678
702
656
588
596
620
646
650
670
676
658
654
624
650
608
586
604
588
586
622
614
602
604
578
588
604
598
600
614
614
606
596
590
594
582
550
562
578
608
646
630
646
642
656
660
646
602
566
566
578
584
576
572
550
546
522
528
608
786
756
764
776
750
706
662
664
636
652
638
638
616
596
568
576
584
570
570
562
568
582
612
620
628
618
600
610
586
570
554
552
548
560
564
542
540
532
534
518
504
512
522
568
560
536
536
560
582
616
618
626
622
614
598
602
618
624
652
678
652
686
676
700
682
684
666
642
622
594
620
616
620
640
638
624
610
604
602
576
580
578
570
586
586
640
628
608
600
602
598
626
596
596
612
586
572
572
548
556
528
518
512
556
614
732
752
752
782
674
708
722
748
742
734
724
674
636
578
606
636
684
714
750
724
664
650
700
700
682
658
618
570
596
604
636
652
626
594
582
598
598
622
632
638
650
658
654
690
656
628
592
568
564
422
254
456
278
268
252
290
254
296
520
578
596
640
690
726
676
606
632
682
758
796
738
708
706
688
666
644
642
664
700
652
658
662
712
714
708
698
648
648
638
650
658
644
614
626
654
720
708
700
718
720
672
580
594
574
570
562
556
562
538
538
570
530
486
532
512
514
580
552
612
602
630
602
594
558
562
568
540
574
540
572
550
552
586
596
580
638
686
786
790
756
736
748
790
758
722
716
714
712
686
658
678
692
714
704
686
650
662
670
682
680
650
618
610
648
642
614
596
566
654
684
732
726
606
608
592
618
638
658
690
692
688
690
676
660
636
606
640
694
764
758
758
738
752
692
682
660
702
662
638
600
596
620
676
704
710
656
690
702
712
658
658
662
684
720
682
652
636
630
640
626
618
586
572
366
256
584
610
634
680
694
712
678
650
636
580
604
590
650
606
640
656
672
630
612
622
664
676
636
622
626
662
642
634
630
638
638
612
602
608
622
638
642
602
550
540
514
576
696
678
672
708
684
666
632
604
550
336
252
518
310
252
502
518
550
598
606
622
654
664
624
630
552
580
558
600
612
650
704
726
690
650
642
610
624
616
584
610
578
584
544
542
528
538
558
578
620
590
612
616
646
692
696
680
640
626
598
592
594
586
582
550
562
496
526
552
580
576
608
622
676
780
796
778
726
676
618
584
594
570
574
576
586
558
560
586
634
692
730
720
682
686
710
720
716
702
692
652
634
646
680
714
716
726
728
704
694
650
666
590
598
610
650
704
724
706
616
612
618
640
632
656
660
622
612
606
602
610
638
622
610
630
634
708
698
726
646
628
610
624
594
600
566
566
552
564
576
578
594
572
592
582
568
558
538
326
252
522
544
524
538
578
604
668
670
640
618
638
620
638
648
638
626
622
598
576
580
582
590
602
638
580
562
588
624
616
604
632
672
682
640
646
638
664
654
644
628
628
630
624
646
646
608
588
600
638
644
680
682
682
686
618
576
586
584
636
662
650
624
612
618
588
574
572
556
618
644
730
746
742
730
712
694
658
662
644
636
628
650
630
632
620
626
620
642
644
656
652
640
634
626
600
608
606
606
608
638
666
662
640
652
612
632
596
582
602
598
582
592
598
610
600
572
614
602
594
568
590
598
628
628
630
610
594
594
564
556
562
486
512
542
556
604
614
642
652
674
634
658
648
674
668
694
718
752
754
744
732
702
684
656
670
706
758
674
602
606
620
612
604
666
666
632
656
664
700
698
660
638
652
666
672
626
584
574
572
596
622
616
642
638
626
612
582
604
572
560
558
602
650
698
694
670
660
654
642
650
626
622
606
598
594
616
642
694
682
648
586
594
356
252
556
602
700
796
766
766
720
698
632
598
584
594
588
620
630
682
726
764
744
746
758
744
784
746
718
680
652
626
620
580
576
528
544
532
550
550
524
516
524
584
570
584
580
588
586
570
568
564
574
606
632
624
646
594
608
570
570
536
326
252
512
546
584
610
634
654
686
690
668
600
612
628
712
780
786
774
748
726
664
608
576
570
596
614
654
704
744
742
720
720
686
630
610
370
274
252
392
254
428
306
480
748
772
748
750
704
698
586
596
620
648
726
758
776
740
700
698
652
458
274
516
310
308
252
398
268
400
252
466
280
448
672
680
604
598
358
274
270
382
694
708
714
702
684
678
620
646
634
652
654
662
652
680
670
636
596
568
350
264
552
630
672
720
766
746
720
684
632
630
636
634
648
676
690
662
640
634
662
702
702
680
624
596
596
570
578
604
610
584
558
586
636
698
726
718
660
602
622
640
650
684
678
632
594
572
602
612
656
650
650
650
658
640
602
598
568
562
564
566
574
568
566
566
340
252
528
550
562
584
614
654
716
736
726
704
718
700
666
568
596
358
252
506
530
552
582
638
664
642
632
652
668
722
662
616
634
616
660
656
626
588
592
608
672
670
638
654
690
708
736
726
704
678
666
674
634
610
616
638
678
674
680
680
718
740
690
680
680
696
670
648
624
632
636
672
672
654
692
674
726
710
698
636
654
664
680
684
678
692
728
732
736
710
668
676
434
276
262
452
272
420
620
686
666
674
618
648
660
688
676
630
646
654
646
642
614
626
638
652
656
662
656
652
622
606
626
636
650
674
656
628
640
500
302
590
628
676
626
638
648
674
640
650
648
664
662
662
626
646
644
652
652
628
624
652
670
706
706
662
672
652
656
634
594
600
608
636
638
614
648
688
638
626
652
684
636
650
632
630
588
614
604
602
606
578
562
588
604
598
606
618
586
544
574
586
604
666
710
710
676
676
662
672
648
668
662
632
638
668
696
724
694
720
726
734
712
672
674
686
710
664
660
672
682
704
716
666
682
688
702
674
622
614
630
652
702
684
652
658
660
668
660
630
630
652
648
642
592
620
634
642
660
632
632
668
686
648
620
628
646
654
670
626
658
676
690
436
262
614
648
706
718
748
678
656
644
622
600
582
564
590
618
688
726
710
720
762
794
768
768
766
774
784
782
746
710
672
672
666
652
620
644
638
656
686
656
644
674
710
712
642
664
678
720
684
666
670
712
742
736
664
634
618
634
636
652
654
646
620
632
628
652
688
706
696
706
660
650
676
682
680
652
660
670
696
666
636
604
570
534
554
650
758
780
778
732
694
674
620
598
580
574
556
554
570
606
642
648
654
640
648
620
626
602
604
572
588
600
640
664
716
694
690
644
626
604
600
594
602
604
604
594
584
572
580
590
596
574
572
546
570
580
614
620
646
648
650
624
614
606
596
596
584
588
576
568
582
600
596
614
608
560
584
598
620
660
656
610
592
582
630
646
652
642
612
598
598
614
600
590
596
602
620
638
626
640
624
654
640
614
632
628
658
664
672
624
612
618
622
620
606
620
632
694
680
682
660
690
702
698
668
666
630
638
620
606
610
626
640
662
624
626
636
646
652
666
644
648
626
642
632
622
608
608
600
552
340
252
544
584
598
652
668
614
594
606
638
640
648
636
626
624
610
630
622
634
640
648
660
680
696
656
652
658
676
666
638
614
628
620
686
732
700
732
774
762
656
710
688
724
716
690
704
706
698
694
666
700
670
702
684
650
682
686
704
692
650
644
668
670
688
634
654
648
696
702
654
696
694
724
706
680
678
680
696
686
666
642
640
654
672
674
654
648
648
676
674
690
632
666
652
688
640
612
620
628
634
620
616
646
646
672
624
642
632
662
650
590
602
580
584
562
562
562
568
568
568
562
618
610
618
582
570
556
554
540
542
580
586
594
620
664
718
710
662
682
708
718
706
636
620
614
642
614
622
592
562
574
590
622
642
662
672
668
700
666
632
640
648
644
636
590
590
574
614
652
686
680
616
646
664
676
670
630
584
582
582
600
654
670
688
562
646
666
642
638
632
608
622
612
608
614
604
616
614
618
574
550
566
598
624
662
614
584
516
590
692
752
744
700
628
614
622
616
582
568
548
544
560
570
564
564
556
540
556
540
512
530
528
506
500
506
528
536
522
510
534
514
536
510
500
490
478
476
484
496
508
522
518
530
534
576
586
634
712
732
746
762
766
786
768
772
754
670
590
594
664
800
792
782
784
768
750
734
736
698
652
660
684
706
678
648
662
696
726
734
718
676
654
672
684
682
694
706
694
626
596
580
624
632
712
760
766
720
732
726
726
714
704
680
684
694
696
692
658
662
700
714
708
668
636
658
694
728
670
688
690
720
690
644
652
622
626
630
642
652
672
674
644
706
718
742
694
702
706
704
684
666
670
690
708
680
696
698
724
714
672
698
698
708
654
618
610
626
628
600
602
654
694
716
702
696
740
732
728
696
622
618
610
628
660
656
636
606
636
636
642
600
588
592
622
576
586
588
620
636
642
650
636
608
594
600
628
630
630
618
600
564
564
616
674
712
704
718
736
714
714
690
680
620
558
534
536
590
650
708
724
712
644
646
582
596
626
648
688
690
694
668
672
664
650
654
650
650
658
674
678
692
706
698
700
688
676
656
662
656
642
646
668
660
630
594
620
636
660
674
666
662
656
648
622
616
608
618
626
632
636
642
674
648
686
716
708
660
634
636
650
650
648
620
622
622
622
580
544
560
556
552
554
568
530
542
574
558
548
542
534
528
540
546
566
570
580
590
606
600
598
596
622
646
652
666
638
616
588
604
610
616
604
620
610
600
590
608
608
594
568
580
564
562
562
570
592
550
572
594
616
630
628
644
640
610
622
646
662
670
682
680
654
630
636
654
682
710
700
688
662
654
678
690
712
710
678
656
660
652
638
650
596
584
580
588
618
616
650
644
636
660
686
694
686
704
692
688
676
636
604
584
592
592
614
640
654
636
658
664
674
648
636
638
628
622
606
606
604
612
664
718
760
744
752
706
702
684
656
626
622
598
580
596
612
642
664
654
636
628
682
706
724
688
648
654
648
664
666
616
600
610
612
630
630
632
616
618
636
662
688
664
634
664
660
678
656
626
610
620
640
646
652
640
594
582
578
586
598
614
616
646
678
714
718
716
690
694
684
702
668
644
618
614
624
642
662
658
660
678
680
646
634
638
658
654
634
642
648
666
630
604
604
618
648
646
642
662
690
694
644
634
654
660
676
670
640
600
606
636
658
682
698
642
638
674
730
730
714
698
630
638
654
646
642
632
618
598
586
602
624
662
676
660
640
624
644
634
630
610
620
636
660
650
638
634
642
648
630
640
620
602
608
624
630
636
604
622
614
598
614
622
654
646
646
610
638
654
638
618
634
590
594
588
596
592
618
614
582
612
624
658
628
644
670
670
662
630
606
608
602
598
588
574
562
580
596
588
578
568
576
616
640
634
618
594
570
600
606
618
602
600
530
542
546
560
568
594
624
628
612
606
596
580
582
606
632
664
690
698
670
614
622
662
678
706
700
680
614
620
636
650
668
672
650
638
596
582
606
620
646
662
644
606
600
606
630
648
668
676
666
660
650
632
616
618
622
638
612
596
632
668
712
736
740
694
702
694
698
684
664
622
626
642
620
616
578
600
650
738
794
770
774
730
718
702
690
668
674
670
654
616
614
624
662
680
696
690
682
644
632
632
612
602
556
552
544
466
332
252
518
590
626
620
600
610
600
566
576
588
598
616
620
642
626
600
598
610
624
668
658
648
648
622
608
564
556
556
586
598
636
624
660
664
658
658
660
762
748
740
692
684
670
662
664
